1135
0
854
281
693
442
612
523
579
556
570
565
569
566
568
567
1134
1125
1084
1075
914
905
864
855
280
271
230
221
60
51
10
1
1116
1111
1098
1093
896
891
878
873
262
257
244
239
42
37
24
19
1106
1105
1104
1103
886
885
884
883
252
251
250
249
32
31
30
29
692
687
674
669
636
631
618
613
522
517
504
499
466
461
448
443
682
681
680
679
626
625
624
623
512
511
510
509
456
455
454
453
578
577
576
575
574
573
572
571
564
563
562
561
560
559
558
557
14156
14157
13946
13947
12656
12657
12446
12447
3236
3237
3026
3027
1736
1737
1526
1527
13826
13827
13736
13737
12866
12867
12776
12777
2906
2907
2816
2817
1946
1947
1856
1857
13436
13437
13406
13407
13196
13197
13166
13167
2516
2517
2486
2487
2276
2277
2246
2247
11906
11907
11876
11877
10406
10407
10376
10377
5306
5307
5276
5277
3806
3807
3776
3777
11696
11697
11546
11547
10736
10737
10586
10587
5096
5097
4946
4947
4136
4137
3986
3987
11456
11457
11366
11367
10916
10917
10826
10827
4856
4857
4766
4767
4316
4317
4226
4227
9806
9807
9716
9717
9566
9567
9476
9477
6206
6207
6116
6117
5966
5967
5876
5877
8966
8967
8936
8937
8426
8427
8396
8397
7286
7287
7256
7257
6746
6747
6716
6717
14128
14129
13978
13979
12628
12629
12478
12479
3208
3209
3058
3059
1708
1709
1558
1559
13798
13799
13768
13769
12838
12839
12808
12809
2878
2879
2848
2849
1918
1919
1888
1889
13618
13619
13528
13529
13078
13079
12988
12989
2698
2699
2608
2609
2158
2159
2068
2069
11938
11939
11848
11849
10438
10439
10348
10349
5338
5339
5248
5249
3838
3839
3748
3749
11728
11729
11518
11519
10768
10769
10558
10559
5128
5129
4918
4919
4168
4169
3958
3959
11278
11279
11248
11249
11038
11039
11008
11009
4678
4679
4648
4649
4438
4439
4408
4409
9928
9929
9898
9899
9388
9389
9358
9359
6328
6329
6298
6299
5788
5789
5758
5759
8848
8849
8758
8759
8608
8609
8518
8519
7168
7169
7078
7079
6928
6929
6838
6839
14100
14101
14010
14011
12600
12601
12510
12511
3180
3181
3090
3091
1680
1681
1590
1591
13860
13861
13710
13711
12900
12901
12750
12751
2940
2941
2790
2791
1980
1981
1830
1831
13590
13591
13560
13561
13050
13051
13020
13021
2670
2671
2640
2641
2130
2131
2100
2101
12000
12001
11790
11791
10500
10501
10290
10291
5400
5401
5190
5191
3900
3901
3690
3691
11640
11641
11610
11611
10680
10681
10650
10651
5040
5041
5010
5011
4080
4081
4050
4051
11310
11311
11220
11221
11070
11071
10980
10981
4710
4711
4620
4621
4470
4471
4380
4381
9780
9781
9750
9751
9540
9541
9510
9511
6180
6181
6150
6151
5940
5941
5910
5911
9000
9001
8910
8911
8460
8461
8370
8371
7320
7321
7230
7231
6780
6781
6690
6691
17924
17925
17926
17927
17921
17922
17534
17535
17536
17537
17531
17532
14984
14985
14986
14987
14981
14982
14594
14595
14596
14597
14591
14592
17144
17145
17146
17147
17141
17142
16874
16875
16876
16877
16871
16872
15644
15645
15646
15647
15641
15642
15374
15375
15376
15377
15371
15372
16604
16605
16606
16607
16601
16602
16454
16455
16456
16457
16451
16452
16064
16065
16066
16067
16061
16062
15914
15915
15916
15917
15911
15912
16304
16305
16306
16307
16301
16302
16274
16275
16276
16277
16271
16272
16244
16245
16246
16247
16241
16242
16214
16215
16216
16217
16211
16212
17936
17937
17938
17939
17940
17941
17942
17943
17944
17945
17946
17947