7256
16024
1
28967
7352
16023
1913
3
1932
28853
1890
7269
1906
7227
16114
28921
1921
1911
28966
28965
1845
28879
7263
1920
7264
28914
7335
1832
2
1897
16096
7359
1908
7337
28829
16111
28847
7358
1915
7332
7274
1823
7346
16110
7356
28923
16102
28928
16115
1836
7278
16120
0
16014
28873
16108
16021
7228
41
1842
28876
28850
16109
1895
1935
7266
1835
28880
28919
28848
7277
7357
7330
28926
7353
16121
1824
1914
16018
28925
1831
40
16100
28875
16097
7281
1892
1933
16101
28826
16017
16103
1934
28916
7255
28870
7347
28964
16011
16012
16091
16090