0
1
2
3
4
5
6
7
8
9
10
11
12
13
14
15
22
23
24
25
26
27
28
29
30
31
32
33
34
35
36
37
262
263
264
265
266
267
268
269
270
271
272
273
274
275
276
277
438
439
440
441
442
443
444
445
446
447
448
449
450
451
452
453
3286
3287
3288
3289
3290
3291
3292
3293
3294
3295
3296
3297
3298
3299
3300
3301
3462
3463
3464
3465
3466
3467
3468
3469
3470
3471
3472
3473
3474
3475
3476
3477
4742
4743
4744
4745
4746
4747
4748
4749
4750
4751
4752
4753
4754
4755
4756
4757
758
759
760
761
762
763
764
765
766
767
768
769
770
771
772
773
1238
1239
1240
1241
1242
1243
1244
1245
1246
1247
1248
1249
1250
1251
1252
1253
1686
1687
1688
1689
1690
1691
1692
1693
1694
1695
1696
1697
1698
1699
1700
1701
2294
2295
2296
2297
2298
2299
2300
2301
2302
2303
2304
2305
2306
2307
2308
2309
2518
2519
2520
2521
2522
2523
2524
2525
2526
2527
2528
2529
2530
2531
2532
2533
2822
2823
2824
2825
2826
2827
2828
2829
2830
2831
2832
2833
2834
2835
2836
2837
3878
3879
3880
3881
3882
3883
3884
3885
3886
3887
3888
3889
3890
3891
3892
3893
4326
4327
4328
4329
4330
4331
4332
4333
4334
4335
4336
4337
4338
4339
4340
4341
854
855
856
857
858
859
860
861
862
863
864
865
866
867
868
869
1302
1303
1304
1305
1306
1307
1308
1309
1310
1311
1312
1313
1314
1315
1316
1317
1494
1495
1496
1497
1498
1499
1500
1501
1502
1503
1504
1505
1506
1507
1508
1509
2262
2263
2264
2265
2266
2267
2268
2269
2270
2271
2272
2273
2274
2275
2276
2277
2454
2455
2456
2457
2458
2459
2460
2461
2462
2463
2464
2465
2466
2467
2468
2469
3046
3047
3048
3049
3050
3051
3052
3053
3054
3055
3056
3057
3058
3059
3060
3061
3782
3783
3784
3785
3786
3787
3788
3789
3790
3791
3792
3793
3794
3795
3796
3797
4454
4455
4456
4457
4458
4459
4460
4461
4462
4463
4464
4465
4466
4467
4468
4469
934
935
936
937
938
939
940
941
942
943
944
945
946
947
948
949
1206
1207
1208
1209
1210
1211
1212
1213
1214
1215
1216
1217
1218
1219
1220
1221
1558
1559
1560
1561
1562
1563
1564
1565
1566
1567
1568
1569
1570
1571
1572
1573
2134
2135
2136
2137
2138
2139
2140
2141
2142
2143
2144
2145
2146
2147
2148
2149
2662
2663
2664
2665
2666
2667
2668
2669
2670
2671
2672
2673
2674
2675
2676
2677
3014
3015
3016
3017
3018
3019
3020
3021
3022
3023
3024
3025
3026
3027
3028
3029
3958
3959
3960
3961
3962
3963
3964
3965
3966
3967
3968
3969
3970
3971
3972
3973
4310
4311
4312
4313
4314
4315
4316
4317
4318
4319
4320
4321
4322
4323
4324
4325
5522
5523
5526
5527
583
584
5530
5531
5534
5535
587
588
5532
5533
5536
5537
591
592
5524
5525
5528
5529
595
596
5538
5539
5542
5543
3607
3608
5546
5547
5550
5551
3611
3612
5548
5549
5552
5553
3615
3616
5540
5541
5544
5545
3619
3620
5554
5555
5558
5559
4887
4888
5562
5563
5566
5567
4891
4892
5564
5565
5568
5569
4895
4896
5556
5557
5560
5561
4899
4900
5570
5571
5574
5575
5255
5256
5578
5579
5582
5583
5259
5260
5580
5581
5584
5585
5263
5264
5572
5573
5576
5577
5267
5268
16
5518
5521
17
5586
5587
5588
5589
5590
5591
5592
5593