9215
3089
6623
5279
916
8782
7053
2016
1627
7389
3475
2721
2857
8161
6425
8445
784
7215
852
5789
2766
7582
8991
6422
8728
3644
5650
9448
7646
469
851
1228
6380
3706
1993
9362
404
1056
5616
4392
8193
7940
8256
2860
4976
2269
6035
6822
8383
7806
4740
6241
3474
2459
1521
9381
7470
7159
1835
5244
8218
5421
7153
6300
7738
6784
5837
4744
4259
1159
1793
343
8796
5834
3264
7271
1251
5123
7108
846
767
4453
9414
475
342
3088
6811
8650
3489
4995
7019
8384
2335
119
7813
4812
6186
2805
5863
5734
2373
1862
6210
4669
7494
9480
4191
1754
9388
6190
4262
7689
2104
7033
4188
2428
6790
5735
7608
5404
2697
1320
6299
5594
8984
1263
8783
6237
1986
3695
5116
6609
6675
5449
2249
9033
7313
2260
4007
5591
96
5851
9191
7105
4988
4482
3720
5452
9481
3517
5135
2168
2010
6701
5223
4060
8564
5889
2433
1987
8503
7221
2902
6702
2444
2780
2169
7960
9006
105
684
476
6676
2874
6036
5659
6232
3452
4720
8434
9216
7048
5218
63
698
1288
4391
7340
4994
6007
6195
4741
2210
9385
3102
3721
8260
1174
7164
2242
3828
204
3630
9011
3233
1570
7032
622
1761
7864
3445
4761
4496
4397
8944
568
3302
8858
9257
3182
5122
6608
5888
1117
4354
831
3884
8565
1869
3156
3286
9319
7099
1992
9411
7795
2266
70
2311
2130
1737
7464
7170
8230
1544
5761
1575
699
4345
1621
3155
4925
3291
2675
1202
7607
2317
8608
6377
1681
1031
1695
6579
5772
2386
7727
8683
4737
8845
2691
8635
67
1904
637
7495
978
3449
4989
448
6026
3633
5407
8629
1254
266
3508
4236
9005
8502
7786
8426
6211
9334
2462
7270
9277
5630
4028
5418
93
162
1098
2644
4002
7906
6217
2017
7720
3265
8265
3992
979
6760
9258
1541
7885
3133
3851
405
1596
5293
7079
2712
3746
285
6216
58
5276
3618
3249
7747
4077
7173
6622
1277
1686
8279
4483
290
1911
8859
100
6769
1734
6326
1097
9423
8844
8615
2670
6553
1216
7937
6764
8930
7854
4205
7488
8425
3488
7880
4556
33
3893
6448
8290
6325
3850
1743
5478
623
5992
7688
5967
3181
7489
0
6753
4497
2376
8797
3240
16
770
8227
3244
1792
6837
6576
6550
7851
5109
1055
470
781
5290
6286
1834
2011
7581
2453
2666
1601
1221
4368
6791
1630
6277
1191
2779
3865
5775
1748
685
866
2255
526
9376
2103
1305
4459
1122
7789
5007
9012
845
6662
5760
1036
7800
5848
8657
5993
2806
1554
6006
8176
5002
2728
2387
7226
6785
8322
7239
8359
4355
3709
4063
7465
523
3647
565
917
9465
7744
5130
223
2757
7733
7146
5489
7090
7647
4398
130
7347
2928
873
5617
8307
2690
3295
3692
3056
3825
4202
8636
1612
5104
8204
6179
2717
4074
3059
8725
7865
6653
8450
5862
44
3103
8253
2322
7312
265
1692
9076
2931
1675
7922
824
2407
7471
7232
490
7074
2905
7911
1668
224
6806
2328
9418
5786
6451
9351
9437
1555
497
7931
4369
3593
8364
3033
5136
5117
1
2308
455
2129
5475
4981
2211
7382
8223
636
1225
3592
3864
7212
4033
2871
3030
199
1258
7022
3747
4460
3270
8686
9026
2696
8630
5631
9077
3271
3619
9139
147
2402
2659
4233
5970
3142
9138
4454
5249
9266
6248
6815
9196
9282
6391
6394
