0.5 0 0.5 0 0.5 0 0 0 0.5 0 0
0.5 0 0.5 0 0.5 0 0 0 -0.5 0 0
0.5 0 0.5 0 -0.5 0 0 0 0.5 0 0
0.5 0 0.5 0 -0.5 0 0 0 -0.5 0 0
0.5 0 -0.5 0 0.5 0 0 0 0.5 0 0
0.5 0 -0.5 0 0.5 0 0 0 -0.5 0 0
0.5 0 -0.5 0 -0.5 0 0 0 0.5 0 0
0.5 0 -0.5 0 -0.5 0 0 0 -0.5 0 0
-0.5 0 0.5 0 0.5 0 0 0 0.5 0 0
-0.5 0 0.5 0 0.5 0 0 0 -0.5 0 0
-0.5 0 0.5 0 -0.5 0 0 0 0.5 0 0
-0.5 0 0.5 0 -0.5 0 0 0 -0.5 0 0
-0.5 0 -0.5 0 0.5 0 0 0 0.5 0 0
-0.5 0 -0.5 0 0.5 0 0 0 -0.5 0 0
-0.5 0 -0.5 0 -0.5 0 0 0 0.5 0 0
-0.5 0 -0.5 0 -0.5 0 0 0 -0.5 0 0
0.5 0 0 0.5 0 0 0.5 0 0.5 0 0
0.5 0 0 0.5 0 0 0.5 0 -0.5 0 0
0.5 0 0 0.5 0 0 -0.5 0 0.5 0 0
0.5 0 0 0.5 0 0 -0.5 0 -0.5 0 0
0.5 0 0 -0.5 0 0 0.5 0 0.5 0 0
0.5 0 0 -0.5 0 0 0.5 0 -0.5 0 0
0.5 0 0 -0.5 0 0 -0.5 0 0.5 0 0
0.5 0 0 -0.5 0 0 -0.5 0 -0.5 0 0
-0.5 0 0 0.5 0 0 0.5 0 0.5 0 0
-0.5 0 0 0.5 0 0 0.5 0 -0.5 0 0
-0.5 0 0 0.5 0 0 -0.5 0 0.5 0 0
-0.5 0 0 0.5 0 0 -0.5 0 -0.5 0 0
-0.5 0 0 -0.5 0 0 0.5 0 0.5 0 0
-0.5 0 0 -0.5 0 0 0.5 0 -0.5 0 0
-0.5 0 0 -0.5 0 0 -0.5 0 0.5 0 0
-0.5 0 0 -0.5 0 0 -0.5 0 -0.5 0 0
0.5 0 0 0 0 0.5 0 0.5 0.5 0 0
0.5 0 0 0 0 0.5 0 0.5 -0.5 0 0
0.5 0 0 0 0 0.5 0 -0.5 0.5 0 0
0.5 0 0 0 0 0.5 0 -0.5 -0.5 0 0
0.5 0 0 0 0 -0.5 0 0.5 0.5 0 0
0.5 0 0 0 0 -0.5 0 0.5 -0.5 0 0
0.5 0 0 0 0 -0.5 0 -0.5 0.5 0 0
0.5 0 0 0 0 -0.5 0 -0.5 -0.5 0 0
-0.5 0 0 0 0 0.5 0 0.5 0.5 0 0
-0.5 0 0 0 0 0.5 0 0.5 -0.5 0 0
-0.5 0 0 0 0 0.5 0 -0.5 0.5 0 0
-0.5 0 0 0 0 0.5 0 -0.5 -0.5 0 0
-0.5 0 0 0 0 -0.5 0 0.5 0.5 0 0
-0.5 0 0 0 0 -0.5 0 0.5 -0.5 0 0
-0.5 0 0 0 0 -0.5 0 -0.5 0.5 0 0
-0.5 0 0 0 0 -0.5 0 -0.5 -0.5 0 0
0 0.5 0.5 0 0 0 0 0.5 0.5 0 0
0 0.5 0.5 0 0 0 0 0.5 -0.5 0 0
0 0.5 0.5 0 0 0 0 -0.5 0.5 0 0
0 0.5 0.5 0 0 0 0 -0.5 -0.5 0 0
0 0.5 -0.5 0 0 0 0 0.5 0.5 0 0
0 0.5 -0.5 0 0 0 0 0.5 -0.5 0 0
0 0.5 -0.5 0 0 0 0 -0.5 0.5 0 0
0 0.5 -0.5 0 0 0 0 -0.5 -0.5 0 0
0 -0.5 0.5 0 0 0 0 0.5 0.5 0 0
0 -0.5 0.5 0 0 0 0 0.5 -0.5 0 0
0 -0.5 0.5 0 0 0 0 -0.5 0.5 0 0
0 -0.5 0.5 0 0 0 0 -0.5 -0.5 0 0
0 -0.5 -0.5 0 0 0 0 0.5 0.5 0 0
0 -0.5 -0.5 0 0 0 0 0.5 -0.5 0 0
0 -0.5 -0.5 0 0 0 0 -0.5 0.5 0 0
0 -0.5 -0.5 0 0 0 0 -0.5 -0.5 0 0
0 0.5 0 0.5 0 0.5 0 0 0.5 0 0
0 0.5 0 0.5 0 0.5 0 0 -0.5 0 0
0 0.5 0 0.5 0 -0.5 0 0 0.5 0 0
0 0.5 0 0.5 0 -0.5 0 0 -0.5 0 0
0 0.5 0 -0.5 0 0.5 0 0 0.5 0 0
0 0.5 0 -0.5 0 0.5 0 0 -0.5 0 0
0 0.5 0 -0.5 0 -0.5 0 0 0.5 0 0
0 0.5 0 -0.5 0 -0.5 0 0 -0.5 0 0
0 -0.5 0 0.5 0 0.5 0 0 0.5 0 0
0 -0.5 0 0.5 0 0.5 0 0 -0.5 0 0
0 -0.5 0 0.5 0 -0.5 0 0 0.5 0 0
0 -0.5 0 0.5 0 -0.5 0 0 -0.5 0 0
0 -0.5 0 -0.5 0 0.5 0 0 0.5 0 0
0 -0.5 0 -0.5 0 0.5 0 0 -0.5 0 0
0 -0.5 0 -0.5 0 -0.5 0 0 0.5 0 0
0 -0.5 0 -0.5 0 -0.5 0 0 -0.5 0 0
0 0.5 0 0 0.5 0 0.5 0 0.5 0 0
0 0.5 0 0 0.5 0 0.5 0 -0.5 0 0
0 0.5 0 0 0.5 0 -0.5 0 0.5 0 0
0 0.5 0 0 0.5 0 -0.5 0 -0.5 0 0
0 0.5 0 0 -0.5 0 0.5 0 0.5 0 0
0 0.5 0 0 -0.5 0 0.5 0 -0.5 0 0
0 0.5 0 0 -0.5 0 -0.5 0 0.5 0 0
0 0.5 0 0 -0.5 0 -0.5 0 -0.5 0 0
0 -0.5 0 0 0.5 0 0.5 0 0.5 0 0
0 -0.5 0 0 0.5 0 0.5 0 -0.5 0 0
0 -0.5 0 0 0.5 0 -0.5 0 0.5 0 0
0 -0.5 0 0 0.5 0 -0.5 0 -0.5 0 0
0 -0.5 0 0 -0.5 0 0.5 0 0.5 0 0
0 -0.5 0 0 -0.5 0 0.5 0 -0.5 0 0
0 -0.5 0 0 -0.5 0 -0.5 0 0.5 0 0
0 -0.5 0 0 -0.5 0 -0.5 0 -0.5 0 0
0 0 0.5 0 0 0.5 0.5 0 0.5 0 0
0 0 0.5 0 0 0.5 0.5 0 -0.5 0 0
0 0 0.5 0 0 0.5 -0.5 0 0.5 0 0
0 0 0.5 0 0 0.5 -0.5 0 -0.5 0 0
0 0 0.5 0 0 -0.5 0.5 0 0.5 0 0
0 0 0.5 0 0 -0.5 0.5 0 -0.5 0 0
0 0 0.5 0 0 -0.5 -0.5 0 0.5 0 0
0 0 0.5 0 0 -0.5 -0.5 0 -0.5 0 0
0 0 -0.5 0 0 0.5 0.5 0 0.5 0 0
0 0 -0.5 0 0 0.5 0.5 0 -0.5 0 0
0 0 -0.5 0 0 0.5 -0.5 0 0.5 0 0
0 0 -0.5 0 0 0.5 -0.5 0 -0.5 0 0
0 0 -0.5 0 0 -0.5 0.5 0 0.5 0 0
0 0 -0.5 0 0 -0.5 0.5 0 -0.5 0 0
0 0 -0.5 0 0 -0.5 -0.5 0 0.5 0 0
0 0 -0.5 0 0 -0.5 -0.5 0 -0.5 0 0
0 0 0 0.5 0.5 0 0 0.5 0.5 0 0
0 0 0 0.5 0.5 0 0 0.5 -0.5 0 0
0 0 0 0.5 0.5 0 0 -0.5 0.5 0 0
0 0 0 0.5 0.5 0 0 -0.5 -0.5 0 0
0 0 0 0.5 -0.5 0 0 0.5 0.5 0 0
0 0 0 0.5 -0.5 0 0 0.5 -0.5 0 0
0 0 0 0.5 -0.5 0 0 -0.5 0.5 0 0
0 0 0 0.5 -0.5 0 0 -0.5 -0.5 0 0
0 0 0 -0.5 0.5 0 0 0.5 0.5 0 0
0 0 0 -0.5 0.5 0 0 0.5 -0.5 0 0
0 0 0 -0.5 0.5 0 0 -0.5 0.5 0 0
0 0 0 -0.5 0.5 0 0 -0.5 -0.5 0 0
0 0 0 -0.5 -0.5 0 0 0.5 0.5 0 0
0 0 0 -0.5 -0.5 0 0 0.5 -0.5 0 0
0 0 0 -0.5 -0.5 0 0 -0.5 0.5 0 0
0 0 0 -0.5 -0.5 0 0 -0.5 -0.5 0 0
0.5 0 0.5 0 0 0.5 0 0 0 0.5 0
0.5 0 0.5 0 0 0.5 0 0 0 -0.5 0
0.5 0 0.5 0 0 -0.5 0 0 0 0.5 0
0.5 0 0.5 0 0 -0.5 0 0 0 -0.5 0
0.5 0 -0.5 0 0 0.5 0 0 0 0.5 0
0.5 0 -0.5 0 0 0.5 0 0 0 -0.5 0
0.5 0 -0.5 0 0 -0.5 0 0 0 0.5 0
0.5 0 -0.5 0 0 -0.5 0 0 0 -0.5 0
-0.5 0 0.5 0 0 0.5 0 0 0 0.5 0
-0.5 0 0.5 0 0 0.5 0 0 0 -0.5 0
-0.5 0 0.5 0 0 -0.5 0 0 0 0.5 0
-0.5 0 0.5 0 0 -0.5 0 0 0 -0.5 0
-0.5 0 -0.5 0 0 0.5 0 0 0 0.5 0
-0.5 0 -0.5 0 0 0.5 0 0 0 -0.5 0
-0.5 0 -0.5 0 0 -0.5 0 0 0 0.5 0
-0.5 0 -0.5 0 0 -0.5 0 0 0 -0.5 0
0.5 0 0 0.5 0 0 0 0.5 0 0.5 0
0.5 0 0 0.5 0 0 0 0.5 0 -0.5 0
0.5 0 0 0.5 0 0 0 -0.5 0 0.5 0
0.5 0 0 0.5 0 0 0 -0.5 0 -0.5 0
0.5 0 0 -0.5 0 0 0 0.5 0 0.5 0
0.5 0 0 -0.5 0 0 0 0.5 0 -0.5 0
0.5 0 0 -0.5 0 0 0 -0.5 0 0.5 0
0.5 0 0 -0.5 0 0 0 -0.5 0 -0.5 0
-0.5 0 0 0.5 0 0 0 0.5 0 0.5 0
-0.5 0 0 0.5 0 0 0 0.5 0 -0.5 0
-0.5 0 0 0.5 0 0 0 -0.5 0 0.5 0
-0.5 0 0 0.5 0 0 0 -0.5 0 -0.5 0
-0.5 0 0 -0.5 0 0 0 0.5 0 0.5 0
-0.5 0 0 -0.5 0 0 0 0.5 0 -0.5 0
-0.5 0 0 -0.5 0 0 0 -0.5 0 0.5 0
-0.5 0 0 -0.5 0 0 0 -0.5 0 -0.5 0
0.5 0 0 0 0.5 0 0.5 0 0 0.5 0
0.5 0 0 0 0.5 0 0.5 0 0 -0.5 0
0.5 0 0 0 0.5 0 -0.5 0 0 0.5 0
0.5 0 0 0 0.5 0 -0.5 0 0 -0.5 0
0.5 0 0 0 -0.5 0 0.5 0 0 0.5 0
0.5 0 0 0 -0.5 0 0.5 0 0 -0.5 0
0.5 0 0 0 -0.5 0 -0.5 0 0 0.5 0
0.5 0 0 0 -0.5 0 -0.5 0 0 -0.5 0
-0.5 0 0 0 0.5 0 0.5 0 0 0.5 0
-0.5 0 0 0 0.5 0 0.5 0 0 -0.5 0
-0.5 0 0 0 0.5 0 -0.5 0 0 0.5 0
-0.5 0 0 0 0.5 0 -0.5 0 0 -0.5 0
-0.5 0 0 0 -0.5 0 0.5 0 0 0.5 0
-0.5 0 0 0 -0.5 0 0.5 0 0 -0.5 0
-0.5 0 0 0 -0.5 0 -0.5 0 0 0.5 0
-0.5 0 0 0 -0.5 0 -0.5 0 0 -0.5 0
0 0.5 0.5 0 0 0 0.5 0 0 0.5 0
0 0.5 0.5 0 0 0 0.5 0 0 -0.5 0
0 0.5 0.5 0 0 0 -0.5 0 0 0.5 0
0 0.5 0.5 0 0 0 -0.5 0 0 -0.5 0
0 0.5 -0.5 0 0 0 0.5 0 0 0.5 0
0 0.5 -0.5 0 0 0 0.5 0 0 -0.5 0
0 0.5 -0.5 0 0 0 -0.5 0 0 0.5 0
0 0.5 -0.5 0 0 0 -0.5 0 0 -0.5 0
0 -0.5 0.5 0 0 0 0.5 0 0 0.5 0
0 -0.5 0.5 0 0 0 0.5 0 0 -0.5 0
0 -0.5 0.5 0 0 0 -0.5 0 0 0.5 0
0 -0.5 0.5 0 0 0 -0.5 0 0 -0.5 0
0 -0.5 -0.5 0 0 0 0.5 0 0 0.5 0
0 -0.5 -0.5 0 0 0 0.5 0 0 -0.5 0
0 -0.5 -0.5 0 0 0 -0.5 0 0 0.5 0
0 -0.5 -0.5 0 0 0 -0.5 0 0 -0.5 0
0 0.5 0 0.5 0.5 0 0 0 0 0.5 0
0 0.5 0 0.5 0.5 0 0 0 0 -0.5 0
0 0.5 0 0.5 -0.5 0 0 0 0 0.5 0
0 0.5 0 0.5 -0.5 0 0 0 0 -0.5 0
0 0.5 0 -0.5 0.5 0 0 0 0 0.5 0
0 0.5 0 -0.5 0.5 0 0 0 0 -0.5 0
0 0.5 0 -0.5 -0.5 0 0 0 0 0.5 0
0 0.5 0 -0.5 -0.5 0 0 0 0 -0.5 0
0 -0.5 0 0.5 0.5 0 0 0 0 0.5 0
0 -0.5 0 0.5 0.5 0 0 0 0 -0.5 0
0 -0.5 0 0.5 -0.5 0 0 0 0 0.5 0
0 -0.5 0 0.5 -0.5 0 0 0 0 -0.5 0
0 -0.5 0 -0.5 0.5 0 0 0 0 0.5 0
0 -0.5 0 -0.5 0.5 0 0 0 0 -0.5 0
0 -0.5 0 -0.5 -0.5 0 0 0 0 0.5 0
0 -0.5 0 -0.5 -0.5 0 0 0 0 -0.5 0
0 0.5 0 0 0 0.5 0 0.5 0 0.5 0
0 0.5 0 0 0 0.5 0 0.5 0 -0.5 0
0 0.5 0 0 0 0.5 0 -0.5 0 0.5 0
0 0.5 0 0 0 0.5 0 -0.5 0 -0.5 0
0 0.5 0 0 0 -0.5 0 0.5 0 0.5 0
0 0.5 0 0 0 -0.5 0 0.5 0 -0.5 0
0 0.5 0 0 0 -0.5 0 -0.5 0 0.5 0
0 0.5 0 0 0 -0.5 0 -0.5 0 -0.5 0
0 -0.5 0 0 0 0.5 0 0.5 0 0.5 0
0 -0.5 0 0 0 0.5 0 0.5 0 -0.5 0
0 -0.5 0 0 0 0.5 0 -0.5 0 0.5 0
0 -0.5 0 0 0 0.5 0 -0.5 0 -0.5 0
0 -0.5 0 0 0 -0.5 0 0.5 0 0.5 0
0 -0.5 0 0 0 -0.5 0 0.5 0 -0.5 0
0 -0.5 0 0 0 -0.5 0 -0.5 0 0.5 0
0 -0.5 0 0 0 -0.5 0 -0.5 0 -0.5 0
0 0 0.5 0 0.5 0 0 0.5 0 0.5 0
0 0 0.5 0 0.5 0 0 0.5 0 -0.5 0
0 0 0.5 0 0.5 0 0 -0.5 0 0.5 0
0 0 0.5 0 0.5 0 0 -0.5 0 -0.5 0
0 0 0.5 0 -0.5 0 0 0.5 0 0.5 0
0 0 0.5 0 -0.5 0 0 0.5 0 -0.5 0
0 0 0.5 0 -0.5 0 0 -0.5 0 0.5 0
0 0 0.5 0 -0.5 0 0 -0.5 0 -0.5 0
0 0 -0.5 0 0.5 0 0 0.5 0 0.5 0
0 0 -0.5 0 0.5 0 0 0.5 0 -0.5 0
0 0 -0.5 0 0.5 0 0 -0.5 0 0.5 0
0 0 -0.5 0 0.5 0 0 -0.5 0 -0.5 0
0 0 -0.5 0 -0.5 0 0 0.5 0 0.5 0
0 0 -0.5 0 -0.5 0 0 0.5 0 -0.5 0
0 0 -0.5 0 -0.5 0 0 -0.5 0 0.5 0
0 0 -0.5 0 -0.5 0 0 -0.5 0 -0.5 0
0 0 0 0.5 0 0.5 0.5 0 0 0.5 0
0 0 0 0.5 0 0.5 0.5 0 0 -0.5 0
0 0 0 0.5 0 0.5 -0.5 0 0 0.5 0
0 0 0 0.5 0 0.5 -0.5 0 0 -0.5 0
0 0 0 0.5 0 -0.5 0.5 0 0 0.5 0
0 0 0 0.5 0 -0.5 0.5 0 0 -0.5 0
0 0 0 0.5 0 -0.5 -0.5 0 0 0.5 0
0 0 0 0.5 0 -0.5 -0.5 0 0 -0.5 0
0 0 0 -0.5 0 0.5 0.5 0 0 0.5 0
0 0 0 -0.5 0 0.5 0.5 0 0 -0.5 0
0 0 0 -0.5 0 0.5 -0.5 0 0 0.5 0
0 0 0 -0.5 0 0.5 -0.5 0 0 -0.5 0
0 0 0 -0.5 0 -0.5 0.5 0 0 0.5 0
0 0 0 -0.5 0 -0.5 0.5 0 0 -0.5 0
0 0 0 -0.5 0 -0.5 -0.5 0 0 0.5 0
0 0 0 -0.5 0 -0.5 -0.5 0 0 -0.5 0
0.5 0 0.5 0 0 0 0.5 0 0 0 0.5
0.5 0 0.5 0 0 0 0.5 0 0 0 -0.5
0.5 0 0.5 0 0 0 -0.5 0 0 0 0.5
0.5 0 0.5 0 0 0 -0.5 0 0 0 -0.5
0.5 0 -0.5 0 0 0 0.5 0 0 0 0.5
0.5 0 -0.5 0 0 0 0.5 0 0 0 -0.5
0.5 0 -0.5 0 0 0 -0.5 0 0 0 0.5
0.5 0 -0.5 0 0 0 -0.5 0 0 0 -0.5
-0.5 0 0.5 0 0 0 0.5 0 0 0 0.5
-0.5 0 0.5 0 0 0 0.5 0 0 0 -0.5
-0.5 0 0.5 0 0 0 -0.5 0 0 0 0.5
-0.5 0 0.5 0 0 0 -0.5 0 0 0 -0.5
-0.5 0 -0.5 0 0 0 0.5 0 0 0 0.5
-0.5 0 -0.5 0 0 0 0.5 0 0 0 -0.5
-0.5 0 -0.5 0 0 0 -0.5 0 0 0 0.5
-0.5 0 -0.5 0 0 0 -0.5 0 0 0 -0.5
0.5 0 0 0.5 0 0.5 0 0 0 0 0.5
0.5 0 0 0.5 0 0.5 0 0 0 0 -0.5
0.5 0 0 0.5 0 -0.5 0 0 0 0 0.5
0.5 0 0 0.5 0 -0.5 0 0 0 0 -0.5
0.5 0 0 -0.5 0 0.5 0 0 0 0 0.5
0.5 0 0 -0.5 0 0.5 0 0 0 0 -0.5
0.5 0 0 -0.5 0 -0.5 0 0 0 0 0.5
0.5 0 0 -0.5 0 -0.5 0 0 0 0 -0.5
-0.5 0 0 0.5 0 0.5 0 0 0 0 0.5
-0.5 0 0 0.5 0 0.5 0 0 0 0 -0.5
-0.5 0 0 0.5 0 -0.5 0 0 0 0 0.5
-0.5 0 0 0.5 0 -0.5 0 0 0 0 -0.5
-0.5 0 0 -0.5 0 0.5 0 0 0 0 0.5
-0.5 0 0 -0.5 0 0.5 0 0 0 0 -0.5
-0.5 0 0 -0.5 0 -0.5 0 0 0 0 0.5
-0.5 0 0 -0.5 0 -0.5 0 0 0 0 -0.5
0.5 0 0 0 0.5 0 0 0.5 0 0 0.5
0.5 0 0 0 0.5 0 0 0.5 0 0 -0.5
0.5 0 0 0 0.5 0 0 -0.5 0 0 0.5
0.5 0 0 0 0.5 0 0 -0.5 0 0 -0.5
0.5 0 0 0 -0.5 0 0 0.5 0 0 0.5
0.5 0 0 0 -0.5 0 0 0.5 0 0 -0.5
0.5 0 0 0 -0.5 0 0 -0.5 0 0 0.5
0.5 0 0 0 -0.5 0 0 -0.5 0 0 -0.5
-0.5 0 0 0 0.5 0 0 0.5 0 0 0.5
-0.5 0 0 0 0.5 0 0 0.5 0 0 -0.5
-0.5 0 0 0 0.5 0 0 -0.5 0 0 0.5
-0.5 0 0 0 0.5 0 0 -0.5 0 0 -0.5
-0.5 0 0 0 -0.5 0 0 0.5 0 0 0.5
-0.5 0 0 0 -0.5 0 0 0.5 0 0 -0.5
-0.5 0 0 0 -0.5 0 0 -0.5 0 0 0.5
-0.5 0 0 0 -0.5 0 0 -0.5 0 0 -0.5
0 0.5 0.5 0 0.5 0 0 0 0 0 0.5
0 0.5 0.5 0 0.5 0 0 0 0 0 -0.5
0 0.5 0.5 0 -0.5 0 0 0 0 0 0.5
0 0.5 0.5 0 -0.5 0 0 0 0 0 -0.5
0 0.5 -0.5 0 0.5 0 0 0 0 0 0.5
0 0.5 -0.5 0 0.5 0 0 0 0 0 -0.5
0 0.5 -0.5 0 -0.5 0 0 0 0 0 0.5
0 0.5 -0.5 0 -0.5 0 0 0 0 0 -0.5
0 -0.5 0.5 0 0.5 0 0 0 0 0 0.5
0 -0.5 0.5 0 0.5 0 0 0 0 0 -0.5
0 -0.5 0.5 0 -0.5 0 0 0 0 0 0.5
0 -0.5 0.5 0 -0.5 0 0 0 0 0 -0.5
0 -0.5 -0.5 0 0.5 0 0 0 0 0 0.5
0 -0.5 -0.5 0 0.5 0 0 0 0 0 -0.5
0 -0.5 -0.5 0 -0.5 0 0 0 0 0 0.5
0 -0.5 -0.5 0 -0.5 0 0 0 0 0 -0.5
0 0.5 0 0.5 0 0 0 0.5 0 0 0.5
0 0.5 0 0.5 0 0 0 0.5 0 0 -0.5
0 0.5 0 0.5 0 0 0 -0.5 0 0 0.5
0 0.5 0 0.5 0 0 0 -0.5 0 0 -0.5
0 0.5 0 -0.5 0 0 0 0.5 0 0 0.5
0 0.5 0 -0.5 0 0 0 0.5 0 0 -0.5
0 0.5 0 -0.5 0 0 0 -0.5 0 0 0.5
0 0.5 0 -0.5 0 0 0 -0.5 0 0 -0.5
0 -0.5 0 0.5 0 0 0 0.5 0 0 0.5
0 -0.5 0 0.5 0 0 0 0.5 0 0 -0.5
0 -0.5 0 0.5 0 0 0 -0.5 0 0 0.5
0 -0.5 0 0.5 0 0 0 -0.5 0 0 -0.5
0 -0.5 0 -0.5 0 0 0 0.5 0 0 0.5
0 -0.5 0 -0.5 0 0 0 0.5 0 0 -0.5
0 -0.5 0 -0.5 0 0 0 -0.5 0 0 0.5
0 -0.5 0 -0.5 0 0 0 -0.5 0 0 -0.5
0 0.5 0 0 0 0.5 0.5 0 0 0 0.5
0 0.5 0 0 0 0.5 0.5 0 0 0 -0.5
0 0.5 0 0 0 0.5 -0.5 0 0 0 0.5
0 0.5 0 0 0 0.5 -0.5 0 0 0 -0.5
0 0.5 0 0 0 -0.5 0.5 0 0 0 0.5
0 0.5 0 0 0 -0.5 0.5 0 0 0 -0.5
0 0.5 0 0 0 -0.5 -0.5 0 0 0 0.5
0 0.5 0 0 0 -0.5 -0.5 0 0 0 -0.5
0 -0.5 0 0 0 0.5 0.5 0 0 0 0.5
0 -0.5 0 0 0 0.5 0.5 0 0 0 -0.5
0 -0.5 0 0 0 0.5 -0.5 0 0 0 0.5
0 -0.5 0 0 0 0.5 -0.5 0 0 0 -0.5
0 -0.5 0 0 0 -0.5 0.5 0 0 0 0.5
0 -0.5 0 0 0 -0.5 0.5 0 0 0 -0.5
0 -0.5 0 0 0 -0.5 -0.5 0 0 0 0.5
0 -0.5 0 0 0 -0.5 -0.5 0 0 0 -0.5
0 0 0.5 0 0 0.5 0 0.5 0 0 0.5
0 0 0.5 0 0 0.5 0 0.5 0 0 -0.5
0 0 0.5 0 0 0.5 0 -0.5 0 0 0.5
0 0 0.5 0 0 0.5 0 -0.5 0 0 -0.5
0 0 0.5 0 0 -0.5 0 0.5 0 0 0.5
0 0 0.5 0 0 -0.5 0 0.5 0 0 -0.5
0 0 0.5 0 0 -0.5 0 -0.5 0 0 0.5
0 0 0.5 0 0 -0.5 0 -0.5 0 0 -0.5
0 0 -0.5 0 0 0.5 0 0.5 0 0 0.5
0 0 -0.5 0 0 0.5 0 0.5 0 0 -0.5
0 0 -0.5 0 0 0.5 0 -0.5 0 0 0.5
0 0 -0.5 0 0 0.5 0 -0.5 0 0 -0.5
0 0 -0.5 0 0 -0.5 0 0.5 0 0 0.5
0 0 -0.5 0 0 -0.5 0 0.5 0 0 -0.5
0 0 -0.5 0 0 -0.5 0 -0.5 0 0 0.5
0 0 -0.5 0 0 -0.5 0 -0.5 0 0 -0.5
0 0 0 0.5 0.5 0 0.5 0 0 0 0.5
0 0 0 0.5 0.5 0 0.5 0 0 0 -0.5
0 0 0 0.5 0.5 0 -0.5 0 0 0 0.5
0 0 0 0.5 0.5 0 -0.5 0 0 0 -0.5
0 0 0 0.5 -0.5 0 0.5 0 0 0 0.5
0 0 0 0.5 -0.5 0 0.5 0 0 0 -0.5
0 0 0 0.5 -0.5 0 -0.5 0 0 0 0.5
0 0 0 0.5 -0.5 0 -0.5 0 0 0 -0.5
0 0 0 -0.5 0.5 0 0.5 0 0 0 0.5
0 0 0 -0.5 0.5 0 0.5 0 0 0 -0.5
0 0 0 -0.5 0.5 0 -0.5 0 0 0 0.5
0 0 0 -0.5 0.5 0 -0.5 0 0 0 -0.5
0 0 0 -0.5 -0.5 0 0.5 0 0 0 0.5
0 0 0 -0.5 -0.5 0 0.5 0 0 0 -0.5
0 0 0 -0.5 -0.5 0 -0.5 0 0 0 0.5
0 0 0 -0.5 -0.5 0 -0.5 0 0 0 -0.5
0.99987633339668969 -0.00070215568718593846 0.001168532530935035 -0.0046391366531257005 -0.0028181650210265408 -0.0045345110457989217 -0.010196106047750848 0.0033900252954298768 -0.0049512460616324486 0.006264169120331519 0.00402821133243842
-0.99897004338862405 -0.029578986528927823 -0.0049990457503361792 0.012213041255368347 0.013452360766765873 0.0032783133625995751 0.0062467981539631283 -0.015176468800661517 0.020830594797991354 -0.0011170934781481365 -0.01065666525320806
0.029875956976954721 0.99885509450805376 -0.0162569216480252 0.0069264689416895283 -0.013568792484470172 0.0035583279625572956 0.010190163285340883 0.022893466557276893 0.00023691306247541389 0.012943597365931297 0.0095575619177009179
-0.003272304666052077 -0.99926775468162332 0.0027527744676758724 -0.0037962483829310006 -0.0030852052962264103 -0.00011505587164751677 -0.0059975147120306452 0.0069104684238409791 -0.024635481697517864 0.027021919629302574 -0.00095374085168226921
-2.8619553290745011e-07 -3.2728059309484304e-06 0.99672585802615143 0.037820516369096738 7.4792229131774116e-08 -3.1572097201454645e-06 -3.0984516644427257e-07 2.8704460918848526e-06 0.041525427675119929 -0.040730104533447005 -0.041519512227361437
0.014579284774765335 0.0079541687601618893 -0.99915094726784726 -0.021477589034493337 0.0097537385840782542 0.01043835977222037 0.0069731954458922768 -0.015259026938886604 0.014743681471301846 -0.014084736473753079 0.0076784975098495075
-0.0015681760004080921 -7.214018488631177e-07 -0.0076087651148484198 0.99905108709812041 0.0015670170644752391 -5.3149960143638219e-06 -4.1340330659979045e-06 -0.0015720999236782888 0.014930212100748947 0.013943790878617232 0.037607250119793545
0.00053991182182488399 0.00055151722811998087 -0.0033395993894861416 -0.99855617411993791 3.9827074616739738e-06 0.0019679939173429372 0.0010937377253155372 -0.0025161200381007714 0.037139610274059577 -0.036610874026206747 0.011946197737830191
-6.9015154795309184e-06 -7.5703193172094289e-07 -9.0713398894936026e-07 3.0933983482751606e-06 0.99906749533865591 -0.009112011619065866 9.9940474724637571e-07 -1.2187670449602202e-06 0.039173222762060034 -0.012879223280119399 -0.0089830488729367771
2.8610555980070297e-05 6.762255825305472e-06 3.7009505337064548e-07 -1.2343994800990721e-05 -0.99825648330636574 0.015149857805308075 -7.0516967325823938e-06 6.0287164695502452e-06 0.039943124356415623 -0.039912893478502971 -0.0081229300891282937
0.012351067073167786 0.012345177051895008 -0.012330399083962988 -1.0723704481898043e-05 -0.013760751503163452 0.99931618827826385 -5.1554501634454538e-07 1.2623322606431096e-08 0.026558971256209825 0.001884535068930929 -0.0034461609558185716
-6.5043593533771314e-06 -4.7742162819539658e-06 -4.6820371838292776e-06 8.5602567884479521e-06 0.0085461144366619432 -0.99837175019291979 -2.3347479986695466e-07 3.199286858969749e-06 0.039876166221581306 -0.039872257962008946 0.00095214844026603282
0.018850535621809068 -0.0093368943711678691 -0.009026301819462788 0.005278441116292271 0.014797507556469226 0.0043484131949028818 0.99895424963744506 0.030446700218267252 0.015157142491622319 0.0036966236081247268 -0.011413601553319393
9.5668998841851206e-06 -3.9251364256033765e-06 3.5472528491178882e-06 -9.0385727916112684e-06 -2.7753353287147579e-06 3.5722765354676327e-06 -0.99682088222012466 -0.03618887757356673 0.041415713956338196 -0.04141518670789323 -0.040100057800707876
0.0013886038163910981 -0.0019522553954016988 -0.0026149177707086935 0.0038207930224845085 5.2224417125970009e-05 -0.0013650801695587495 0.004583781150929488 0.99874265261010187 0.034902354274309155 -0.030716313028467827 0.017360721198458873
-2.2058258278231607e-05 0.0055849234552025591 -1.4582426890397216e-05 -3.6887790555267313e-06 -0.0055591361929118429 0.0055692648323215624 0.0088189306647438754 -0.99891087309817694 0.027260793948514758 -0.011157791049808574 0.033742170818546753
0.48940400306027249 0.50175668884850599 0.50320583665633334 0.50341797475993744 -4.0713004394344177e-05 -0.012575745625077912 -0.00024408909397328316 -0.012380697827419362 -0.020402636069237014 0.032998731494183121 -0.016170946027145666
0.51311985950442729 0.51311267182500209 0.48478843423056744 -0.48479790411691254 -0.0030909730756349843 -0.0030900931882823978 -0.0030723353048375118 -0.0030615174753802388 0.037265311148699451 -0.037268449672242229 -0.023643314381918711
0.50016731537489534 0.49201043052962656 -0.50304479934551816 0.50302777329026038 -3.1129836865866176e-05 8.99624107625095e-05 9.6414697974148068e-06 0.0020358362993752399 0.034309087942511522 -0.0069333589401064802 0.020929483138720738
0.49447876589986139 0.49942714642574498 -0.49226257783909683 -0.51241591212161164 0.013829671283964473 0.007166741953070265 0.018434498180215954 -0.0034392249848879002 -0.011784017375146411 0.0097696271910278788 0.018497926379053498
0.50002137325989415 -0.49137504142277505 0.50030713458516296 0.50661596198257552 -0.019952796337103791 -0.0059431478564002608 0.002209646909163982 0.0046152721758554614 -0.017051031307753144 -0.016819172322459389 -0.022999837099537884
0.50348615472258595 -0.49797637545111167 0.49849292451015975 -0.49813482997951775 -0.0083069285030136861 -0.01043205494005434 0.0034049723038486412 0.010755963211112178 -0.026830925099313046 -0.025161278044139028 0.01515292060654563
0.5111143970130656 -0.52161115157048266 -0.47810440715529839 0.48626106367775485 0.0071244591228107994 -0.012458607348169811 -0.022175662720110862 0.0044373218777321406 -0.016826557914672219 0.001880307976632865 0.02541928925502928
0.49949605851913331 -0.50021042501044999 -0.49898811830638434 -0.49885711151634954 -0.0021603618703145279 0.0048215955325907785 0.0033890785279275127 -0.0021115407159212041 0.028183012371748403 -0.028011694097542131 -0.028685566343011216
-0.50038054657606512 0.48124598998670381 0.49747691993032078 0.51870854798086341 0.021245390678732504 -0.019147689219619308 7.483016262283231e-07 0.0021292340590857548 0.019159984868563792 0.017032992455723567 4.8915667788519748e-07
-0.50145361341254391 0.50145134387460277 0.49677162805176994 -0.49744929282150502 0.00068155541207487328 -6.4830580836209043e-06 -7.3740691050236003e-06 -0.00068258967247859076 0.039347928331788025 -0.023281404772443153 0.027600002554474194
-0.49748350519430229 0.49738167667522204 -0.50192755886776408 0.5018799165258746 0.00050331108245837953 0.00067109386921711776 0.00052513501720176565 -0.00056663546666177803 0.024931073681934476 0.0095589731998778731 0.024344853033619111
-0.48817176734433115 0.48818228245820694 -0.51049724808701036 -0.51050937560032084 0.01108407710024078 0.01109140410647463 0.011112474893195194 -0.011113306204935844 0.02846130594964345 -0.028464453253650462 0.005097260333293635
-0.49619247152563783 -0.50220185625238778 0.50172015962935967 0.49857842806999009 0.011190590548084845 -0.019786958571533446 -0.010993794601151427 -0.010440999287944182 -0.010932695089902737 0.013002179410892994 0.015733649898589715
-0.51163698799160806 -0.51511011778660731 0.48376077622746089 -0.48651630904482612 0.0081367481640380653 0.008889863683976762 0.010926809855615682 -0.011643537447249667 0.027734719614117456 -0.028463689772542742 -0.013673028102590169
-0.49527017850519833 -0.49587774246578481 -0.49960304798467109 0.50734603512164078 0.012252733561863715 -0.0062499167757777401 0.0046180597425016789 0.0079328245503066819 0.027921664688450101 -0.004973178189080934 0.027050155644557868
-0.50330653187249486 -0.50191119406609686 -0.49716826320952406 -0.49582485499125556 -0.002575806057234994 -0.0030869410920532077 0.0030523618357416048 0.0033422247334577489 -0.029283677263273258 0.02923912772335558 8.815086106240565e-05
0.51484046553035556 0.50956647602373051 -0.007211887821862501 0.0053005325002051778 0.48265080878859035 0.48983314560945546 -0.010583537340742808 -4.9539889460443446e-06 0.033574067208084958 -0.016556069235136309 -0.028276282074769624
0.50313030223090827 0.50334046352622885 0.0002920117325241041 -2.6418211860303711e-05 0.49518896333562629 -0.49525188685571864 -6.1630312151038895e-05 0.0002324091147191749 0.039289449795370697 -0.0012080364710938673 -0.038424886626639308
0.50622492032381294 0.49582057587477646 -0.0022617546820496836 0.0029434065432030064 -0.50876678400561559 0.48791172061831695 -0.0034416261627116976 0.0065415607531111803 0.019934181043890206 -0.017785669876130838 -0.014652008303536281
0.50018890673617167 0.5001852786848332 -7.1283728408234566e-06 -4.0242670978408142e-06 -0.49817089616607557 -0.49816987913123173 -4.9534333914938401e-06 -1.135264620415257e-06 0.039894884556563134 -0.039888570448273319 0.0097762132490032579
0.51057616741025191 -0.51874898652373413 0.028348397530695561 0.0053579621696060288 0.46996442594200732 0.49763022967458714 -0.0010275489141422143 0.019964406030200721 -0.0075891891126940361 0.00093651441663566125 0.020460046421128027
0.49319801425610937 -0.48354293281722927 -0.010304641391074601 0.0020879041934516425 0.51137323548093505 -0.50969440004397049 0.011932651966819368 0.00058131037889963891 0.0044351627958221273 -0.018139861153299363 -0.032388070942809793
0.4977329976354069 -0.50673608847602736 0.0035245665537205384 0.0015482776092331221 -0.51158553103542326 0.4829866083642641 -0.014012536554779775 -0.0015354549358800979 0.0052379071365138957 -0.014238346488826643 -0.0063941816884237647
0.50155119819860483 -0.50040658208089728 0.0043110591611242475 -0.0081824580154042578 -0.49433166007869628 -0.50192438041581366 -0.014555867859258519 0.00048793622468761759 -0.024192960089850848 -0.024750710069605879 0.015881693728353418
-0.49746442619536135 0.49738834612447558 -0.0002600096435398905 1.5875124310842164e-05 0.50189267269265148 0.50190568151212289 -2.1370687354971399e-05 -0.00010754129000736175 0.027700093858551433 0.0031302916629798337 0.023478414946920916
-0.50187597385411464 0.47801691668934704 1.1835978908148425e-06 0.023869595420747944 0.50887470959249947 -0.50887285186596831 0.01518183151735818 1.1126692511412793e-06 0.027505400433847173 -0.012328934528182997 0.0025474539647462845
-0.48891971355257297 0.48892124369829404 -2.2923373724391782e-06 -5.9061491923856759e-07 -0.50978549127574424 0.50978599495389598 -1.8223736863701783e-06 -1.6986113568961802e-06 0.039560398120504256 -0.020524530076113705 -0.012815691463581705
-0.50174435545162455 0.50117147554197028 -3.6328581796936471e-06 -0.00058247651073366788 -0.49710780108508551 -0.49710768912651887 -0.00058101577387093711 -9.4495345129950923e-07 0.039387210759820594 -0.023223585641453569 0.027498531112973248
-0.49498438973119596 -0.52006132402280592 -0.025077211557195354 -4.832273200547127e-07 0.49126020671231913 0.49125930496637205 1.5314365201473153e-06 -0.021699307634384241 0.026908356092661578 -0.0052165690029814553 -0.0018382190731393595
-0.49852164730301191 -0.50784986356588102 -0.0024636029210571356 -0.00060286895986159071 0.50311806851749385 -0.48908065545564244 0.010527368736782903 -0.0094189360028567384 0.016482551230156146 -0.020470822673945437 -0.018447252435760713
-0.50673334852385166 -0.50664354068948336 -0.0021025755725313888 0.0055020858908967161 -0.4945423373263535 0.48959728188934726 0.0029367715521295022 -0.0050043340264338664 0.034088829051252816 -0.0028665967551870526 -0.031896503371840551
-0.5116644294044782 -0.51166389033124404 8.3455397384177091e-06 2.0468536127593292e-06 -0.47721671450046521 -0.49632954316305877 0.019127026835814565 -8.0938230137360537e-06 0.030261000651149197 -0.030252283617195175 -0.01113529877585063
0.51503749393532217 0.48712306334532224 -0.013368486061315408 0.00092970107446588908 -9.307449205991539e-06 -0.0015664355479425777 0.49846267561593544 0.49822768947129237 -0.00054057416509162054 0.023841416704800548 0.00094420244582074328
0.51125920558265492 0.50923672279472776 -0.010583467723636128 0.0065651795643263929 -0.0084110910525030252 0.0086205967686167739 0.49043852345667494 -0.48738688048766837 0.02747030392253445 0.0012765070617858252 -0.012635217506208132
0.50788415018771937 0.4976226465860521 -0.013466382726668903 -0.0030293325480337044 -0.0032842230311259145 -0.0031694545924936877 -0.49614282165403467 0.49596028742000281 0.030753180865366558 -0.030434930922944373 0.014411466956905258
0.48521301070375844 0.49092604754060482 0.013755584475725011 0.017414039666227024 0.0095722535472365956 0.011809559477769228 -0.50163177653871649 -0.52038126059180501 -0.013100561436023265 -0.015043201916298274 -0.0027153697388556668
0.50754094453325771 -0.50800006174536483 -0.0078441165461897965 0.0010729674586581661 -0.01251916139372942 -0.012188622692111618 0.48951925014857822 0.49226650438177189 0.026173334547438216 -0.025710415379261244 -0.025858790337566408
0.50744131221587019 -0.52699354149260458 0.0038496355253781751 -0.003411204758165939 -0.0095709780325122489 0.00016171430105649443 0.47752777099987914 -0.48588420838480212 -0.011505478349495682 -8.2045030855428203e-05 0.0203572419754539
0.49574139610532614 -0.50561682205954017 0.0034774014245032544 -0.021511046395306585 -0.011775422154676043 -0.0042883258838811921 -0.50239402021053092 0.49427584641242994 -0.01783702939990894 -0.026054641451431722 0.015964393050122375
0.48201437391180402 -0.48886936036284739 0.0074697996574733371 7.6191716971899871e-07 -0.0068528688436277742 0.015075747989002016 -0.49984984605517635 -0.52700787996218701 0.01412373637637045 -0.0072599052925714875 -0.022349354505310223
-0.48094614743305231 0.48092910841155945 0.013329684842342378 0.014804890478333541 0.014797570082854941 0.013289000175466361 0.51657358438362677 0.51806998522853553 0.025915058315913769 -0.009609245847776296 -0.024430708846695959
-0.49849925467107087 0.49857520953715045 -0.0003843849338851465 0.00044809977291125467 0.00048887128389863614 0.00041867670696581763 0.50078414028396656 -0.50074607679352279 0.02744611449111977 0.0089775193986611785 0.023563044319510569
-0.50461284191239475 0.49827773251970869 0.0063372461754368 2.9107905584087146e-06 -0.0063397811725393874 2.4989762462123695e-06 -0.49715738212862631 0.49716091284777414 0.036477896347872456 -0.020779652005457758 0.030132387806775494
-0.49425066562587194 0.49425615368877857 5.1960920048774676e-07 -0.0085136418682172157 0.0084954807625432904 1.284885611144453e-07 -0.50028225802106374 -0.50879656357450254 0.035204711299266341 -0.026673794569533237 0.013241411078283308
-0.48402826592664283 -0.50110492707924381 -0.0093591318001158136 -0.018097417640002538 0.00081941892439038101 -0.001069489752345796 0.49784378433634952 0.51588560691557128 -0.010123212618997563 0.0099792652829635096 0.002259760531145215
-0.49356537310454829 -0.49629961202264533 -0.00053244344568576115 0.0029718776583733809 0.0002337775468163601 -0.0032431186426241112 0.50396605035995079 -0.50367994157978868 0.037739875559424069 -0.020415596104417795 0.023321048824221362
-0.51361513049672125 -0.51362128925193573 -4.6146616673336302e-06 1.1752519770736412e-05 1.4180380534231482e-05 9.0910573368962611e-06 -0.4838153775327334 0.48382109606019474 0.04081527337168022 -0.040812253399925356 -0.030016152499180292
-0.4993563146743622 -0.50863663833119055 -0.011094819393951266 -0.012175111845413141 -0.017118939895861704 -0.0042403900509812012 -0.49151328435939645 -0.49899524150280117 0.0029534734476531362 0.025851468015520834 -0.0095442452318883781
0.024948738475708335 -0.00062667401424192971 0.5018763377031743 0.5171358150703228 0.4942277711357278 0.48441634516145193 -0.010456266400767246 0.015906897816527928 0.009665259191473442 0.026194834697273635 0.0023713765495010533
0.017736439740094971 -0.013972022792773922 0.49595390542832635 0.51231459635667798 0.49368015601995957 -0.49707505055223944 0.005759090656538365 0.004159854956264788 0.0038778595151052488 -0.013548476623497997 0.00095208908323083047
-0.0035744575304283732 -0.0063568504572771231 0.49948284079461336 0.48889268477754316 -0.50699454744541383 0.50259033860226887 -0.0080340419709710089 -0.014029082013468702 0.027856311875149746 -0.017260286773107723 -0.021722708149421226
-0.00046295419931177906 -0.00025381474716383356 0.49912453454904504 0.50583393231731499 -0.49636352091526215 -0.49651130542751665 -0.00039658153219327422 -0.00053104054504166099 0.03073157822526754 -0.030761405427069052 0.014666240871997575
-5.3681711699127767e-06 -0.0093022842744437222 0.49612587458254476 -0.49613090009264016 0.50721218692780445 0.49791632692287363 -0.009301914701536693 -1.5581969956187283e-06 0.034899461572689139 -0.022133910936861737 0.025444739849575033
-7.5207238854500193e-06 -1.6940508271016879e-05 0.48516154764814196 -0.48515456811185959 0.51258764189513295 -0.51238818786329876 -0.0001852430700030563 3.317878270161457e-06 0.040503350522176275 -0.040499518140626529 -0.02597700898325566
0.0026364112108510215 7.4305888488299456e-06 0.48897211891005848 -0.49159094305967377 -0.50803008678816919 0.50803336471572447 -0.00040881111142598283 2.8220590152451628e-06 0.038623450800253284 -0.038215785899338696 -0.0096336798023496824
0.0091193392584813029 -0.0091226704803610888 0.49481210651923402 -0.50393341569996342 -0.49486407518998793 -0.50398918611450294 9.5194497753836071e-08 0.018250125440492652 0.021190266150797363 -0.030317476198549326 0.021187493069413272
-8.3009325139156529e-05 0.00011247662748308264 -0.49980345656648145 0.49979819881628224 0.49955014856566943 0.49954938499270557 1.0675122585757382e-05 -5.4976819871649775e-05 0.021444782063393984 0.019099018148900838 0.021763557514281939
-0.0028207909275551773 -7.6390564342431827e-05 -0.50196761948722324 0.5047663111576004 0.49568994087233775 -0.49563622723743755 0.001197535272569323 -1.6020281702163045e-06 0.037759706918970161 -0.010060748530325589 0.018419607939055421
-0.0088382799759832275 -0.0018469681773945548 -0.49476666932307506 0.49482174510384086 -0.50340239357553995 0.50574486902285409 0.0070376428126230012 0.0093393070435046893 0.030675309307564031 -0.00020679516848990322 -0.0024992352158298603
0.0014258347586577173 -0.009105072557740691 -0.50347745159104973 0.5034794081361067 -0.49154808128538668 -0.4992230908196017 0.0091029231206081595 0.0014187310948064514 0.026431788100137476 -0.012002251729448452 0.034106097291088697
0.0093699176155291088 -0.00083818962273273911 -0.49733919388768361 -0.50077353906206556 0.49813349942242768 0.50141467030467868 0.0075297711942885785 -0.013143124480854446 0.025718713325364042 -0.027363124040604585 0.024450032497377056
-0.0047917369267245699 -0.0034643533808250914 -0.49941660610180083 -0.49841906438388389 0.50265922528395635 -0.49887725633974211 0.0078619346977547595 0.0038243084497250122 0.0057078726309977941 0.021665785919929671 -0.0018144485069034298
0.0012391290531198688 -0.0059341780877678538 -0.50165073583999464 -0.50959784522488161 -0.4871825256713545 0.50098510281216657 0.0083394506336360828 -0.0074819354468965149 0.0016061347010320353 -0.01258207348274106 -0.00072447706626529301
0.009199909142142736 0.0091983712762841712 -0.51706897686551212 -0.51707216549971335 -0.48070913243427416 -0.48070976915125252 0.0092066039088447259 -0.0092126758839333762 0.031264756393928166 -0.031268465971972817 -0.028614880640629139
0.018359392364352828 -0.023055360670183409 0.48391651510026745 0.49771174657367262 0.0148814855102135 -0.013049586365569944 0.50521702451197337 0.51111082650034778 -0.01445544332160147 0.010990890674682029 0.0062592439500233858
-6.8135620764030644e-06 -0.013622333605065812 0.49932479814216341 0.51984508281830222 -0.00079680250737058152 0.016731849175514377 0.48977058308720978 -0.48897245801655764 0.027783556636921957 0.0071658280631726667 -0.013308428607929322
-0.0011266574515577785 -0.0078116003744489182 0.49870165063506083 0.50491673357537126 -0.002199954893737241 -0.0097630120965940363 -0.49674925859500763 0.49714653796884151 0.032701923498782724 -0.024435931898084646 0.024744139668712261
0.0077886066241272681 -0.0095587267639871635 0.49422725859731337 0.51633957992677337 -0.015344335125928824 -0.0013246831359541317 -0.49716807117049994 -0.49070883703900775 0.011783749965927456 0.023361465191378356 0.0093675741442375351
0.023521741327713466 -0.0049944756665315816 0.48665728266242936 -0.4812563235032925 -0.0013969008781410126 0.021622254475740968 0.51001502916266273 0.51961495100681654 0.014163801119142909 -0.013836184694667738 -0.0015064680914803278
0.00091305503768094351 -1.7761742340204794e-05 0.48769044537454254 -0.50369704047657726 5.7799771273584655e-06 -0.01601106013255825 0.50253699761617432 -0.50344700838770984 0.031078771560766293 -0.015997358717361805 0.031080590169558543
-6.5041258350322266e-07 -3.8255382790907923e-06 0.49937589568450025 -0.49937622150264815 -8.9226274026527967e-07 -0.016717038022638752 -0.49104796841911419 0.50775753002656032 -0.031093483758285276 -0.031094378042350955 0.0093895242508310918
0.00051633307360212538 0.004700870935484565 0.49435812610205609 -0.49842541072697621 -3.3582767799789111e-05 0.005503004982304654 -0.50034082253149947 -0.50438343852647127 0.034739110497380585 -0.030411569545168174 0.015944999461979449
-0.0012057378758530942 1.5104682821489854e-05 -0.50297874791354824 0.50297110609318763 4.6783837953119738e-06 -0.0011791729601041822 0.49539385804094221 0.49657620325411472 0.038652313755011401 -0.014565726023779813 0.017900813495596028
-0.0001134020086311612 0.00011702480893357767 -0.50014098939145857 0.50014299096026993 5.5261285580496417e-05 6.9300744766134375e-05 0.49918721111769265 -0.49920167800753745 0.021924194936341457 0.018623453511994625 0.022321615069321496
-0.00040189392006998413 -0.012425910962139686 -0.4998561216035679 0.50497646220690384 0.0073189807294469994 -0.0073619816928214895 -0.49886401554320103 0.49378031155182928 0.032153062693440426 -0.02076893387200698 0.027033851783574158
-0.017017474346417163 -3.6718075414214415e-06 -0.48984630116823991 0.48985366854345169 -8.5806853885915928e-07 0.018401332259441884 -0.49977584824892135 -0.51817862324514796 0.030219168515583827 -0.011306945778104014 -0.01182167163629539
0.0047577535476784165 -0.00078920661809031079 -0.5000400745497785 -0.50348148716533658 -0.0030047539080104934 0.0025950143074576666 0.49784590156770619 0.49770333269011413 -0.0018984159218509771 0.029079509210503146 0.004350091640205337
0.0043113056800665964 -0.0043020819605408822 -0.49639931780068736 -0.50041517455728346 0.0003054066234175418 0.013754217413094577 0.49552922810476008 -0.50496327208288383 0.032574643349174301 -0.028548055875829662 0.023082079233339374
0.011026163423780816 0.0092367938374293551 -0.51801454199270647 -0.51800720559157909 0.011017934309145784 0.011028504358033826 -0.47972267388721285 0.47973123208364499 0.029504966139344401 -0.029495410366742459 -0.029379085701494136
-0.0029303472375536615 0.0013438517920577339 -0.49662893483396858 -0.50233158358151375 0.0070911851735718139 0.0077978708056920211 -0.49610290621654457 -0.50462803486036978 -0.0083921442177450553 0.0017344380552535054 0.0077597145467629362
0.0088266828356861459 -0.023097422351830293 -0.014818587209965027 0.0048987777674691516 0.49801278566028917 0.49407947446079903 0.49385981344001373 0.51205106662871502 0.023264079888564132 -0.0089628696187232394 0.017273905877100804
-4.1197088086911352e-06 0.00013482032464879769 -5.9477730588253293e-05 6.4078383376427195e-05 0.50015905292391405 0.50014151738434953 0.49918902329056114 -0.49916733600154822 0.021622440197658372 0.019618858232077291 0.022118288959673691
0.0056547573828299984 3.2641433363157699e-06 2.3792537946245196e-06 0.0056450588621177449 0.50335973686324342 0.50335605859220511 -0.49817618035412231 0.49253157126206704 0.036702051277545215 -0.020336451249953494 0.025890991039953008
-0.0034292005922904223 0.0022382184598410083 -0.014748483829390188 -0.010391004712181878 0.50255255705401347 0.49879298622122625 -0.49914734109007847 -0.49816595886404741 0.016116582894645851 0.0071423987393907928 0.026001455921361195
-0.013826660770059989 -0.0074518445422814663 0.0025116095101689116 -0.01261270928799298 0.50121437704427474 -0.50001023504840258 0.49889676662120119 0.49767272704921195 -0.026710262559376634 0.020568627243142571 -0.02547909714974736
-4.0715939057850203e-06 -1.664107048892392e-06 7.2828741534319029e-07 2.1203794697169075e-06 0.49688409834523894 -0.49688358237559321 0.50225990837088819 -0.50225718959698362 0.039091729713541822 -0.0053993368938075378 0.011326169845962311
-0.019626443908160398 -0.016535326979407849 0.00079332656990707467 0.01997996666897808 0.51358451817741935 -0.51362416694894475 -0.48347123847267787 0.48667472963421976 0.017008648476684263 -0.020856804382555109 -0.0064562941098644357
0.010265739147239191 0.0086180321779251671 -0.011962552551498385 -0.0077116121319126662 0.50558918029400468 -0.50834178810902886 -0.49307594268271271 -0.49156766883112479 -0.0040387906241900326 0.028354598171075496 -0.0017396459441646108
-0.018091508004257666 -0.018718709244559744 0.018267065602689109 0.017156679300387459 -0.50661878803284366 0.50597056234527293 0.49254152382398075 0.49271090319361799 0.015306386405682519 0.020567970754530509 -0.0026362628210685971
0.0069022014684338006 0.012856020816967356 -0.01975245177348111 -3.6608525543565988e-06 -0.50861003901970048 0.50171608428855974 0.48756594883627447 -0.50041956607418681 0.029201966081468581 0.00057522054159768118 -0.00058281860150994616
1.1501962386502767e-05 9.7334804502565274e-06 1.8562304502002278e-06 -6.5516909790251847e-06 -0.50669188032111923 0.5066890510040728 -0.49156270019590848 0.49156162194282094 0.039985662344393672 -0.03997378328907765 -0.0081283947568501907
0.0039884916935519774 0.0050946679573333426 -0.015451158646042268 -0.0029072803048272892 -0.50829307685173786 0.49679264715012855 -0.49687787937369288 -0.49578557064765022 -0.027945902914276639 0.012866725791966373 0.030144224599183585
-4.5353853726427342e-06 -6.9807852603335654e-06 5.868789818921575e-06 1.1217945603355624e-05 -0.48504670661946037 -0.48505809003975331 0.51256425542404815 0.51257081955645512 0.040606387159935572 -0.040594351959598741 -0.02646885654175727
-9.7418990240682358e-06 -0.01168440195059337 -0.0058435447473038872 -0.0058513342865848276 -0.49330687355310776 -0.49914423009466907 0.49955945289225134 -0.50539607558735977 0.033684671715829569 -0.02008223983983163 0.027850708029889773
1.6321154039934414e-06 2.0001601378978029e-06 1.5088689000026801e-06 2.1043818702983811e-06 -0.49917216409567444 -0.49917223356152479 -0.49915396833619841 0.49915381063232933 0.039932754112622502 -0.039941002419463086 0.012454417691319268
1.6485123128377291e-06 0.00029734726614102176 -0.00029443175863512553 -2.6810145232199428e-06 -0.49345210849704602 -0.49344863774546349 -0.49958354226590401 -0.51103623585881175 0.033745912578067687 -0.033446714755425148 0.0037502005619501895
0.49932672712198156 0.49760401827753575 4.3474288643904489e-06 4.235176093257056e-06 4.6536633195260537e-06 -4.2348179674448602e-06 3.9425744519503251e-06 3.0462384401718294e-06 0.53893753472262851 0.26918781327632491 0.3743625453020849
0.48436383687263934 0.50562806172144337 -0.0068750269567618262 -0.0034019576328869288 0.0068634800722309095 -0.0032848238624465492 1.7295715830758065e-05 1.1214665394600859e-06 -0.52575948012722518 -0.2252213177849734 -0.42716217852600286
0.50462689662726523 0.45863643800805981 -0.057697475611357886 -0.023958970284771595 -0.0089523998102937 -0.0084995049635701331 -0.045031544194700131 -0.050875540429107351 0.44237965970229343 -0.38073799199540465 -0.43089622008329692
0.48648685140207842 0.48648413880218172 -7.5009392329424508e-06 -0.042133724918102793 -2.0316831200723701e-05 -0.096658629766244314 -0.096648454741367684 -4.9772239501438586e-06 -0.41299459237822295 0.45511690404603317 0.3584811440553381
0.49335712200898874 0.50241391360626231 0.0020333579830200191 0.0032231486704568523 -0.0019734464992509438 0.0052131445164004019 0.0031876055502319182 6.8886273638804296e-06 0.097816789249036598 0.5306343910950333 -0.46150002473519919
0.51565924374678751 0.50613153561019808 0.026931283047315326 0.036851430115238309 0.017404239301733706 -0.0017803530545367002 0.027320651389197065 0.0078799121193417979 -0.19281681893214711 -0.47790021250601394 0.45734184600233763
0.48302582427390223 -0.47709867958317581 0.013926728712789485 0.014783800140316621 -0.013393251800056415 0.018503636104170371 0.018375151522495855 0.01661260485398685 0.52012323651742443 0.13148917196599774 0.49969732480697759
0.47046736504915448 -0.45765662993250472 0.021937119988656197 -0.053396822486451903 -0.027533897212287654 -0.048115281408321019 -0.03543520723242103 0.040715058044499729 -0.47898625246132093 -0.37316034951049787 -0.43728179410978674
0.48378069636529181 -0.50480350736310053 0.045081597881505474 -0.0015649753072138003 -4.5337594649835306e-06 -0.032390814777475616 -0.045755809423922537 0.00065941768476922931 0.4876968418718502 -0.41698338352577868 -0.30696630372787709
0.48900129963619327 -0.48900186755683378 -0.054787068340709275 -0.070557163467725975 0.070559883192630221 -0.054795852118509757 -0.070553272210799073 -0.054791822259510854 -0.40815871233082507 0.38924115614181803 0.42392400697314259
0.49846923416199757 -0.4984697248992766 -2.4489668538823967e-06 0.024024221983292831 2.8745175506293612e-06 0.024022984194297468 0.024023450503781366 -3.2987445818483599e-06 -0.091859735553406138 0.51578773308959669 -0.47628748264088688
0.46729968550233641 -0.47000662666916571 0.0097746430340381642 0.020472765030683258 0.00014704377966971003 0.010201493914747223 0.010849882477635513 0.00012224584687490692 -0.18622231758860619 -0.54764473312071249 0.47475758528466411
-0.48909151115689181 0.4890909899717461 -3.4013121118280793e-06 6.7173834891486498e-07 -1.9134865783455367e-06 -8.4779224662883179e-06 -1.1362093872253853e-05 4.7183302511322125e-06 0.54916895810801525 0.2008153423158211 0.42387044098986815
-0.54208391967786906 0.54208499508834473 6.7710203340105881e-08 -7.6061827734856465e-06 -2.1417248279910867e-06 -1.9200855912009729e-06 -2.9517685939960952e-06 2.7912634279683746e-07 -0.49619326532701608 -0.20352380838020509 -0.3530710762981793
-0.45506445522927519 0.54172767461415605 0.029169421345112089 0.028679794723962045 -0.0010812190784965912 0.00061390497727467457 0.013906513702524038 0.015493365870573263 0.45042624660192632 -0.43782324017558938 -0.32057153287196172
-0.48979177239558674 0.51223754416551737 0.053852568217061962 -0.0095783219922995124 -0.088894007560049268 0.025634445271521325 0.04125547922243835 0.076308462615089209 -0.39588820940971897 0.41833158326556269 0.3832907791494411
-0.50791330927061396 0.50737780941596178 0.018427341078934862 -0.0029510644404142422 -0.017935873751336897 -0.00084852075512809901 -0.0018523162699767477 0.01840572446514083 0.18281987083934606 0.50213756454706526 -0.44498729967398287
-0.48883935590261729 0.48897459083863543 -0.0025316167450869114 -0.016940680415616072 0.0021428610883301542 -0.01681578839321634 -0.016674716528501634 -0.0023889104490690924 -0.10165560893416373 -0.53007672472205802 0.479333104762655
-0.49803170843760131 -0.50219621720693697 -0.0011464236809587104 -0.0018194198159726584 -0.0018203024624516594 1.1873377144240467e-05 -1.2903561084979064e-05 -0.00068542727559008966 0.53425584817574612 0.26724825019962656 0.37802649387868575
-0.48895792438517832 -0.48433685943581278 -7.4136702761697437e-06 -0.003049006247494458 0.0065818176921900997 -0.006581327224548736 0.0035357443146484362 3.4213380957385996e-06 -0.54273262588261884 -0.20778435002856169 -0.43416181692171385
-0.49165881737794043 -0.47399539662615742 0.030168526465457809 0.054852508621557224 0.012475148616284033 0.014819096225166523 0.072707966462743884 0.023567861746183482 0.41402673599192175 -0.46137233472584088 -0.37307014993657694
-0.48969938642500832 -0.48969668501203184 -0.024830075135879516 0.04976843709512186 -0.022697233226795861 0.077629090409172832 0.07760706960251651 -0.023914490093329899 -0.42117600191499244 0.44610964550501703 0.35743390591369734
-0.49866112909821569 -0.49604053678409143 3.6853124074843784e-05 -0.0058989112149118259 0.0026109219808947725 -0.0058709379687656663 0.0032739055966443113 2.7525509922548034e-06 0.098393735595082715 0.53369492812907804 -0.45900158918576345
-0.51275549506529283 -0.50524333553914214 -0.016728717533117179 -0.0039433163987876033 -0.00066249483261630936 0.011463119462824377 -0.018957755717867907 -0.024252249598742996 -0.20371194894893099 -0.49733333559496051 0.43771812788693432
0.00034093431968868827 -1.4190350531104541e-05 0.49630584591991816 0.49630587741542942 -5.5427607238176219e-06 0.00032550297577486382 -4.9828127323509994e-06 -0.00032552192158952692 0.54163218930095502 0.27088218775410922 0.37499075563189743
0.011932756073189952 0.00053520926849223228 0.48629644080752937 0.48577734156627822 0.001046769646936988 -0.012966633132726833 -2.2211740400079908e-06 0.012435191719922769 -0.53899980067865716 -0.2074025708933355 -0.43992385036268561
0.045183832767545867 0.030627089630292585 0.44968494786252289 0.53802718036760699 -0.0090421578743995167 0.001721073663791254 0.036236497874545276 0.055331175820530085 0.41879371236890317 -0.39226720307812912 -0.41425780119248573
0.029038065756064501 -0.020593675743047719 0.48053139011776613 0.51024652281038374 -0.058761461790317354 0.054551510675551286 -0.011256222938734116 0.050313080414917929 -0.41689786165484632 0.44865561874071841 0.35112417137464624
-0.0085597440805086529 -0.00034039385141746608 0.49985352614698902 0.49206295045873988 0.0017733088013020938 -0.0014278143294423815 -0.0096645878905294701 -0.0082264298589280471 0.10778803482883581 0.52840200442327512 -0.46578312515760417
1.2675382919870821e-05 0.023671826075247496 0.50722397203809677 0.51714152787358314 -1.1943642732276861e-05 0.023667227825543997 -1.6421525901299347e-05 -0.0236708696173441 -0.20092104956032811 -0.49745751739652688 0.43101557849296546
-1.2800905231616758e-05 1.2601330265655642e-05 0.49162674959747255 -0.49162716383154342 3.9066996783605247e-07 -5.6795387985185118e-07 -3.6447415051060808e-07 -4.4797961642197376e-07 0.54662280707688338 0.21498493764510804 0.41423526396098709
-0.041237853439675974 0.041230882798450851 0.50901545186284869 -0.49921243887525241 3.2474717964154028e-06 0.0098136441937803909 0.0098037805122285944 -9.5761045518830079e-06 -0.48800907622429435 -0.29649953025149944 -0.40253249886293602
-0.023934083270232862 0.0013714049364764531 0.48733797542463586 -0.49219881862519621 0.014729753075213728 0.017020031027608649 0.041906480851639123 0.020817077994559993 0.48019454164564129 -0.41975239440077294 -0.33195222272580766
-0.063568636488261124 -0.070376076023253298 0.49669416699696428 -0.48988658329975149 0.049439737612504343 -0.063576839493610884 0.051883631196990639 0.056764649960834072 -0.41442160882024237 0.37778463592038991 0.42124261003781338
-1.0723798856676328e-05 -5.371106659948869e-06 0.54158372531641208 -0.54159249308655311 4.3263727026125455e-06 8.7810740968561476e-06 2.4988038223258474e-06 -3.283308448078421e-06 0.083088487993152466 0.49667660008895892 -0.39971652171892469
0.00032100544087464812 0.0025632024873925192 0.49906038545519354 -0.49938081829047809 0.00065015180880228173 0.0060575467608265238 3.276389366285206e-06 -0.0057316872978920731 -0.086109602157579637 -0.53282957186299218 0.4584306620261957
0.002160784271157555 -4.4442066312014725e-06 -0.48917387369519671 0.48915604051401729 -5.3113109028711181e-05 -0.0022820663065570069 -9.7822131371599061e-06 0.0022568814827605846 0.54682302096860869 0.24677431434378222 0.40187975512065705
0.0010074388767237882 -1.9380876863793531e-05 -0.53949556247266051 0.53951067782619 -1.1797449707928008e-05 -0.00099950791177860982 -2.1420753906418732e-06 0.0010118695933358718 -0.49775316498291017 -0.14284084709189945 -0.38692119014959681
0.040905923036448036 -0.055911130839220648 -0.52035765614175333 0.48623831580550153 -0.013495640996141959 -0.00070049582562200922 -0.0037529520892035447 -0.004761867275073931 0.45608493102709186 -0.39533266287423408 -0.35139735222573626
0.055833310731952308 6.8572322039212618e-07 -0.49841926781744006 0.48005345950472489 -0.080414108332355835 0.018355381837461188 -0.098776883920488473 -0.018365821620514228 -0.40361019889308331 0.44107248068851784 0.37903284813423382
-0.013316194940808228 0.010486090280204021 -0.47616500807994006 0.47616141030458503 -0.013334634794422186 -0.010510744907702162 -0.013330044628887925 0.010502277572340218 0.19697467396915549 0.53828532718095901 -0.46596515477953487
-0.012220115336062756 0.012165270192432994 -0.49437995046072614 0.49439259053136758 -4.9361553787982686e-05 7.7510117878998265e-06 -7.2330806258949626e-05 6.7970812527383797e-06 -0.044692639913185186 -0.53165770301538096 0.47561513115108545
0.0030986578472885547 -0.0041443811632831612 -0.50174116746941122 -0.50347964110313403 0.0024122688155722664 -4.7237632032442445e-06 0.0010403327727410627 0.0017327527046950358 0.53065102399954489 0.26493186130540031 0.37808460705447244
-0.017838169576971173 0.017841658716821217 -0.49729968678556596 -0.49962003231173907 0.0023364468319434597 -1.344453197466831e-05 2.9481912509381765e-06 -0.0023241329373546228 -0.52080162868827573 -0.23122184396978102 -0.42157749159065411
-0.05044189374384659 -0.048697794478972309 -0.48114431275608305 -0.48860857571589655 0.043809797457822049 0.0013891096610269683 -0.021621262700430507 -0.061976902665815667 0.44380214668652512 -0.37137967522000098 -0.4286407565712127
-0.057114038017137748 0.040638777663174266 -0.47979724650359118 -0.48487260488498851 0.063275708615918233 0.0072427206859379334 0.068336754893855878 -0.045722995131630556 -0.42794918247138586 0.44948313612888757 0.36576941724512635
-0.0017655171740706829 0.0017636953642149824 -0.50012861479715964 -0.4983456310474168 -3.7264199106793048e-06 5.8612183221224802e-06 1.0518859552186733e-05 -0.0017600974134735882 0.088249930942047528 0.53636765369962247 -0.45391118586843754
-0.019186387628003117 -0.028585961035297817 -0.50212412103679149 -0.50212796581601182 0.01919928012986738 -0.028586669004816431 0.019202496517717896 0.028587352687020038 -0.19506948512833891 -0.4883689607887205 0.46435489647620709
9.3994285879874564e-06 -1.1729041344165192e-05 9.7528365454462491e-06 -1.0352181996183981e-05 0.49030649605950322 0.49030648750746669 -6.5183005367583056e-06 4.5631445755190101e-06 0.54795950703546459 0.24384086906005462 0.39935084445123592
3.8522410878828495e-06 -0.0032864223877013903 0.0027558149600328897 -7.1795709318504215e-06 0.53856471936878936 0.53910111192210464 -0.00053483161700548321 0.0032833036969636266 -0.49589455062222731 -0.14994474631228327 -0.38845043520309824
0.036446499719795224 -0.040409350261895613 0.029977180162947474 0.035038638277332411 0.49810663341449857 0.50752273982596818 -0.017124360715941742 -0.023768102095351455 0.4552853162737317 -0.39738494149527837 -0.35094896000120779
0.055142995960754997 0.086452227763679099 0.065474451295004885 -0.013167057669945692 0.5033055633133926 0.48232509345129709 0.044495639229431914 0.034165376405957501 -0.40400875561456295 0.43533053610007988 0.37840205623950079
-0.011757343413179619 0.009268317133591884 0.012260611924876784 -0.017715568979005687 0.4760584248249678 0.47902410375150739 -0.0063145587560563734 0.01473570315860691 0.19521760963833884 0.53523282075587264 -0.46730598245210991
-0.012294249633912846 0.012289179046095933 8.1826672499726603e-06 -1.1128340260675922e-05 0.49449911068068858 0.49450337601480748 -8.4222745311513841e-06 9.2785757636411894e-06 -0.047427747255674349 -0.53147110107229079 0.47531457511601122
0.0059032986710194722 -0.00099649999198656155 -5.0315389332538453e-06 -0.0049034315967927825 0.50109529678087761 -0.50208165978958952 -0.0058820003258084792 -1.3247165038333193e-06 0.53030024801376818 0.26425520116495727 0.38167245449083337
-0.0090352244797396817 0.016247632626477534 -0.0087192582306044666 -1.163785200609381e-05 0.49580370297566934 -0.49729761389830068 -0.0014763984185007487 0.0038880367441429795 -0.52471811081348063 -0.22128814924878848 -0.42677545323523375
0.0020517825189860089 0.015225759230699219 -0.013709931676780307 0.032248343595903659 0.4883074442212581 -0.47933852328417553 0.070316864973194226 0.027907670043222015 0.46409229345469777 -0.45634519939850593 -0.31775866811454206
-0.0961429639384071 -0.014237341727317502 7.9337065131077529e-06 0.091296397665263332 0.47855012524084739 -0.48793593860693063 -0.0048524802009008057 -0.0029650165680465599 -0.4208965884840849 0.45417867748505247 0.36285334031377192
-0.016640173168019613 0.017955473749446532 0.0020673816731710056 0.00012648176677802867 0.49817103924836881 -0.49751400554173458 0.001440568049404995 0.00016554885329129524 0.11354619148008573 0.52201023129043223 -0.46723904338627359
0.038857699751626819 0.033286857203326442 -0.019031565551119359 -0.0078170892452172902 0.52044031109164079 -0.50365503736441963 -0.0022510390444773405 -0.022073489407956982 -0.19010711148967449 -0.4767397479058712 0.45663818902989306
-4.4834434863461126e-06 -0.0015215313990226645 0.0015171353675287006 8.2075524848274284e-06 -0.49915537672722621 0.49915362188013035 5.4999561784823403e-06 0.0015191894643558513 0.53759511769576795 0.26775447499823979 0.37547526867221787
1.3629499489841116e-05 0.00694174753027139 -0.0069307284295935809 -1.4659258813857396e-05 -0.48375609382343543 0.48374979257446815 -2.3117249503428373e-06 0.006920536273384406 -0.54757352834965045 -0.22271456427543318 -0.42706383211355881
0.00045119274365452018 -0.018429563431039346 -0.031056040348491954 -0.0048796065817144256 -0.47626305190181722 0.50082929548477262 -0.045610340037178621 -0.070212677752361743 0.42172271473264838 -0.39609135978417503 -0.42339915557202967
0.098558003273938266 0.0069954722223406476 0.0069944672522084146 -0.09156527914851055 -0.48991394348576411 0.48292910122058635 -1.1017062469552587e-06 0.041322631387606869 -0.41545384884295006 0.44978841388611268 0.36324784096157042
-0.012009062644061267 -1.1218265461485681e-05 1.128715664831126e-06 0.012114405190421916 -0.50469291405825756 0.50470073040830887 2.6130320133901537e-05 -0.012130401156113061 0.08908498220001268 0.52143048259901226 -0.45858284872731159
-0.033581905862864588 -0.033570786331652204 8.5831157544354325e-07 0.016805770661011216 -0.50421132016864412 0.52099018600206015 0.01678734953075163 1.9207572198829758e-05 -0.19458589597205461 -0.48369982555515512 0.4468690938655791
0.0010830053442498421 -1.1867665320039919e-05 0.001030189131422956 -0.00160172197664169 -0.49059938394892438 -0.49109397579357772 -0.00059546789562445429 0.00051744897671707885 0.54555411857953617 0.21833521747095602 0.41573304624626151
-0.047762574417398618 0.035426767823618879 -2.4160711202439767e-06 0.012349456631016715 -0.50373897942868961 -0.50372993121601539 0.012336932802529408 -8.8388037876608003e-06 -0.48676304382527957 -0.29724892916465373 -0.40418681548294288
-0.023371530950642667 -0.0014640167230063194 0.0040338547565337644 -0.027170148418868039 -0.48856491219564352 -0.48826274438438549 -0.0074774065865944065 -0.0083107303469951398 0.48102704623662257 -0.42258796232448975 -0.33392869493859512
-0.054262890396997124 -0.066966843113481236 -0.050151891241229221 -0.070567458595400021 -0.49729559853122418 -0.48958248342795951 -0.046525641132910342 0.059252018235385756 -0.41115495019288573 0.37907449510527469 0.42386410438753508
1.6403247883408288e-06 1.7776449554768745e-06 5.3045971983100352e-07 9.2651243786509878e-06 -0.54154024796554301 -0.54153299656142262 4.2015548786502678e-06 -5.0534462997989843e-06 0.082979146595088121 0.49673648953576166 -0.39980432029618979
-0.0017701138125283116 0.00035171399520368403 -0.00073322314154135608 0.0062959402046267529 -0.49908866774419319 -0.49944404560106664 6.0486537948663556e-06 -0.0059233787216637574 -0.083568355443120051 -0.53252265361729922 0.45915529013498552
-1.4734008509571627e-07 2.0549813439048027e-06 -4.9199761425350419e-07 -2.2093597171984952e-06 -1.2164264596669881e-06 1.5823374267513084e-06 0.49954787449142829 0.49955193815989118 0.53871548089865873 0.26792961463454706 0.37269174179253162
-0.0060398697406622657 0.011783039767564285 -0.0055493302851096467 -0.0098909260202881214 0.0043218140393759862 -0.010536575079350137 0.49328203046359376 0.4920431761724256 -0.52886922653036161 -0.21996290374804967 -0.431330929078793
0.051184496511851772 0.034468272683079088 -0.062025620091436438 -0.017188064504505756 -0.01941327659127183 0.067477334749991486 0.480257557643683 0.49110041797736775 0.42848066778998267 -0.39658959519615838 -0.4176283999848911
0.08112444806390981 -0.051260990909852214 -0.030906987093670363 0.025609550623630111 -0.0010278658872806821 -0.038560642595563105 0.50399974820899229 0.47943801219539522 -0.41768358234752928 0.45209457031818079 0.35350591923022007
0.001952242274731688 -0.0049378632697989946 0.0094525604959893629 0.0060135477469650195 -0.0040139650127563476 -0.008377938738461729 0.49573706143871443 0.49665713855179938 0.10354699102525579 0.52811246934594103 -0.46659584635952356
0.0039594316829320957 0.015839708480990648 -0.018036975804247343 -0.0017503929773482511 -0.02992594545044527 0.032140647831973519 0.51462024691331443 0.50054037246647776 -0.19952827993898306 -0.48975296324669615 0.44992475393531706
2.0465802697101253e-05 -0.0015263784738638795 1.2246139728055167e-05 -0.0015206301969292303 -6.1162064995296852e-06 -0.0015064424458330549 0.48959248107988185 -0.48959430524684655 0.54715341253034111 0.24402307039732912 0.40207659828402931
0.0012326030575731609 -0.00090065306492388361 0.0012395502600386279 -0.00089964467522738085 -0.0012388195607756867 -0.0008964697559808916 0.53982376977672253 -0.53982494876586007 -0.49631640062193183 -0.14972910045326435 -0.38525775081310676
0.058912161478710673 -0.034985330061360731 0.010570906813202828 1.1032711421996918e-06 -0.011406017732846708 0.0084774599839798504 0.52362733665454275 -0.47911226424252956 0.45571088344998628 -0.40133353922305154 -0.35002358039199344
0.085997082632204555 0.019113621447667487 0.085993803253720774 0.019125655201056461 -0.019124717933218342 -0.058704687770653192 0.49078806643704548 -0.49079272205372965 -0.40278671202309901 0.44235867711846122 0.37549659703441157
-0.013321582832142315 0.014044532063047935 0.013336243140795657 -0.014066960421690632 -0.014064370978123662 -0.013333988541091576 0.47885344135569563 -0.47885313416105751 0.19773707197395646 0.53203240043965394 -0.46702738984717179
-0.012346363177404158 0.012466109395709983 1.4795677568206162e-06 0.00079061106059867396 -0.00012868992300858818 0.0006570089405441578 0.49520135949291344 -0.49454409698866442 -0.04942013901819689 -0.53059102851259821 0.47531426462325488
7.5087896902320799e-06 -0.00028302925932141164 0.00080557030642227614 -0.00083409582761276031 -0.00022161082924495044 -1.619357953857687e-05 -0.49140029477504399 0.49115384638562704 0.54600677061290426 0.2166053999799569 0.41503118247318554
-0.035928187477906728 0.04762218926802575 -3.6858127992682832e-06 0.011701540376452053 3.6153974562325133e-06 0.01170085604588496 -0.50388970716464099 0.50388943776174611 -0.48674430048230144 -0.29727577209500461 -0.40381326764585884
-0.010411971934164665 0.017241780276760012 0.0032828594117300693 -0.024038308904711741 0.026350649547850023 -0.018849335065008382 -0.48575316438212363 0.4982772972836858 0.48167545659594252 -0.4146851324366026 -0.33127727658560385
-0.066309715967413835 -0.066314701133809717 -0.04104332031182556 -0.059676458300880149 0.059659206657065852 0.026387380882536525 -0.49644419710716386 0.4898155314554794 -0.41584026541215235 0.37937664033075408 0.42246677513435066
1.2702562014554086e-05 4.8163078722675969e-06 3.4165373757228409e-06 1.0388767225614281e-05 7.7196380440241007e-06 4.4281197288687936e-06 -0.54156308691224131 0.54156717574005064 0.083038493669964838 0.49670289245552673 -0.39975650322041512
0.0024111127552025524 0.0045874060773877668 -0.0020292959673988511 0.0038227268708233967 0.0041915540651650089 0.001379811410184423 -0.49896087223399899 0.49933954270627545 -0.085003032386945052 -0.53267714398749266 0.45897990346052009
-0.00076081659416457528 -0.0048560057228771679 0.0017916440543706766 0.0053576173085017062 0.0012794671945797773 -0.0043442028394453736 -0.50019572153734526 -0.49968512807665161 0.53194276624567682 0.26532185705965916 0.38299299695991978
-0.0021408549992098318 0.0088770209381796757 -4.5628656662663306e-06 0.001459807316516627 0.0023376763412251717 -0.0067269137387888957 -0.48764574626648477 -0.4899822697594306 -0.53939311739712437 -0.21573081059940902 -0.42953236410557288
-0.048852982081136268 -0.03570169412292553 0.055581993983778284 0.039509448125859346 0.04991578004040894 -0.050152299231845457 -0.45094817137679527 -0.5223214856083781 0.41692782386913402 -0.41042207866566377 -0.41016155579004837
-0.089313929980789214 0.018792193646901167 0.089309271896752737 -0.018870293858480238 0.018863619960022737 0.044888978005813686 -0.48284492553440972 -0.48284283250746074 -0.42121243883833642 0.44723356371003653 0.3704761566805776
-0.0035719142149516622 0.0035696053725355332 -1.6901190488025533e-05 1.2815764592392814e-05 1.5481226886246159e-05 1.50928683228286e-05 -0.50136047168626818 -0.50137088231940485 0.092881228648068831 0.53330381860399556 -0.45188441956873704
-0.010604456371501586 -0.023204714180766819 0.010214618681355368 0.024595007267817885 0.024991283662839023 -0.011997921752872523 -0.50788099373245044 -0.5093569643976994 -0.19731363652204198 -0.49371425693746923 0.44474403864028261
-0.016536560382911989 0.016535213285452242 -0.013889625823354965 0.013884625988815459 0.013883703172854757 0.013892684236349201 0.013893000929564707 -0.013879696115206121 0.9939855013151645 -0.078796146127601385 -0.06387479589369742
-0.0036964869462688356 0.004560555823181869 0.0046318429384303366 -0.0076015757656357095 -0.0030357435356305113 -0.0016268082936713054 -0.0019628620820180201 0.0070043246296439569 0.11794585917516755 0.66340660071946744 0.7387841228544888
-0.071292788036404459 0.067854401432110495 -0.073065621917677431 0.073914883262947664 0.070458455241321258 0.068714518148655299 0.070434686394866788 -0.073025781636520737 -0.09417420413516131 -0.52203048823924281 -0.82349658370872281
0.025875948799747413 -0.026524715238129756 0.023750836701785967 -0.021349812230478129 -0.021593116529679646 -0.024363963974053875 -0.024148569942373417 0.021994871748427895 -0.9660227242517786 0.2495320237347235 0.0037456846474206522
0.15836008028958742 -0.15835976493277401 0.030750511088163842 -0.094557704216159444 -0.030763981997207569 -0.094567219291847887 -0.094560715591371386 0.030757425138079365 0.58819964356418319 0.75460543859873319 -0.069081098162130553
0.17335717497663661 0.17335724069304453 -0.17335729392392923 -0.17335730778569586 -0.17335621530720055 0.17335619453063281 -0.17336138215844937 -0.17336136742450564 0.51821015287516559 -0.47167180238300643 0.51822766970800005
-0.061387261488147875 0.079897052938079652 0.048970567202774123 -0.082618554015970583 -0.057550984931744591 -0.073793331491341277 -0.064061572836985214 0.067417592494890821 -0.45070035652939344 0.32662006934565718 -0.8083353595708278
-0.035352521166858136 0.092881372398976467 -0.12800676876288739 0.076650742197804086 0.12752647995251667 0.073362366888483715 0.099609239588824908 -0.099129341650670777 -0.71826610358784493 -0.63279051378505569 0.10069003887227827
0.086361987934595527 -0.086363916622029205 0.048952078650387497 -0.067655310474766153 -0.06763140302492808 -0.0489377000478275 -0.067646825366277322 0.048941276639837272 0.48937814686945746 0.16396294343956272 -0.83534081053719855
0.01603229230695663 -0.016034158013502178 0.016042911360715478 -0.01604291829536663 -0.016044070581779746 -0.016040966173458526 -0.016045968682152086 0.016044500251955661 0.12917806393751813 -0.99017005419050663 -0.028597007424756914
-0.044222173573539296 0.045130255466536734 -0.018364111047371526 0.031634537825057853 0.016550345234587899 0.030726154306263919 0.029823490653664717 -0.017447381119821938 -0.29955855634433021 0.94497256920320671 -0.097720660220022001
-0.02777154800921738 0.017606226760019571 -0.014879007825550364 0.036597063619736615 0.019858647709698495 0.023996306911373801 0.026122243303367685 -0.031375716537756677 -0.51602012388479046 -0.071976109890949394 0.85044912104968251
-0.17335425893515538 -0.17335426580235633 0.17335679211954802 0.17335682489965648 0.17335642411256844 -0.17335643112087651 0.17336392445460999 0.17336392194256145 0.51820948245446741 -0.47167301800931083 0.51822767966839245
