1 1 0 0 0 0 0 0 1 0.70710678118654757 0.70710678118654757
1 1 0 0 0 0 0 0 -1 -0.70710678118654757 -0.70710678118654757
1 1 0 0 0 0 0 0 1 -0.70710678118654757 -0.70710678118654757
1 1 0 0 0 0 0 0 -1 0.70710678118654757 0.70710678118654757
1 1 0 0 0 0 0 0 0 1 -1
1 1 0 0 0 0 0 0 0 -1 1
1 -1 0 0 0 0 0 0 1 0.70710678118654757 0.70710678118654757
1 -1 0 0 0 0 0 0 -1 -0.70710678118654757 -0.70710678118654757
1 -1 0 0 0 0 0 0 1 -0.70710678118654757 -0.70710678118654757
1 -1 0 0 0 0 0 0 -1 0.70710678118654757 0.70710678118654757
1 -1 0 0 0 0 0 0 0 1 -1
1 -1 0 0 0 0 0 0 0 -1 1
-1 1 0 0 0 0 0 0 1 0.70710678118654757 0.70710678118654757
-1 1 0 0 0 0 0 0 -1 -0.70710678118654757 -0.70710678118654757
-1 1 0 0 0 0 0 0 1 -0.70710678118654757 -0.70710678118654757
-1 1 0 0 0 0 0 0 -1 0.70710678118654757 0.70710678118654757
-1 1 0 0 0 0 0 0 0 1 -1
-1 1 0 0 0 0 0 0 0 -1 1
-1 -1 0 0 0 0 0 0 1 0.70710678118654757 0.70710678118654757
-1 -1 0 0 0 0 0 0 -1 -0.70710678118654757 -0.70710678118654757
-1 -1 0 0 0 0 0 0 1 -0.70710678118654757 -0.70710678118654757
-1 -1 0 0 0 0 0 0 -1 0.70710678118654757 0.70710678118654757
-1 -1 0 0 0 0 0 0 0 1 -1
-1 -1 0 0 0 0 0 0 0 -1 1
0 0 1 1 0 0 0 0 1 0.70710678118654757 0.70710678118654757
0 0 1 1 0 0 0 0 -1 -0.70710678118654757 -0.70710678118654757
0 0 1 1 0 0 0 0 1 -0.70710678118654757 -0.70710678118654757
0 0 1 1 0 0 0 0 -1 0.70710678118654757 0.70710678118654757
0 0 1 1 0 0 0 0 0 1 -1
0 0 1 1 0 0 0 0 0 -1 1
0 0 1 -1 0 0 0 0 1 0.70710678118654757 0.70710678118654757
0 0 1 -1 0 0 0 0 -1 -0.70710678118654757 -0.70710678118654757
0 0 1 -1 0 0 0 0 1 -0.70710678118654757 -0.70710678118654757
0 0 1 -1 0 0 0 0 -1 0.70710678118654757 0.70710678118654757
0 0 1 -1 0 0 0 0 0 1 -1
0 0 1 -1 0 0 0 0 0 -1 1
0 0 -1 1 0 0 0 0 1 0.70710678118654757 0.70710678118654757
0 0 -1 1 0 0 0 0 -1 -0.70710678118654757 -0.70710678118654757
0 0 -1 1 0 0 0 0 1 -0.70710678118654757 -0.70710678118654757
0 0 -1 1 0 0 0 0 -1 0.70710678118654757 0.70710678118654757
0 0 -1 1 0 0 0 0 0 1 -1
0 0 -1 1 0 0 0 0 0 -1 1
0 0 -1 -1 0 0 0 0 1 0.70710678118654757 0.70710678118654757
0 0 -1 -1 0 0 0 0 -1 -0.70710678118654757 -0.70710678118654757
0 0 -1 -1 0 0 0 0 1 -0.70710678118654757 -0.70710678118654757
0 0 -1 -1 0 0 0 0 -1 0.70710678118654757 0.70710678118654757
0 0 -1 -1 0 0 0 0 0 1 -1
0 0 -1 -1 0 0 0 0 0 -1 1
0 0 0 0 1 1 0 0 1 0.70710678118654757 0.70710678118654757
0 0 0 0 1 1 0 0 -1 -0.70710678118654757 -0.70710678118654757
0 0 0 0 1 1 0 0 1 -0.70710678118654757 -0.70710678118654757
0 0 0 0 1 1 0 0 -1 0.70710678118654757 0.70710678118654757
0 0 0 0 1 1 0 0 0 1 -1
0 0 0 0 1 1 0 0 0 -1 1
0 0 0 0 1 -1 0 0 1 0.70710678118654757 0.70710678118654757
0 0 0 0 1 -1 0 0 -1 -0.70710678118654757 -0.70710678118654757
0 0 0 0 1 -1 0 0 1 -0.70710678118654757 -0.70710678118654757
0 0 0 0 1 -1 0 0 -1 0.70710678118654757 0.70710678118654757
0 0 0 0 1 -1 0 0 0 1 -1
0 0 0 0 1 -1 0 0 0 -1 1
0 0 0 0 -1 1 0 0 1 0.70710678118654757 0.70710678118654757
0 0 0 0 -1 1 0 0 -1 -0.70710678118654757 -0.70710678118654757
0 0 0 0 -1 1 0 0 1 -0.70710678118654757 -0.70710678118654757
0 0 0 0 -1 1 0 0 -1 0.70710678118654757 0.70710678118654757
0 0 0 0 -1 1 0 0 0 1 -1
0 0 0 0 -1 1 0 0 0 -1 1
0 0 0 0 -1 -1 0 0 1 0.70710678118654757 0.70710678118654757
0 0 0 0 -1 -1 0 0 -1 -0.70710678118654757 -0.70710678118654757
0 0 0 0 -1 -1 0 0 1 -0.70710678118654757 -0.70710678118654757
0 0 0 0 -1 -1 0 0 -1 0.70710678118654757 0.70710678118654757
0 0 0 0 -1 -1 0 0 0 1 -1
0 0 0 0 -1 -1 0 0 0 -1 1
0 0 0 0 0 0 1 1 1 0.70710678118654757 0.70710678118654757
0 0 0 0 0 0 1 1 -1 -0.70710678118654757 -0.70710678118654757
0 0 0 0 0 0 1 1 1 -0.70710678118654757 -0.70710678118654757
0 0 0 0 0 0 1 1 -1 0.70710678118654757 0.70710678118654757
0 0 0 0 0 0 1 1 0 1 -1
0 0 0 0 0 0 1 1 0 -1 1
0 0 0 0 0 0 1 -1 1 0.70710678118654757 0.70710678118654757
0 0 0 0 0 0 1 -1 -1 -0.70710678118654757 -0.70710678118654757
0 0 0 0 0 0 1 -1 1 -0.70710678118654757 -0.70710678118654757
0 0 0 0 0 0 1 -1 -1 0.70710678118654757 0.70710678118654757
0 0 0 0 0 0 1 -1 0 1 -1
0 0 0 0 0 0 1 -1 0 -1 1
0 0 0 0 0 0 -1 1 1 0.70710678118654757 0.70710678118654757
0 0 0 0 0 0 -1 1 -1 -0.70710678118654757 -0.70710678118654757
0 0 0 0 0 0 -1 1 1 -0.70710678118654757 -0.70710678118654757
0 0 0 0 0 0 -1 1 -1 0.70710678118654757 0.70710678118654757
0 0 0 0 0 0 -1 1 0 1 -1
0 0 0 0 0 0 -1 1 0 -1 1
0 0 0 0 0 0 -1 -1 1 0.70710678118654757 0.70710678118654757
0 0 0 0 0 0 -1 -1 -1 -0.70710678118654757 -0.70710678118654757
0 0 0 0 0 0 -1 -1 1 -0.70710678118654757 -0.70710678118654757
0 0 0 0 0 0 -1 -1 -1 0.70710678118654757 0.70710678118654757
0 0 0 0 0 0 -1 -1 0 1 -1
0 0 0 0 0 0 -1 -1 0 -1 1
0 0 0 0 0 0 0 0 2 0 0
0 0 0 0 0 0 0 0 0 1.4142135623730951 1.4142135623730951
0 0 0 0 0 0 0 0 0 -1.4142135623730951 -1.4142135623730951
0 0 0 0 0 0 0 0 -2 0 0
0 0 0 0 0 0 0 0 1 1.7071067811865475 -0.29289321881345243
0 0 0 0 0 0 0 0 1 -0.29289321881345243 1.7071067811865475
0 0 0 0 0 0 0 0 -1 0.29289321881345243 -1.7071067811865475
0 0 0 0 0 0 0 0 -1 -1.7071067811865475 0.29289321881345243
0 0 0 0 0 0 0 0 1 0.29289321881345243 -1.7071067811865475
0 0 0 0 0 0 0 0 1 -1.7071067811865475 0.29289321881345243
0 0 0 0 0 0 0 0 -1 1.7071067811865475 -0.29289321881345243
0 0 0 0 0 0 0 0 -1 -0.29289321881345243 1.7071067811865475
2 0 0 0 0 0 0 0 0 0 0
-2 0 0 0 0 0 0 0 0 0 0
0 2 0 0 0 0 0 0 0 0 0
0 -2 0 0 0 0 0 0 0 0 0
0 0 2 0 0 0 0 0 0 0 0
0 0 -2 0 0 0 0 0 0 0 0
0 0 0 2 0 0 0 0 0 0 0
0 0 0 -2 0 0 0 0 0 0 0
0 0 0 0 2 0 0 0 0 0 0
0 0 0 0 -2 0 0 0 0 0 0
0 0 0 0 0 2 0 0 0 0 0
0 0 0 0 0 -2 0 0 0 0 0
0 0 0 0 0 0 2 0 0 0 0
0 0 0 0 0 0 -2 0 0 0 0
0 0 0 0 0 0 0 2 0 0 0
0 0 0 0 0 0 0 -2 0 0 0
1 1 1 1 0 0 0 0 0 0 0
1 1 1 -1 0 0 0 0 0 0 0
1 1 -1 1 0 0 0 0 0 0 0
1 1 -1 -1 0 0 0 0 0 0 0
1 -1 1 1 0 0 0 0 0 0 0
1 -1 1 -1 0 0 0 0 0 0 0
1 -1 -1 1 0 0 0 0 0 0 0
1 -1 -1 -1 0 0 0 0 0 0 0
-1 1 1 1 0 0 0 0 0 0 0
-1 1 1 -1 0 0 0 0 0 0 0
-1 1 -1 1 0 0 0 0 0 0 0
-1 1 -1 -1 0 0 0 0 0 0 0
-1 -1 1 1 0 0 0 0 0 0 0
-1 -1 1 -1 0 0 0 0 0 0 0
-1 -1 -1 1 0 0 0 0 0 0 0
-1 -1 -1 -1 0 0 0 0 0 0 0
1 1 0 0 1 1 0 0 0 0 0
1 1 0 0 1 -1 0 0 0 0 0
1 1 0 0 -1 1 0 0 0 0 0
1 1 0 0 -1 -1 0 0 0 0 0
1 -1 0 0 1 1 0 0 0 0 0
1 -1 0 0 1 -1 0 0 0 0 0
1 -1 0 0 -1 1 0 0 0 0 0
1 -1 0 0 -1 -1 0 0 0 0 0
-1 1 0 0 1 1 0 0 0 0 0
-1 1 0 0 1 -1 0 0 0 0 0
-1 1 0 0 -1 1 0 0 0 0 0
-1 1 0 0 -1 -1 0 0 0 0 0
-1 -1 0 0 1 1 0 0 0 0 0
-1 -1 0 0 1 -1 0 0 0 0 0
-1 -1 0 0 -1 1 0 0 0 0 0
-1 -1 0 0 -1 -1 0 0 0 0 0
1 1 0 0 0 0 1 1 0 0 0
1 1 0 0 0 0 1 -1 0 0 0
1 1 0 0 0 0 -1 1 0 0 0
1 1 0 0 0 0 -1 -1 0 0 0
1 -1 0 0 0 0 1 1 0 0 0
1 -1 0 0 0 0 1 -1 0 0 0
1 -1 0 0 0 0 -1 1 0 0 0
1 -1 0 0 0 0 -1 -1 0 0 0
-1 1 0 0 0 0 1 1 0 0 0
-1 1 0 0 0 0 1 -1 0 0 0
-1 1 0 0 0 0 -1 1 0 0 0
-1 1 0 0 0 0 -1 -1 0 0 0
-1 -1 0 0 0 0 1 1 0 0 0
-1 -1 0 0 0 0 1 -1 0 0 0
-1 -1 0 0 0 0 -1 1 0 0 0
-1 -1 0 0 0 0 -1 -1 0 0 0
0 0 1 1 1 1 0 0 0 0 0
0 0 1 1 1 -1 0 0 0 0 0
0 0 1 1 -1 1 0 0 0 0 0
0 0 1 1 -1 -1 0 0 0 0 0
0 0 1 -1 1 1 0 0 0 0 0
0 0 1 -1 1 -1 0 0 0 0 0
0 0 1 -1 -1 1 0 0 0 0 0
0 0 1 -1 -1 -1 0 0 0 0 0
0 0 -1 1 1 1 0 0 0 0 0
0 0 -1 1 1 -1 0 0 0 0 0
0 0 -1 1 -1 1 0 0 0 0 0
0 0 -1 1 -1 -1 0 0 0 0 0
0 0 -1 -1 1 1 0 0 0 0 0
0 0 -1 -1 1 -1 0 0 0 0 0
0 0 -1 -1 -1 1 0 0 0 0 0
0 0 -1 -1 -1 -1 0 0 0 0 0
0 0 1 1 0 0 1 1 0 0 0
0 0 1 1 0 0 1 -1 0 0 0
0 0 1 1 0 0 -1 1 0 0 0
0 0 1 1 0 0 -1 -1 0 0 0
0 0 1 -1 0 0 1 1 0 0 0
0 0 1 -1 0 0 1 -1 0 0 0
0 0 1 -1 0 0 -1 1 0 0 0
0 0 1 -1 0 0 -1 -1 0 0 0
0 0 -1 1 0 0 1 1 0 0 0
0 0 -1 1 0 0 1 -1 0 0 0
0 0 -1 1 0 0 -1 1 0 0 0
0 0 -1 1 0 0 -1 -1 0 0 0
0 0 -1 -1 0 0 1 1 0 0 0
0 0 -1 -1 0 0 1 -1 0 0 0
0 0 -1 -1 0 0 -1 1 0 0 0
0 0 -1 -1 0 0 -1 -1 0 0 0
0 0 0 0 1 1 1 1 0 0 0
0 0 0 0 1 1 1 -1 0 0 0
0 0 0 0 1 1 -1 1 0 0 0
0 0 0 0 1 1 -1 -1 0 0 0
0 0 0 0 1 -1 1 1 0 0 0
0 0 0 0 1 -1 1 -1 0 0 0
0 0 0 0 1 -1 -1 1 0 0 0
0 0 0 0 1 -1 -1 -1 0 0 0
0 0 0 0 -1 1 1 1 0 0 0
0 0 0 0 -1 1 1 -1 0 0 0
0 0 0 0 -1 1 -1 1 0 0 0
0 0 0 0 -1 1 -1 -1 0 0 0
0 0 0 0 -1 -1 1 1 0 0 0
0 0 0 0 -1 -1 1 -1 0 0 0
0 0 0 0 -1 -1 -1 1 0 0 0
0 0 0 0 -1 -1 -1 -1 0 0 0
1 0 1 0 1 0 0 0 1 0 0
1 0 1 0 1 0 0 0 -1 0 0
1 0 1 0 -1 0 0 0 1 0 0
1 0 1 0 -1 0 0 0 -1 0 0
1 0 -1 0 1 0 0 0 1 0 0
1 0 -1 0 1 0 0 0 -1 0 0
1 0 -1 0 -1 0 0 0 1 0 0
1 0 -1 0 -1 0 0 0 -1 0 0
-1 0 1 0 1 0 0 0 1 0 0
-1 0 1 0 1 0 0 0 -1 0 0
-1 0 1 0 -1 0 0 0 1 0 0
-1 0 1 0 -1 0 0 0 -1 0 0
-1 0 -1 0 1 0 0 0 1 0 0
-1 0 -1 0 1 0 0 0 -1 0 0
-1 0 -1 0 -1 0 0 0 1 0 0
-1 0 -1 0 -1 0 0 0 -1 0 0
1 0 0 1 0 0 1 0 1 0 0
1 0 0 1 0 0 1 0 -1 0 0
1 0 0 1 0 0 -1 0 1 0 0
1 0 0 1 0 0 -1 0 -1 0 0
1 0 0 -1 0 0 1 0 1 0 0
1 0 0 -1 0 0 1 0 -1 0 0
1 0 0 -1 0 0 -1 0 1 0 0
1 0 0 -1 0 0 -1 0 -1 0 0
-1 0 0 1 0 0 1 0 1 0 0
-1 0 0 1 0 0 1 0 -1 0 0
-1 0 0 1 0 0 -1 0 1 0 0
-1 0 0 1 0 0 -1 0 -1 0 0
-1 0 0 -1 0 0 1 0 1 0 0
-1 0 0 -1 0 0 1 0 -1 0 0
-1 0 0 -1 0 0 -1 0 1 0 0
-1 0 0 -1 0 0 -1 0 -1 0 0
1 0 0 0 0 1 0 1 1 0 0
1 0 0 0 0 1 0 1 -1 0 0
1 0 0 0 0 1 0 -1 1 0 0
1 0 0 0 0 1 0 -1 -1 0 0
1 0 0 0 0 -1 0 1 1 0 0
1 0 0 0 0 -1 0 1 -1 0 0
1 0 0 0 0 -1 0 -1 1 0 0
1 0 0 0 0 -1 0 -1 -1 0 0
-1 0 0 0 0 1 0 1 1 0 0
-1 0 0 0 0 1 0 1 -1 0 0
-1 0 0 0 0 1 0 -1 1 0 0
-1 0 0 0 0 1 0 -1 -1 0 0
-1 0 0 0 0 -1 0 1 1 0 0
-1 0 0 0 0 -1 0 1 -1 0 0
-1 0 0 0 0 -1 0 -1 1 0 0
-1 0 0 0 0 -1 0 -1 -1 0 0
0 1 1 0 0 0 0 1 1 0 0
0 1 1 0 0 0 0 1 -1 0 0
0 1 1 0 0 0 0 -1 1 0 0
0 1 1 0 0 0 0 -1 -1 0 0
0 1 -1 0 0 0 0 1 1 0 0
0 1 -1 0 0 0 0 1 -1 0 0
0 1 -1 0 0 0 0 -1 1 0 0
0 1 -1 0 0 0 0 -1 -1 0 0
0 -1 1 0 0 0 0 1 1 0 0
0 -1 1 0 0 0 0 1 -1 0 0
0 -1 1 0 0 0 0 -1 1 0 0
0 -1 1 0 0 0 0 -1 -1 0 0
0 -1 -1 0 0 0 0 1 1 0 0
0 -1 -1 0 0 0 0 1 -1 0 0
0 -1 -1 0 0 0 0 -1 1 0 0
0 -1 -1 0 0 0 0 -1 -1 0 0
0 1 0 1 0 1 0 0 1 0 0
0 1 0 1 0 1 0 0 -1 0 0
0 1 0 1 0 -1 0 0 1 0 0
0 1 0 1 0 -1 0 0 -1 0 0
0 1 0 -1 0 1 0 0 1 0 0
0 1 0 -1 0 1 0 0 -1 0 0
0 1 0 -1 0 -1 0 0 1 0 0
0 1 0 -1 0 -1 0 0 -1 0 0
0 -1 0 1 0 1 0 0 1 0 0
0 -1 0 1 0 1 0 0 -1 0 0
0 -1 0 1 0 -1 0 0 1 0 0
0 -1 0 1 0 -1 0 0 -1 0 0
0 -1 0 -1 0 1 0 0 1 0 0
0 -1 0 -1 0 1 0 0 -1 0 0
0 -1 0 -1 0 -1 0 0 1 0 0
0 -1 0 -1 0 -1 0 0 -1 0 0
0 1 0 0 1 0 1 0 1 0 0
0 1 0 0 1 0 1 0 -1 0 0
0 1 0 0 1 0 -1 0 1 0 0
0 1 0 0 1 0 -1 0 -1 0 0
0 1 0 0 -1 0 1 0 1 0 0
0 1 0 0 -1 0 1 0 -1 0 0
0 1 0 0 -1 0 -1 0 1 0 0
0 1 0 0 -1 0 -1 0 -1 0 0
0 -1 0 0 1 0 1 0 1 0 0
0 -1 0 0 1 0 1 0 -1 0 0
0 -1 0 0 1 0 -1 0 1 0 0
0 -1 0 0 1 0 -1 0 -1 0 0
0 -1 0 0 -1 0 1 0 1 0 0
0 -1 0 0 -1 0 1 0 -1 0 0
0 -1 0 0 -1 0 -1 0 1 0 0
0 -1 0 0 -1 0 -1 0 -1 0 0
0 0 1 0 0 1 1 0 1 0 0
0 0 1 0 0 1 1 0 -1 0 0
0 0 1 0 0 1 -1 0 1 0 0
0 0 1 0 0 1 -1 0 -1 0 0
0 0 1 0 0 -1 1 0 1 0 0
0 0 1 0 0 -1 1 0 -1 0 0
0 0 1 0 0 -1 -1 0 1 0 0
0 0 1 0 0 -1 -1 0 -1 0 0
0 0 -1 0 0 1 1 0 1 0 0
0 0 -1 0 0 1 1 0 -1 0 0
0 0 -1 0 0 1 -1 0 1 0 0
0 0 -1 0 0 1 -1 0 -1 0 0
0 0 -1 0 0 -1 1 0 1 0 0
0 0 -1 0 0 -1 1 0 -1 0 0
0 0 -1 0 0 -1 -1 0 1 0 0
0 0 -1 0 0 -1 -1 0 -1 0 0
0 0 0 1 1 0 0 1 1 0 0
0 0 0 1 1 0 0 1 -1 0 0
0 0 0 1 1 0 0 -1 1 0 0
0 0 0 1 1 0 0 -1 -1 0 0
0 0 0 1 -1 0 0 1 1 0 0
0 0 0 1 -1 0 0 1 -1 0 0
0 0 0 1 -1 0 0 -1 1 0 0
0 0 0 1 -1 0 0 -1 -1 0 0
0 0 0 -1 1 0 0 1 1 0 0
0 0 0 -1 1 0 0 1 -1 0 0
0 0 0 -1 1 0 0 -1 1 0 0
0 0 0 -1 1 0 0 -1 -1 0 0
0 0 0 -1 -1 0 0 1 1 0 0
0 0 0 -1 -1 0 0 1 -1 0 0
0 0 0 -1 -1 0 0 -1 1 0 0
0 0 0 -1 -1 0 0 -1 -1 0 0
1 0 1 0 0 1 0 0 0 1 0
1 0 1 0 0 1 0 0 0 -1 0
1 0 1 0 0 -1 0 0 0 1 0
1 0 1 0 0 -1 0 0 0 -1 0
1 0 -1 0 0 1 0 0 0 1 0
1 0 -1 0 0 1 0 0 0 -1 0
1 0 -1 0 0 -1 0 0 0 1 0
1 0 -1 0 0 -1 0 0 0 -1 0
-1 0 1 0 0 1 0 0 0 1 0
-1 0 1 0 0 1 0 0 0 -1 0
-1 0 1 0 0 -1 0 0 0 1 0
-1 0 1 0 0 -1 0 0 0 -1 0
-1 0 -1 0 0 1 0 0 0 1 0
-1 0 -1 0 0 1 0 0 0 -1 0
-1 0 -1 0 0 -1 0 0 0 1 0
-1 0 -1 0 0 -1 0 0 0 -1 0
1 0 0 1 0 0 0 1 0 1 0
1 0 0 1 0 0 0 1 0 -1 0
1 0 0 1 0 0 0 -1 0 1 0
1 0 0 1 0 0 0 -1 0 -1 0
1 0 0 -1 0 0 0 1 0 1 0
1 0 0 -1 0 0 0 1 0 -1 0
1 0 0 -1 0 0 0 -1 0 1 0
1 0 0 -1 0 0 0 -1 0 -1 0
-1 0 0 1 0 0 0 1 0 1 0
-1 0 0 1 0 0 0 1 0 -1 0
-1 0 0 1 0 0 0 -1 0 1 0
-1 0 0 1 0 0 0 -1 0 -1 0
-1 0 0 -1 0 0 0 1 0 1 0
-1 0 0 -1 0 0 0 1 0 -1 0
-1 0 0 -1 0 0 0 -1 0 1 0
-1 0 0 -1 0 0 0 -1 0 -1 0
1 0 0 0 1 0 1 0 0 1 0
1 0 0 0 1 0 1 0 0 -1 0
1 0 0 0 1 0 -1 0 0 1 0
1 0 0 0 1 0 -1 0 0 -1 0
1 0 0 0 -1 0 1 0 0 1 0
1 0 0 0 -1 0 1 0 0 -1 0
1 0 0 0 -1 0 -1 0 0 1 0
1 0 0 0 -1 0 -1 0 0 -1 0
-1 0 0 0 1 0 1 0 0 1 0
-1 0 0 0 1 0 1 0 0 -1 0
-1 0 0 0 1 0 -1 0 0 1 0
-1 0 0 0 1 0 -1 0 0 -1 0
-1 0 0 0 -1 0 1 0 0 1 0
-1 0 0 0 -1 0 1 0 0 -1 0
-1 0 0 0 -1 0 -1 0 0 1 0
-1 0 0 0 -1 0 -1 0 0 -1 0
0 1 1 0 0 0 1 0 0 1 0
0 1 1 0 0 0 1 0 0 -1 0
0 1 1 0 0 0 -1 0 0 1 0
0 1 1 0 0 0 -1 0 0 -1 0
0 1 -1 0 0 0 1 0 0 1 0
0 1 -1 0 0 0 1 0 0 -1 0
0 1 -1 0 0 0 -1 0 0 1 0
0 1 -1 0 0 0 -1 0 0 -1 0
0 -1 1 0 0 0 1 0 0 1 0
0 -1 1 0 0 0 1 0 0 -1 0
0 -1 1 0 0 0 -1 0 0 1 0
0 -1 1 0 0 0 -1 0 0 -1 0
0 -1 -1 0 0 0 1 0 0 1 0
0 -1 -1 0 0 0 1 0 0 -1 0
0 -1 -1 0 0 0 -1 0 0 1 0
0 -1 -1 0 0 0 -1 0 0 -1 0
0 1 0 1 1 0 0 0 0 1 0
0 1 0 1 1 0 0 0 0 -1 0
0 1 0 1 -1 0 0 0 0 1 0
0 1 0 1 -1 0 0 0 0 -1 0
0 1 0 -1 1 0 0 0 0 1 0
0 1 0 -1 1 0 0 0 0 -1 0
0 1 0 -1 -1 0 0 0 0 1 0
0 1 0 -1 -1 0 0 0 0 -1 0
0 -1 0 1 1 0 0 0 0 1 0
0 -1 0 1 1 0 0 0 0 -1 0
0 -1 0 1 -1 0 0 0 0 1 0
0 -1 0 1 -1 0 0 0 0 -1 0
0 -1 0 -1 1 0 0 0 0 1 0
0 -1 0 -1 1 0 0 0 0 -1 0
0 -1 0 -1 -1 0 0 0 0 1 0
0 -1 0 -1 -1 0 0 0 0 -1 0
0 1 0 0 0 1 0 1 0 1 0
0 1 0 0 0 1 0 1 0 -1 0
0 1 0 0 0 1 0 -1 0 1 0
0 1 0 0 0 1 0 -1 0 -1 0
0 1 0 0 0 -1 0 1 0 1 0
0 1 0 0 0 -1 0 1 0 -1 0
0 1 0 0 0 -1 0 -1 0 1 0
0 1 0 0 0 -1 0 -1 0 -1 0
0 -1 0 0 0 1 0 1 0 1 0
0 -1 0 0 0 1 0 1 0 -1 0
0 -1 0 0 0 1 0 -1 0 1 0
0 -1 0 0 0 1 0 -1 0 -1 0
0 -1 0 0 0 -1 0 1 0 1 0
0 -1 0 0 0 -1 0 1 0 -1 0
0 -1 0 0 0 -1 0 -1 0 1 0
0 -1 0 0 0 -1 0 -1 0 -1 0
0 0 1 0 1 0 0 1 0 1 0
0 0 1 0 1 0 0 1 0 -1 0
0 0 1 0 1 0 0 -1 0 1 0
0 0 1 0 1 0 0 -1 0 -1 0
0 0 1 0 -1 0 0 1 0 1 0
0 0 1 0 -1 0 0 1 0 -1 0
0 0 1 0 -1 0 0 -1 0 1 0
0 0 1 0 -1 0 0 -1 0 -1 0
0 0 -1 0 1 0 0 1 0 1 0
0 0 -1 0 1 0 0 1 0 -1 0
0 0 -1 0 1 0 0 -1 0 1 0
0 0 -1 0 1 0 0 -1 0 -1 0
0 0 -1 0 -1 0 0 1 0 1 0
0 0 -1 0 -1 0 0 1 0 -1 0
0 0 -1 0 -1 0 0 -1 0 1 0
0 0 -1 0 -1 0 0 -1 0 -1 0
0 0 0 1 0 1 1 0 0 1 0
0 0 0 1 0 1 1 0 0 -1 0
0 0 0 1 0 1 -1 0 0 1 0
0 0 0 1 0 1 -1 0 0 -1 0
0 0 0 1 0 -1 1 0 0 1 0
0 0 0 1 0 -1 1 0 0 -1 0
0 0 0 1 0 -1 -1 0 0 1 0
0 0 0 1 0 -1 -1 0 0 -1 0
0 0 0 -1 0 1 1 0 0 1 0
0 0 0 -1 0 1 1 0 0 -1 0
0 0 0 -1 0 1 -1 0 0 1 0
0 0 0 -1 0 1 -1 0 0 -1 0
0 0 0 -1 0 -1 1 0 0 1 0
0 0 0 -1 0 -1 1 0 0 -1 0
0 0 0 -1 0 -1 -1 0 0 1 0
0 0 0 -1 0 -1 -1 0 0 -1 0
1 0 1 0 0 0 1 0 0 0 1
1 0 1 0 0 0 1 0 0 0 -1
1 0 1 0 0 0 -1 0 0 0 1
1 0 1 0 0 0 -1 0 0 0 -1
1 0 -1 0 0 0 1 0 0 0 1
1 0 -1 0 0 0 1 0 0 0 -1
1 0 -1 0 0 0 -1 0 0 0 1
1 0 -1 0 0 0 -1 0 0 0 -1
-1 0 1 0 0 0 1 0 0 0 1
-1 0 1 0 0 0 1 0 0 0 -1
-1 0 1 0 0 0 -1 0 0 0 1
-1 0 1 0 0 0 -1 0 0 0 -1
-1 0 -1 0 0 0 1 0 0 0 1
-1 0 -1 0 0 0 1 0 0 0 -1
-1 0 -1 0 0 0 -1 0 0 0 1
-1 0 -1 0 0 0 -1 0 0 0 -1
1 0 0 1 0 1 0 0 0 0 1
1 0 0 1 0 1 0 0 0 0 -1
1 0 0 1 0 -1 0 0 0 0 1
1 0 0 1 0 -1 0 0 0 0 -1
1 0 0 -1 0 1 0 0 0 0 1
1 0 0 -1 0 1 0 0 0 0 -1
1 0 0 -1 0 -1 0 0 0 0 1
1 0 0 -1 0 -1 0 0 0 0 -1
-1 0 0 1 0 1 0 0 0 0 1
-1 0 0 1 0 1 0 0 0 0 -1
-1 0 0 1 0 -1 0 0 0 0 1
-1 0 0 1 0 -1 0 0 0 0 -1
-1 0 0 -1 0 1 0 0 0 0 1
-1 0 0 -1 0 1 0 0 0 0 -1
-1 0 0 -1 0 -1 0 0 0 0 1
-1 0 0 -1 0 -1 0 0 0 0 -1
1 0 0 0 1 0 0 1 0 0 1
1 0 0 0 1 0 0 1 0 0 -1
1 0 0 0 1 0 0 -1 0 0 1
1 0 0 0 1 0 0 -1 0 0 -1
1 0 0 0 -1 0 0 1 0 0 1
1 0 0 0 -1 0 0 1 0 0 -1
1 0 0 0 -1 0 0 -1 0 0 1
1 0 0 0 -1 0 0 -1 0 0 -1
-1 0 0 0 1 0 0 1 0 0 1
-1 0 0 0 1 0 0 1 0 0 -1
-1 0 0 0 1 0 0 -1 0 0 1
-1 0 0 0 1 0 0 -1 0 0 -1
-1 0 0 0 -1 0 0 1 0 0 1
-1 0 0 0 -1 0 0 1 0 0 -1
-1 0 0 0 -1 0 0 -1 0 0 1
-1 0 0 0 -1 0 0 -1 0 0 -1
0 1 1 0 1 0 0 0 0 0 1
0 1 1 0 1 0 0 0 0 0 -1
0 1 1 0 -1 0 0 0 0 0 1
0 1 1 0 -1 0 0 0 0 0 -1
0 1 -1 0 1 0 0 0 0 0 1
0 1 -1 0 1 0 0 0 0 0 -1
0 1 -1 0 -1 0 0 0 0 0 1
0 1 -1 0 -1 0 0 0 0 0 -1
0 -1 1 0 1 0 0 0 0 0 1
0 -1 1 0 1 0 0 0 0 0 -1
0 -1 1 0 -1 0 0 0 0 0 1
0 -1 1 0 -1 0 0 0 0 0 -1
0 -1 -1 0 1 0 0 0 0 0 1
0 -1 -1 0 1 0 0 0 0 0 -1
0 -1 -1 0 -1 0 0 0 0 0 1
0 -1 -1 0 -1 0 0 0 0 0 -1
0 1 0 1 0 0 0 1 0 0 1
0 1 0 1 0 0 0 1 0 0 -1
0 1 0 1 0 0 0 -1 0 0 1
0 1 0 1 0 0 0 -1 0 0 -1
0 1 0 -1 0 0 0 1 0 0 1
0 1 0 -1 0 0 0 1 0 0 -1
0 1 0 -1 0 0 0 -1 0 0 1
0 1 0 -1 0 0 0 -1 0 0 -1
0 -1 0 1 0 0 0 1 0 0 1
0 -1 0 1 0 0 0 1 0 0 -1
0 -1 0 1 0 0 0 -1 0 0 1
0 -1 0 1 0 0 0 -1 0 0 -1
0 -1 0 -1 0 0 0 1 0 0 1
0 -1 0 -1 0 0 0 1 0 0 -1
0 -1 0 -1 0 0 0 -1 0 0 1
0 -1 0 -1 0 0 0 -1 0 0 -1
0 1 0 0 0 1 1 0 0 0 1
0 1 0 0 0 1 1 0 0 0 -1
0 1 0 0 0 1 -1 0 0 0 1
0 1 0 0 0 1 -1 0 0 0 -1
0 1 0 0 0 -1 1 0 0 0 1
0 1 0 0 0 -1 1 0 0 0 -1
0 1 0 0 0 -1 -1 0 0 0 1
0 1 0 0 0 -1 -1 0 0 0 -1
0 -1 0 0 0 1 1 0 0 0 1
0 -1 0 0 0 1 1 0 0 0 -1
0 -1 0 0 0 1 -1 0 0 0 1
0 -1 0 0 0 1 -1 0 0 0 -1
0 -1 0 0 0 -1 1 0 0 0 1
0 -1 0 0 0 -1 1 0 0 0 -1
0 -1 0 0 0 -1 -1 0 0 0 1
0 -1 0 0 0 -1 -1 0 0 0 -1
0 0 1 0 0 1 0 1 0 0 1
0 0 1 0 0 1 0 1 0 0 -1
0 0 1 0 0 1 0 -1 0 0 1
0 0 1 0 0 1 0 -1 0 0 -1
0 0 1 0 0 -1 0 1 0 0 1
0 0 1 0 0 -1 0 1 0 0 -1
0 0 1 0 0 -1 0 -1 0 0 1
0 0 1 0 0 -1 0 -1 0 0 -1
0 0 -1 0 0 1 0 1 0 0 1
0 0 -1 0 0 1 0 1 0 0 -1
0 0 -1 0 0 1 0 -1 0 0 1
0 0 -1 0 0 1 0 -1 0 0 -1
0 0 -1 0 0 -1 0 1 0 0 1
0 0 -1 0 0 -1 0 1 0 0 -1
0 0 -1 0 0 -1 0 -1 0 0 1
0 0 -1 0 0 -1 0 -1 0 0 -1
0 0 0 1 1 0 1 0 0 0 1
0 0 0 1 1 0 1 0 0 0 -1
0 0 0 1 1 0 -1 0 0 0 1
0 0 0 1 1 0 -1 0 0 0 -1
0 0 0 1 -1 0 1 0 0 0 1
0 0 0 1 -1 0 1 0 0 0 -1
0 0 0 1 -1 0 -1 0 0 0 1
0 0 0 1 -1 0 -1 0 0 0 -1
0 0 0 -1 1 0 1 0 0 0 1
0 0 0 -1 1 0 1 0 0 0 -1
0 0 0 -1 1 0 -1 0 0 0 1
0 0 0 -1 1 0 -1 0 0 0 -1
0 0 0 -1 -1 0 1 0 0 0 1
0 0 0 -1 -1 0 1 0 0 0 -1
0 0 0 -1 -1 0 -1 0 0 0 1
0 0 0 -1 -1 0 -1 0 0 0 -1
