-0.26656555753764732 -0.26656555753773314 0.26656555753755551 0.26656555753782485 0.26656555753775302 -0.26656555753762734 0.26656555753759681 0.26656555753778349 0.42524379677000529 -0.42000033796602998 0.27259834499500213
1.6417019530631347e-15 -1.3463258753981973e-15 -1.8791517686264805e-16 -0.57735026918962551 -1.5861855892690985e-15 0.57735026918962584 -4.0860036391173577e-16 -0.57735026918962595 9.3560222489708923e-17 4.0764555724455189e-16 2.1972358402844904e-16
0.30099899862160656 0.30099899862160656 0.30099899862160745 -0.30099899862160745 -0.30099899862160923 -0.30099899862160923 0.30099899862160762 0.30099899862160762 0.30381750618370618 0.30240018646756284 -0.30240018649301847
-0.29497428945547666 0.29497428946585275 -0.29497428946064452 0.29497428946068621 0.29497428946058807 -0.29497428946074278 -0.29497428946060206 -0.29497428946072868 0.3293025199712068 -0.30667277093987388 0.3184854947436036
-0.57735026918962595 1.0903005425725003e-15 0.57735026918962551 6.8901039437093663e-16 -1.1675399462630312e-15 9.5990677797139689e-16 7.5163358183065566e-16 -0.57735026918962595 -7.1556005268873677e-16 -8.9794635247312745e-16 3.8647571067611799e-16
-0.30098264667397956 0.30098264667397961 -0.30098264667397984 -0.30098264667397989 -0.30098264667397984 0.30098264667397989 0.30098264667397939 0.30098264667397939 0.30388191248604079 -0.30243293230279183 0.30243292798829291
-0.29706696408741062 0.29706696408746008 -0.29706696408742655 -0.29706696408744437 0.29706696408742367 0.29706696408744732 -0.29706696408743094 -0.29706696408743999 0.32053081888456381 0.30038509861424384 -0.31786559653208213
-0.30100184479712422 -0.30100184479712422 0.30100184479712394 -0.30100184479712394 -0.30100184479712394 -0.30100184479712394 0.30100184479712411 0.30100184479712411 0.30380630862849045 -0.30239447940323994 0.30239447927136215
-0.25827232133210687 -0.25827232133238021 -0.25827232133192385 0.25827232133256328 -0.25827232133309053 0.25827232133139633 0.2582723213324517 0.25827232133203532 -0.45564598411307833 0.39807448729075834 -0.31668076038663778
-0.29285094613933482 -0.29285094613932866 -0.29285094613932916 -0.29285094613933416 -0.29285094613932455 -0.29285094613933876 0.29285094613934159 -0.29285094613932167 0.33762603377898548 -0.3348100615224191 0.29634012684820704
-0.26631807893551018 -0.26632691273896586 -0.2663226854018228 -0.26632248529166463 0.26631973592948205 0.26632307619033158 -0.2663269886008986 -0.26631795683597431 0.42601202363037916 0.27268057828939507 -0.42040310863507252
-0.26701040402816867 -0.26701040402862042 -0.2670104040271597 -0.26701040402929344 0.26701040403787718 -0.26701040401883142 0.26701040401861459 -0.26701040403809095 -0.42359765673981953 -0.42077636009456465 0.27047335010148132
