23665
22178
23372
22471
23155
22688
23038
22805
22957
22886
22936
22907
22927
22916
22922
22921
23664
23659
23632
23627
23410
23405
23378
23373
22470
22465
22438
22433
22216
22211
22184
22179
23654
23651
23640
23637
23400
23397
23386
23383
22460
22457
22446
22443
22206
22203
22192
22189
23648
23647
23644
23643
23394
23393
23390
23389
22454
22453
22450
22449
22200
22199
22196
22195
23154
23151
23140
23137
23056
23053
23042
23039
22804
22801
22790
22787
22706
22703
22692
22689
23148
23147
23144
23143
23050
23049
23046
23045
22798
22797
22794
22793
22700
22699
22696
22695
22956
22955
22952
22951
22942
22941
22938
22937
22906
22905
22902
22901
22892
22891
22888
22887
23622
23619
23596
23593
23444
23441
23418
23415
22428
22425
22402
22399
22250
22247
22224
22221
23578
23575
23572
23569
23468
23465
23462
23459
22384
22381
22378
22375
22274
22271
22268
22265
23555
23552
23539
23536
23501
23498
23485
23482
22361
22358
22345
22342
22307
22304
22291
22288
23357
23354
23351
23348
23179
23176
23173
23170
22673
22670
22667
22664
22495
22492
22489
22486
23333
23330
23307
23304
23223
23220
23197
23194
22649
22646
22623
22620
22539
22536
22513
22510
23283
23280
23277
23274
23253
23250
23247
23244
22599
22596
22593
22590
22569
22566
22563
22560
23128
23125
23122
23119
23074
23071
23068
23065
22778
22775
22772
22769
22724
22721
22718
22715
23022
23019
23006
23003
22992
22989
22976
22973
22870
22867
22854
22851
22840
22837
22824
22821
23616
23615
23600
23599
23438
23437
23422
23421
22422
22421
22406
22405
22244
22243
22228
22227
23581
23580
23567
23566
23471
23470
23457
23456
22387
22386
22373
22372
22277
22276
22263
22262
23549
23548
23543
23542
23495
23494
23489
23488
22355
22354
22349
22348
22301
22300
22295
22294
23365
23364
23341
23340
23187
23186
23163
23162
22681
22680
22657
22656
22503
22502
22479
22478
23322
23321
23316
23315
23212
23211
23206
23205
22638
22637
22632
22631
22528
22527
22522
22521
23287
23286
23271
23270
23257
23256
23241
23240
22603
22602
22587
22586
22573
22572
22557
22556
23109
23108
23103
23102
23091
23090
23085
23084
22759
22758
22753
22752
22741
22740
22735
22734
23034
23033
23028
23027
22968
22967
22962
22961
22882
22881
22876
22875
22816
22815
22810
22809
23646
23645
23392
23391
22452
22451
22198
22197
23146
23145
23048
23047
22796
22795
22698
22697
22954
22953
22940
22939
22904
22903
22890
22889
22926
22925
22924
22923
22920
22919
22918
22917
1
0