1 0 0 0 0 0 0 0 0 0 0
-1 0 0 0 0 0 0 0 0 0 0
0 1 0 0 0 0 0 0 0 0 0
0 -1 0 0 0 0 0 0 0 0 0
0 0 1 0 0 0 0 0 0 0 0
0 0 -1 0 0 0 0 0 0 0 0
0 0 0 1 0 0 0 0 0 0 0
0 0 0 -1 0 0 0 0 0 0 0
0 0 0 0 1 0 0 0 0 0 0
0 0 0 0 -1 0 0 0 0 0 0
0 0 0 0 0 1 0 0 0 0 0
0 0 0 0 0 -1 0 0 0 0 0
0 0 0 0 0 0 1 0 0 0 0
0 0 0 0 0 0 -1 0 0 0 0
0 0 0 0 0 0 0 1 0 0 0
0 0 0 0 0 0 0 -1 0 0 0
0.5 0.5 0.5 0.5 0 0 0 0 0 0 0
0.5 0.5 0.5 -0.5 0 0 0 0 0 0 0
0.5 0.5 -0.5 0.5 0 0 0 0 0 0 0
0.5 0.5 -0.5 -0.5 0 0 0 0 0 0 0
0.5 -0.5 0.5 0.5 0 0 0 0 0 0 0
0.5 -0.5 0.5 -0.5 0 0 0 0 0 0 0
0.5 -0.5 -0.5 0.5 0 0 0 0 0 0 0
0.5 -0.5 -0.5 -0.5 0 0 0 0 0 0 0
-0.5 0.5 0.5 0.5 0 0 0 0 0 0 0
-0.5 0.5 0.5 -0.5 0 0 0 0 0 0 0
-0.5 0.5 -0.5 0.5 0 0 0 0 0 0 0
-0.5 0.5 -0.5 -0.5 0 0 0 0 0 0 0
-0.5 -0.5 0.5 0.5 0 0 0 0 0 0 0
-0.5 -0.5 0.5 -0.5 0 0 0 0 0 0 0
-0.5 -0.5 -0.5 0.5 0 0 0 0 0 0 0
-0.5 -0.5 -0.5 -0.5 0 0 0 0 0 0 0
0.5 0.5 0 0 0.5 0.5 0 0 0 0 0
0.5 0.5 0 0 0.5 -0.5 0 0 0 0 0
0.5 0.5 0 0 -0.5 0.5 0 0 0 0 0
0.5 0.5 0 0 -0.5 -0.5 0 0 0 0 0
0.5 -0.5 0 0 0.5 0.5 0 0 0 0 0
0.5 -0.5 0 0 0.5 -0.5 0 0 0 0 0
0.5 -0.5 0 0 -0.5 0.5 0 0 0 0 0
0.5 -0.5 0 0 -0.5 -0.5 0 0 0 0 0
-0.5 0.5 0 0 0.5 0.5 0 0 0 0 0
-0.5 0.5 0 0 0.5 -0.5 0 0 0 0 0
-0.5 0.5 0 0 -0.5 0.5 0 0 0 0 0
-0.5 0.5 0 0 -0.5 -0.5 0 0 0 0 0
-0.5 -0.5 0 0 0.5 0.5 0 0 0 0 0
-0.5 -0.5 0 0 0.5 -0.5 0 0 0 0 0
-0.5 -0.5 0 0 -0.5 0.5 0 0 0 0 0
-0.5 -0.5 0 0 -0.5 -0.5 0 0 0 0 0
0.5 0.5 0 0 0 0 0.5 0.5 0 0 0
0.5 0.5 0 0 0 0 0.5 -0.5 0 0 0
0.5 0.5 0 0 0 0 -0.5 0.5 0 0 0
0.5 0.5 0 0 0 0 -0.5 -0.5 0 0 0
0.5 -0.5 0 0 0 0 0.5 0.5 0 0 0
0.5 -0.5 0 0 0 0 0.5 -0.5 0 0 0
0.5 -0.5 0 0 0 0 -0.5 0.5 0 0 0
0.5 -0.5 0 0 0 0 -0.5 -0.5 0 0 0
-0.5 0.5 0 0 0 0 0.5 0.5 0 0 0
-0.5 0.5 0 0 0 0 0.5 -0.5 0 0 0
-0.5 0.5 0 0 0 0 -0.5 0.5 0 0 0
-0.5 0.5 0 0 0 0 -0.5 -0.5 0 0 0
-0.5 -0.5 0 0 0 0 0.5 0.5 0 0 0
-0.5 -0.5 0 0 0 0 0.5 -0.5 0 0 0
-0.5 -0.5 0 0 0 0 -0.5 0.5 0 0 0
-0.5 -0.5 0 0 0 0 -0.5 -0.5 0 0 0
0 0 0.5 0.5 0.5 0.5 0 0 0 0 0
0 0 0.5 0.5 0.5 -0.5 0 0 0 0 0
0 0 0.5 0.5 -0.5 0.5 0 0 0 0 0
0 0 0.5 0.5 -0.5 -0.5 0 0 0 0 0
0 0 0.5 -0.5 0.5 0.5 0 0 0 0 0
0 0 0.5 -0.5 0.5 -0.5 0 0 0 0 0
0 0 0.5 -0.5 -0.5 0.5 0 0 0 0 0
0 0 0.5 -0.5 -0.5 -0.5 0 0 0 0 0
0 0 -0.5 0.5 0.5 0.5 0 0 0 0 0
0 0 -0.5 0.5 0.5 -0.5 0 0 0 0 0
0 0 -0.5 0.5 -0.5 0.5 0 0 0 0 0
0 0 -0.5 0.5 -0.5 -0.5 0 0 0 0 0
0 0 -0.5 -0.5 0.5 0.5 0 0 0 0 0
0 0 -0.5 -0.5 0.5 -0.5 0 0 0 0 0
0 0 -0.5 -0.5 -0.5 0.5 0 0 0 0 0
0 0 -0.5 -0.5 -0.5 -0.5 0 0 0 0 0
0 0 0.5 0.5 0 0 0.5 0.5 0 0 0
0 0 0.5 0.5 0 0 0.5 -0.5 0 0 0
0 0 0.5 0.5 0 0 -0.5 0.5 0 0 0
0 0 0.5 0.5 0 0 -0.5 -0.5 0 0 0
0 0 0.5 -0.5 0 0 0.5 0.5 0 0 0
0 0 0.5 -0.5 0 0 0.5 -0.5 0 0 0
0 0 0.5 -0.5 0 0 -0.5 0.5 0 0 0
0 0 0.5 -0.5 0 0 -0.5 -0.5 0 0 0
0 0 -0.5 0.5 0 0 0.5 0.5 0 0 0
0 0 -0.5 0.5 0 0 0.5 -0.5 0 0 0
0 0 -0.5 0.5 0 0 -0.5 0.5 0 0 0
0 0 -0.5 0.5 0 0 -0.5 -0.5 0 0 0
0 0 -0.5 -0.5 0 0 0.5 0.5 0 0 0
0 0 -0.5 -0.5 0 0 0.5 -0.5 0 0 0
0 0 -0.5 -0.5 0 0 -0.5 0.5 0 0 0
0 0 -0.5 -0.5 0 0 -0.5 -0.5 0 0 0
0 0 0 0 0.5 0.5 0.5 0.5 0 0 0
0 0 0 0 0.5 0.5 0.5 -0.5 0 0 0
0 0 0 0 0.5 0.5 -0.5 0.5 0 0 0
0 0 0 0 0.5 0.5 -0.5 -0.5 0 0 0
0 0 0 0 0.5 -0.5 0.5 0.5 0 0 0
0 0 0 0 0.5 -0.5 0.5 -0.5 0 0 0
0 0 0 0 0.5 -0.5 -0.5 0.5 0 0 0
0 0 0 0 0.5 -0.5 -0.5 -0.5 0 0 0
0 0 0 0 -0.5 0.5 0.5 0.5 0 0 0
0 0 0 0 -0.5 0.5 0.5 -0.5 0 0 0
0 0 0 0 -0.5 0.5 -0.5 0.5 0 0 0
0 0 0 0 -0.5 0.5 -0.5 -0.5 0 0 0
0 0 0 0 -0.5 -0.5 0.5 0.5 0 0 0
0 0 0 0 -0.5 -0.5 0.5 -0.5 0 0 0
0 0 0 0 -0.5 -0.5 -0.5 0.5 0 0 0
0 0 0 0 -0.5 -0.5 -0.5 -0.5 0 0 0
0.5 0.5 0 0 0 0 0 0 0.5 0.35355339059327379 0.35355339059327379
0.5 0.5 0 0 0 0 0 0 -0.5 -0.35355339059327379 -0.35355339059327379
0.5 0.5 0 0 0 0 0 0 0.5 -0.35355339059327379 -0.35355339059327379
0.5 0.5 0 0 0 0 0 0 -0.5 0.35355339059327379 0.35355339059327379
0.5 0.5 0 0 0 0 0 0 0 0.5 -0.5
0.5 0.5 0 0 0 0 0 0 0 -0.5 0.5
0.5 -0.5 0 0 0 0 0 0 0.5 0.35355339059327379 0.35355339059327379
0.5 -0.5 0 0 0 0 0 0 -0.5 -0.35355339059327379 -0.35355339059327379
0.5 -0.5 0 0 0 0 0 0 0.5 -0.35355339059327379 -0.35355339059327379
0.5 -0.5 0 0 0 0 0 0 -0.5 0.35355339059327379 0.35355339059327379
0.5 -0.5 0 0 0 0 0 0 0 0.5 -0.5
0.5 -0.5 0 0 0 0 0 0 0 -0.5 0.5
-0.5 0.5 0 0 0 0 0 0 0.5 0.35355339059327379 0.35355339059327379
-0.5 0.5 0 0 0 0 0 0 -0.5 -0.35355339059327379 -0.35355339059327379
-0.5 0.5 0 0 0 0 0 0 0.5 -0.35355339059327379 -0.35355339059327379
-0.5 0.5 0 0 0 0 0 0 -0.5 0.35355339059327379 0.35355339059327379
-0.5 0.5 0 0 0 0 0 0 0 0.5 -0.5
-0.5 0.5 0 0 0 0 0 0 0 -0.5 0.5
-0.5 -0.5 0 0 0 0 0 0 0.5 0.35355339059327379 0.35355339059327379
-0.5 -0.5 0 0 0 0 0 0 -0.5 -0.35355339059327379 -0.35355339059327379
-0.5 -0.5 0 0 0 0 0 0 0.5 -0.35355339059327379 -0.35355339059327379
-0.5 -0.5 0 0 0 0 0 0 -0.5 0.35355339059327379 0.35355339059327379
-0.5 -0.5 0 0 0 0 0 0 0 0.5 -0.5
-0.5 -0.5 0 0 0 0 0 0 0 -0.5 0.5
0 0 0.5 0.5 0 0 0 0 0.5 0.35355339059327379 0.35355339059327379
0 0 0.5 0.5 0 0 0 0 -0.5 -0.35355339059327379 -0.35355339059327379
0 0 0.5 0.5 0 0 0 0 0.5 -0.35355339059327379 -0.35355339059327379
0 0 0.5 0.5 0 0 0 0 -0.5 0.35355339059327379 0.35355339059327379
0 0 0.5 0.5 0 0 0 0 0 0.5 -0.5
0 0 0.5 0.5 0 0 0 0 0 -0.5 0.5
0 0 0.5 -0.5 0 0 0 0 0.5 0.35355339059327379 0.35355339059327379
0 0 0.5 -0.5 0 0 0 0 -0.5 -0.35355339059327379 -0.35355339059327379
0 0 0.5 -0.5 0 0 0 0 0.5 -0.35355339059327379 -0.35355339059327379
0 0 0.5 -0.5 0 0 0 0 -0.5 0.35355339059327379 0.35355339059327379
0 0 0.5 -0.5 0 0 0 0 0 0.5 -0.5
0 0 0.5 -0.5 0 0 0 0 0 -0.5 0.5
0 0 -0.5 0.5 0 0 0 0 0.5 0.35355339059327379 0.35355339059327379
0 0 -0.5 0.5 0 0 0 0 -0.5 -0.35355339059327379 -0.35355339059327379
0 0 -0.5 0.5 0 0 0 0 0.5 -0.35355339059327379 -0.35355339059327379
0 0 -0.5 0.5 0 0 0 0 -0.5 0.35355339059327379 0.35355339059327379
0 0 -0.5 0.5 0 0 0 0 0 0.5 -0.5
0 0 -0.5 0.5 0 0 0 0 0 -0.5 0.5
0 0 -0.5 -0.5 0 0 0 0 0.5 0.35355339059327379 0.35355339059327379
0 0 -0.5 -0.5 0 0 0 0 -0.5 -0.35355339059327379 -0.35355339059327379
0 0 -0.5 -0.5 0 0 0 0 0.5 -0.35355339059327379 -0.35355339059327379
0 0 -0.5 -0.5 0 0 0 0 -0.5 0.35355339059327379 0.35355339059327379
0 0 -0.5 -0.5 0 0 0 0 0 0.5 -0.5
0 0 -0.5 -0.5 0 0 0 0 0 -0.5 0.5
0 0 0 0 0.5 0.5 0 0 0.5 0.35355339059327379 0.35355339059327379
0 0 0 0 0.5 0.5 0 0 -0.5 -0.35355339059327379 -0.35355339059327379
0 0 0 0 0.5 0.5 0 0 0.5 -0.35355339059327379 -0.35355339059327379
0 0 0 0 0.5 0.5 0 0 -0.5 0.35355339059327379 0.35355339059327379
0 0 0 0 0.5 0.5 0 0 0 0.5 -0.5
0 0 0 0 0.5 0.5 0 0 0 -0.5 0.5
0 0 0 0 0.5 -0.5 0 0 0.5 0.35355339059327379 0.35355339059327379
0 0 0 0 0.5 -0.5 0 0 -0.5 -0.35355339059327379 -0.35355339059327379
0 0 0 0 0.5 -0.5 0 0 0.5 -0.35355339059327379 -0.35355339059327379
0 0 0 0 0.5 -0.5 0 0 -0.5 0.35355339059327379 0.35355339059327379
0 0 0 0 0.5 -0.5 0 0 0 0.5 -0.5
0 0 0 0 0.5 -0.5 0 0 0 -0.5 0.5
0 0 0 0 -0.5 0.5 0 0 0.5 0.35355339059327379 0.35355339059327379
0 0 0 0 -0.5 0.5 0 0 -0.5 -0.35355339059327379 -0.35355339059327379
0 0 0 0 -0.5 0.5 0 0 0.5 -0.35355339059327379 -0.35355339059327379
0 0 0 0 -0.5 0.5 0 0 -0.5 0.35355339059327379 0.35355339059327379
0 0 0 0 -0.5 0.5 0 0 0 0.5 -0.5
0 0 0 0 -0.5 0.5 0 0 0 -0.5 0.5
0 0 0 0 -0.5 -0.5 0 0 0.5 0.35355339059327379 0.35355339059327379
0 0 0 0 -0.5 -0.5 0 0 -0.5 -0.35355339059327379 -0.35355339059327379
0 0 0 0 -0.5 -0.5 0 0 0.5 -0.35355339059327379 -0.35355339059327379
0 0 0 0 -0.5 -0.5 0 0 -0.5 0.35355339059327379 0.35355339059327379
0 0 0 0 -0.5 -0.5 0 0 0 0.5 -0.5
0 0 0 0 -0.5 -0.5 0 0 0 -0.5 0.5
0 0 0 0 0 0 0.5 0.5 0.5 0.35355339059327379 0.35355339059327379
0 0 0 0 0 0 0.5 0.5 -0.5 -0.35355339059327379 -0.35355339059327379
0 0 0 0 0 0 0.5 0.5 0.5 -0.35355339059327379 -0.35355339059327379
0 0 0 0 0 0 0.5 0.5 -0.5 0.35355339059327379 0.35355339059327379
0 0 0 0 0 0 0.5 0.5 0 0.5 -0.5
0 0 0 0 0 0 0.5 0.5 0 -0.5 0.5
0 0 0 0 0 0 0.5 -0.5 0.5 0.35355339059327379 0.35355339059327379
0 0 0 0 0 0 0.5 -0.5 -0.5 -0.35355339059327379 -0.35355339059327379
0 0 0 0 0 0 0.5 -0.5 0.5 -0.35355339059327379 -0.35355339059327379
0 0 0 0 0 0 0.5 -0.5 -0.5 0.35355339059327379 0.35355339059327379
0 0 0 0 0 0 0.5 -0.5 0 0.5 -0.5
0 0 0 0 0 0 0.5 -0.5 0 -0.5 0.5
0 0 0 0 0 0 -0.5 0.5 0.5 0.35355339059327379 0.35355339059327379
0 0 0 0 0 0 -0.5 0.5 -0.5 -0.35355339059327379 -0.35355339059327379
0 0 0 0 0 0 -0.5 0.5 0.5 -0.35355339059327379 -0.35355339059327379
0 0 0 0 0 0 -0.5 0.5 -0.5 0.35355339059327379 0.35355339059327379
0 0 0 0 0 0 -0.5 0.5 0 0.5 -0.5
0 0 0 0 0 0 -0.5 0.5 0 -0.5 0.5
0 0 0 0 0 0 -0.5 -0.5 0.5 0.35355339059327379 0.35355339059327379
0 0 0 0 0 0 -0.5 -0.5 -0.5 -0.35355339059327379 -0.35355339059327379
0 0 0 0 0 0 -0.5 -0.5 0.5 -0.35355339059327379 -0.35355339059327379
0 0 0 0 0 0 -0.5 -0.5 -0.5 0.35355339059327379 0.35355339059327379
0 0 0 0 0 0 -0.5 -0.5 0 0.5 -0.5
0 0 0 0 0 0 -0.5 -0.5 0 -0.5 0.5
0 0 0 0 0 0 0 0 1 0 0
0 0 0 0 0 0 0 0 0 0.70710678118654757 0.70710678118654757
0 0 0 0 0 0 0 0 0 -0.70710678118654757 -0.70710678118654757
0 0 0 0 0 0 0 0 -1 0 0
0 0 0 0 0 0 0 0 0.5 0.85355339059327373 -0.14644660940672621
0 0 0 0 0 0 0 0 0.50000000000000011 -0.14644660940672624 0.85355339059327384
0 0 0 0 0 0 0 0 -0.50000000000000011 0.14644660940672624 -0.85355339059327384
0 0 0 0 0 0 0 0 -0.5 -0.85355339059327373 0.14644660940672621
0 0 0 0 0 0 0 0 0.50000000000000011 0.14644660940672624 -0.85355339059327384
0 0 0 0 0 0 0 0 0.5 -0.85355339059327373 0.14644660940672621
0 0 0 0 0 0 0 0 -0.5 0.85355339059327373 -0.14644660940672621
0 0 0 0 0 0 0 0 -0.50000000000000011 -0.14644660940672624 0.85355339059327384
0.49782774656389978 0.014037251690516171 0.49776715190022086 0.0082025979218737013 0.47344276437290367 -0.0030284474767546701 0.0024172047558240865 0.01739711563850968 0.51188488286915657 -0.093939556394995502 0.093885949344697212
0.51184699615028773 -0.00018170284416088012 0.51058578006732713 -0.00088761275537336366 0.50593447551254866 -0.0054263828464154919 0.0051061200431991192 -0.00097475251304203806 -0.43741465323132661 0.11266496083354756 -0.13138819902952573
0.49898793282998588 0.012904817948202054 0.48183615760273646 -0.0037650756287227992 -0.51188088781079466 -1.3707542819301893e-06 -0.0044972028018311905 0.0045823158824784853 0.47059801020052028 -0.1262847362407134 0.13853036643318534
0.51188549664438021 0.01234568504771532 0.49953166637743951 -3.1893624936506756e-06 -0.49952571418746133 -7.0120870621938876e-06 -0.011332179345534989 0.0061890596377051632 -0.46429275353328009 0.079450104764991661 -0.12929112343691981
0.49729683999822571 0.022326089503963403 -0.5041070801685108 3.4563253001111198e-07 0.48224811894855768 -0.0042807624502053032 -0.0019541432429876853 0.010512464382720507 0.49014292578425139 -0.12156661620766879 0.10177925509052042
0.49249382291470967 0.00024556956297984163 -0.49415386431377994 -7.6699375098528009e-06 0.50797298277886926 0.0016157769780640481 0.0031558426592526237 -0.014969810709054525 -0.47985119058338011 0.093214966024623827 -0.12665828386669625
0.50496174081711453 0.011070335893889074 -0.50577752120523778 -0.0019539635190728511 -0.50771971359788315 -4.1832887972829388e-06 -0.0098245319495640481 0.0057078407488134813 0.4437170944691507 -0.12027534136778117 0.14077266393535864
0.51140013105703486 0.007501517429775951 -0.48805596679280039 -0.0081979574775544444 -0.49169643384176653 0.0052567211360929683 -0.01160408232742653 0.0048791062707230267 -0.48594149831787065 0.090771085449564221 -0.11754911163702651
-0.51187390385721632 0.00075508609335853973 0.48682425678568425 0.024277723896535524 0.47512583354610571 0.0011616143804847323 0.013871749760728965 0.027341753526251355 0.51114536687936774 -0.078880664511152582 0.078864581583274029
-0.51186141340472346 -1.9154005527072261e-06 0.51188227906259731 5.6735135187518071e-06 0.49428892949598568 0.0047949949508877768 0.031356213593984932 0.027328351164565192 -0.44862984381832133 0.090249886680842509 -0.14312951580856581
-0.49814359744090086 0.016174567352882648 0.48071132867129179 0.0016309229336765954 -0.50944349224340635 -1.391279786091105e-05 -0.0051591772931561964 0.010914590017522442 0.47357880457494411 -0.11740072057094778 0.1508875991442746
-0.51036502355404589 0.014465185966271117 0.49893696919147063 2.8405765515843123e-06 -0.49894261025005665 -6.6680165292851406e-06 -0.016869293521454939 0.042645510549727227 -0.46309129262833165 0.09036469400063124 -0.12928239501970398
-0.48937785090523495 0.017183015386286391 -0.50621146115591653 -0.00030191055544277339 0.47656030711730324 -0.0028439810352415273 0.0095653616316416622 0.029348382034155723 0.51187777007404156 -0.086975682886301794 0.079433427103903151
-0.50456097133504629 0.0034806434524783016 -0.491256681433692 4.4498415043900757e-07 0.50221305357067991 0.0028137101195824139 -0.0047930234286661889 0.0045413605586077637 -0.47790666641887009 0.087148877135345526 -0.12575297415515019
-0.49105030604204797 0.0048841335212195802 -0.51188001262143268 0.0018516715116616512 -0.50514386170249959 -0.0014544700868175803 -0.013546425047262481 0.018025499629713629 0.44931640000019346 -0.11129779458553454 0.1639142428555421
-0.51188009655809796 0.0056044001149125203 -0.48865745066242899 0.00022183426093788579 -0.49968984576811687 -0.0061104444827698081 -0.023948644594241574 0.022115928376176479 -0.47611100862461853 0.086532656937260574 -0.11917079985098994
0.4950724264977252 0.021257421732270246 0.0014931404717053393 0.5033318408264883 -0.011259954504117733 -0.0037730421457129819 0.49793746110105247 0.0008398628176175374 0.46476205698025813 -0.12606423989564894 0.14535074109178184
0.50986350386955659 0.010809497316576679 0.0072361629654211978 0.49582655323090152 -0.0038728206322364363 0.0055978919680325714 0.48894863474588968 -0.0012660593022784849 -0.47725662585356027 0.096788835490211778 -0.13328675174031879
0.49497649692445145 -0.01405337027858411 -0.0069626043294570127 0.49420382145880809 -0.0041038507905895617 0.0001069305672718334 -0.49615467031816929 -0.004892043494379229 0.47083887668813301 -0.13052750895575274 0.15993109417495011
0.50866217859173679 0.0079656763055828313 0.0032771593122675178 0.49757756718044505 0.0078724635860848626 0.0013386892096467437 -0.49890835914797849 -0.0064148647015029245 -0.47030547573106274 0.090487237397684731 -0.12335117029792299
0.4921977298524825 0.024684349730387072 -8.3236192724963552e-06 -0.50684494784226408 -0.0088931488573782049 -0.0015048612484992168 0.49849511336698754 -0.0035076782000449491 0.46253106530139698 -0.13173985986650513 0.14268449381888496
0.51152294884823757 0.0085087283301077121 0.0020608215804205745 -0.50071077987355261 0.00074958193296944186 0.0036194791875675363 0.48886569917165068 -0.0011411919609836166 -0.47187780179928879 0.089002307684961798 -0.1340210245600317
0.4942482275240907 8.7714556172570761e-05 -0.002492180583993601 -0.4951014379501848 -0.0027698152397069844 -0.0020386525070947644 -0.49679491624941169 -0.009106567387442293 0.47025832058307143 -0.13033513599080784 0.15986542765196374
0.50693834213254252 0.012886190629351065 0.0041768647198776139 -0.49936237627672236 0.011102011436130757 -0.00066892613636069229 -0.50080636106848997 -0.0031046394564326397 -0.46659751039123015 0.096792727159267761 -0.12427716363116177
-0.49241718453916516 0.00097574220496801124 -0.010812411929297603 0.49868923335882243 -0.021325499424222974 -0.011081674823061556 0.51186926865796967 0.0023864702370569287 0.46111482976616025 -0.11269623455260115 0.14420732708884396
-0.50325759745674925 -0.00080268562440075997 0.0078270588443104718 0.49383006677957036 -0.011711221537102513 0.014652031564945447 0.50424892989420844 0.015436615203733177 -0.46843725074007153 0.099538826095061927 -0.13639356906983674
-0.49426531145817043 -0.003162571588020005 -0.011095297793833383 0.50182488822780469 -0.0067476260308407246 -0.003074817057961747 -0.49563415914927805 0.015104027067136306 0.47115877529682954 -0.11382266781445631 0.15118845325708263
-0.5049536580794769 -3.42176020139589e-06 0.0089431175177452932 0.49439653050722193 -0.0016062790086120208 -0.0066339209350549473 -0.50966387417174697 0.0091383326102322995 -0.46625740038795599 0.095615480812780665 -0.11869392598807189
-0.49651567805818869 0.0089916264116739579 -0.0035630376146298685 -0.50212818478307686 -0.02165680218463812 -0.015333056716608843 0.49478137786905529 0.023231709672202526 0.47219798222917952 -0.10417860817077082 0.14618263287804617
-0.50397257881371493 -0.00030100862967929917 0.0041630933569935689 -0.49421415317794104 -0.013839537216973804 0.015410622194815362 0.50400695424659236 0.015442060829439082 -0.466389819026581 0.10161737618236222 -0.13860211750813051
-0.49608035096320713 -0.0035550650827706437 -0.0057322178202257818 -0.50134790830437137 -0.0043295372992310588 -0.0029741148556512347 -0.49338001512229596 0.018382620818547992 0.47355164316722931 -0.11208665656904208 0.14800383700542016
-0.50535316865331759 -1.097973826877783e-06 0.0087194104968968175 -0.49364613328215551 -0.0013846027169512004 -0.0031808857886450668 -0.50994819486357801 0.0084579417341678273 -0.46618295450346681 0.095875678324641028 -0.1191898307790271
0.51025609175592201 5.8095029422383355e-06 0.0016771454002168908 0.0010547765485721143 -0.012189012379368999 0.50132429587456939 -0.0076591830425208869 0.50256779359968584 0.4597654847577396 -0.08628538573404862 0.12921940547268945
0.51188229507981997 0.00081718262282340977 0.0062407403655306446 -0.0010909169375715631 0.01644185387470987 0.49460154842630433 -0.01233988665503135 0.49034927151340157 -0.47015350335028172 0.1093630456404394 -0.13941094523418332
0.49099700850013839 0.016097970148441314 -0.011998766571284993 0.00045408189715603041 -0.016673358408840957 0.49472154296960724 0.0049410025978395165 -0.48294229552910722 0.5118636261353352 -0.095819523001955023 0.09511983697538158
0.50022212951002443 -0.001498947807248226 0.011730655765187264 0.0011864495772632953 0.01161131205086814 0.49802278041276121 -0.006288942355970736 -0.50101017025582217 -0.46979360827045297 0.1025039182377922 -0.13860453404362516
0.50045753793934222 0.010103252001441854 0.0035680951328494435 -8.6573586840572948e-05 -0.0013274012020782987 -0.51188133272327974 -4.5646779062491215e-07 0.51051628306807151 0.45093408287436482 -0.095082901316265706 0.11997498463430176
0.5096103339051381 -0.0022722311622751616 -0.0018672033099859423 0.00067955355615829331 0.018794970781044314 -0.49308755458196774 -0.0061043660955804107 0.48501911236530754 -0.48552036995645603 0.093382489040564995 -0.1306464210914024
0.50286402730729396 0.0090146176404187397 -0.010238065749167882 -0.0013959742677291523 -0.015763244308485209 -0.49610746618919588 0.0087939204158292254 -0.4776329035959162 0.51188277042396724 -0.071877222670849616 0.071887500063058482
0.49663136126773239 -0.010097124826640543 0.01803610058214665 0.00097585706663564872 0.015234955707861002 -0.49070308698888898 -0.0065610949866858961 -0.51039681716601681 -0.47284594600003965 0.093623159872366496 -0.13788008828232221
-0.48593052273391624 0.013277428464314544 -0.010467655368580736 -0.0012683961981350238 -0.018043662570059286 0.49291273663183538 1.2274219578252208e-06 0.5109629118067972 0.4729285524182707 -0.10212139143147113 0.15849992149629563
-0.4916464171155201 0.00037302575912527368 0.0023701055263969256 -0.001193707132918909 0.0096957011091077881 0.49956692081729959 0.0025983585711999162 0.51187637339436354 -0.46926062888418429 0.10455137236765315 -0.12431735062365279
-0.49736120870790168 0.01451404439137945 -0.018125878152426361 -0.00015864966333318056 -0.01260150363291288 0.49067684597182293 0.01764898549426475 -0.47474810529358968 0.51187790429049573 -0.10829019075127534 0.10829140506168422
-0.51186404534716057 0.00041307439104422265 0.0088588456728600443 -0.010485878066296288 1.0080151972310795e-05 0.51145007488841776 -0.0047448734112599689 -0.47533823667150965 -0.46914789185287936 0.089171697164086017 -0.149013849655458
-0.48996980902012455 0.0029765615512214374 -0.0069441054159645708 0.0028596302334519073 -0.0068271544294290481 -0.50505460492567278 -2.5732816324440108e-07 0.51187643790956139 0.46084581916516026 -0.084059994358935214 0.15256187226861379
-0.48626493955321387 -0.011273665912954756 -0.0014636735303452002 -0.0019564262171661174 0.014828804096771274 -0.51138659636464179 -0.0096690411508597428 0.4878453906689747 -0.48404324626389156 0.11109708301967071 -0.13019276876687416
-0.50425520477548391 0.0076255045158497665 -0.017091730368762974 0.0017405950486634411 -0.011353184121329031 -0.50052753760660773 0.0062062341295343049 -0.4713222080963021 0.51188215709918339 -0.072491091943722524 0.072492966367877096
-0.50190291193962278 0.0023384894388062106 0.0061967254621324071 -1.0118106780493405e-06 0.011151251339599768 -0.49362654120630101 -0.0054392376355401114 -0.50033078002644715 -0.4746898538208944 0.11020266381644934 -0.12815040880070533
-7.2820064705825815e-06 0.51189859443484564 0.48606450816613617 0.0011072102014610457 -0.027044882644684132 -0.022374242310640231 -0.00047750489875009151 0.51138638401156666 0.45341097496940347 -0.10930686564530979 0.1463629040771034
0.018883845534722124 0.49609722001705009 0.49690484744113489 0.0002879613991317784 0.013108629208040904 -0.0055651386380650529 -0.0044461976044900316 0.49068332665548031 -0.48187765961850254 0.11074905472917297 -0.14543831584385866
1.4626667266528115e-06 0.51188867626863033 0.47647673372984795 0.00030236609100078307 -0.015546445275791104 -0.0055135238849564044 -0.0014129235277741919 -0.47396996491977722 0.51188861042904765 -0.10951020482327575 0.10952517766240798
0.0034145829986813024 0.50843955035932131 0.51188578433081966 1.7380373173573643e-05 -0.015184735843211276 -0.023147482833886433 -0.015929642603689252 -0.49584320755045241 -0.45270468000828146 0.097958242568245354 -0.13428529707777187
-6.2947939040621615e-08 0.51189462960407672 -0.50193235402950798 -0.0007723433703551697 -0.020284997606685031 -0.011411143973698874 -9.736240117648888e-07 0.51188610575535631 0.43260993769313943 -0.11898882502765354 0.14882346714570649
2.8715902453287334e-07 0.49405768787578502 -0.48946177220181381 -5.5315701831060751e-05 0.0023010673247563433 -0.012347597510062432 -0.0006721930795495968 0.49340342712543422 -0.50421027370582805 0.076451141514614268 -0.11249996700811422
5.067528956840875e-07 0.51189571357254404 -0.50856542293068641 0.00029067215743062367 -0.021405107393249571 -0.036225918364337313 0.00089277258493030245 -0.47490202258495001 0.46591447351042503 -0.095601808854480011 0.16063834588933593
0.0040569841877515066 0.4959888569423489 -0.49964010071923043 0.00039106378283710095 -0.0072814675752067969 -0.019827329644870422 -0.0059979430057816221 -0.49406821776060633 -0.48524511945102616 0.079598944620489762 -0.13399205820735555
0.0028209059775246422 -0.47209845906540882 0.49133141878217079 -0.0014267054182186458 -0.028660274888478967 0.0001290012908772876 2.7142024696871535e-06 0.50995302628164885 0.50955394348692851 -0.090109181672428595 0.084071909117918911
0.017022451748582107 -0.49094875323316317 0.50849057921224994 0.00043004778244218686 -0.0012764948207697427 0.0088212724586931145 -0.002614817215473359 0.51189430760044907 -0.46088609916973766 0.09504100523899052 -0.12863067655967111
0.0087842018682213491 -0.47955372240730043 0.50516220160590353 -1.2407692075928947e-06 -0.015769798410549006 0.0033516604590696493 -0.0096753582527417531 -0.48632077433618198 0.51188953105880797 -0.093711550993233278 0.084190498958069862
-0.016071653538668233 -0.47694583094120191 0.51189026979928831 -0.00050955863616870454 -0.039715178661426882 0.03117886708061619 0.0050774300480841087 -0.46449660191731917 -0.45576977189162282 0.22204034324996261 -0.18674094001389954
0.016230045570345547 -0.47335965998471902 -0.4939339140503568 -0.00067881646265728895 -0.014701530471550641 -0.0058710663322257602 5.2561831000040449e-07 0.51158361102263328 0.48439980591398296 -0.1506390816672864 0.11132091132692021
0.010583424840099612 -0.49968499681381057 -0.49119759789776579 -0.0013890451937879345 0.0097503189200705675 0.020111988908485468 0.0016004903556365252 0.51189101125607006 -0.47508098213764816 0.086164331103652084 -0.11517432055931492
0.0019263994630127656 -0.49041022441829873 -0.49818134039726514 -0.00013579024318035067 -0.011230599223261677 0.0016590951676036436 -0.010600653993464004 -0.50278929701016672 0.48827212172337148 -0.089763404123495649 0.10864608060699132
-0.01180908994879187 -0.45790698596870261 -0.46972169444546524 -5.033121928826296e-07 -0.018026706235921234 0.02813643280365169 0.0084379317948343781 -0.44199253169146496 -0.46850962770792626 0.2778971477785947 -0.27617015336841544
0.00035175205313727051 0.51187556079440855 -0.016361014839756959 0.49430089053264009 -0.01246428699661682 0.49906575882782001 -0.011790351006266176 0.0052007867026464417 0.45366709811359973 -0.12646770122237402 0.1489505533281755
-7.7061800993845838e-07 0.50037106951792798 0.00063198384066670706 0.49338165314682558 -0.013210945922926312 0.51019107056469604 -0.010323239060930465 0.023333813532881251 -0.47192256386271281 0.08372311407257986 -0.12394344644163077
-0.0059420351218692231 0.49592645924810463 9.4559169033824705e-06 0.50188754339129604 -0.0099960787854720141 -0.51188335169118804 -0.0051515479326141971 0.012709398515572254 0.45480571024170652 -0.1219699541517537 0.13451049983113081
0.0088933729883213138 0.49323508999327464 -0.0034661877250201489 0.49453610916529095 -0.0097062816355410649 -0.51188579604496665 -0.0099117843657379138 -0.00067175756239241675 -0.47372965283888502 0.091029248545965225 -0.13090451977498879
0.00094609964968387869 0.51187463816161116 -0.017166031274116665 -0.49374283863631929 -0.01203928708358715 0.49889713274449604 -0.014690520161190811 0.0052934060426830113 0.45417873978221235 -0.12580950888935943 0.15004436392806764
8.0393482166992452e-08 0.50086269108067616 0.0018094957827175652 -0.49466144942451806 -0.013859810860220379 0.50905253241677617 -0.014265818044830344 0.022861900136511872 -0.47078533173343029 0.083312795425722286 -0.12574074616171854
-0.0043058689049966853 0.49625143090076079 2.6658054146848624e-05 -0.50056242840216503 -0.011305485179778424 -0.5118812045520359 -0.0080101193235489927 0.013528660780687245 0.4555392320652536 -0.12208328484436513 0.13540879864881397
0.0059981065928111435 0.49490291470936565 -0.0027829031689830383 -0.4935064837935782 -0.010151429718773834 -0.51188511726364316 -0.0099928579867630818 -0.0011043816110214546 -0.47293241528579227 0.090913794031603143 -0.13159728184509306
0.00095113090542038798 -0.47075785092795508 -0.0022616366639810538 0.50204548235727586 -0.003625440219216985 0.50070692168936026 0.020772834001914698 0.013601857309477159 0.51086166445815384 -0.077417281945600533 0.08956113905030158
0.0036836819212012722 -0.49471401222219197 0.0073628668681793453 0.50335295742376185 0.00089694323245058816 0.50499469925628204 -0.0051752336382839999 0.018104166269343115 -0.46936849952126608 0.096672220633369471 -0.12961004511265012
0.0098248434003514688 -0.48961067666589742 -0.0020297291102618002 0.50132501898141335 -0.0060033177477141486 -0.49864143379624781 0.013322669368366388 0.028858045519421255 0.49032111230198505 -0.074287380408950804 0.11502589099940662
-0.0021140772798830853 -0.50900058743935106 0.0069419989262816924 0.49894358308875741 0.0021961177560840769 -0.49103953946442674 0.0002411194781832908 -0.012335179395407387 -0.47268327493378587 0.10103531752660438 -0.13040920741774695
0.0015893096804882863 -0.4706637363858544 -0.0017395793088030283 -0.50125224232010346 -0.0011930962831721102 0.50182493765870506 0.020586006021560171 0.01409212276964332 0.5105472935303409 -0.076446245226453088 0.090893642987754472
0.0039828601800268055 -0.49458633499298893 0.0074431808389625641 -0.50352176978054131 0.00099950050683338598 0.50523660730078457 -0.0054394997374343839 0.018224268911041626 -0.46892740365718782 0.097257439714248106 -0.12961581888724738
0.016210307317693996 -0.48884767751669655 -0.00081425592090772589 -0.50425359942824299 -0.010861542539683723 -0.49423330349025613 0.011831280653757379 0.025115406680024936 0.49410337121152759 -0.07371323953667766 0.10847000142307496
-0.00092763718628810249 -0.50875178264834398 0.0069740027397563005 -0.49899368594726895 0.0023317156761676963 -0.49233224274804682 -0.00058061696605327139 -0.01192375376368323 -0.47102640658374628 0.10064840820653792 -0.13263658194866895
0.0031220350256500372 0.50613030630548883 0.00133874547914767 0.00021294328490192575 0.49044540563317329 -0.013152496696621222 0.50083164893420606 0.013650432724956503 0.46176787587433921 -0.13252104290192654 0.14594783789772234
-1.9185632475684729e-06 0.50926398795739503 0.015739309749451067 0.000611259014134686 0.49565384107590388 -0.0048576802634097919 0.50748202963167743 -0.0070064254033523395 -0.4592713405801756 0.078482611367236305 -0.1415237749103915
-0.013403384073188319 0.49770958297769036 -0.0068150652624617732 0.0014811100498825138 0.49039703787913075 -0.021709739081273233 -0.50357252722500156 0.0073884663242269315 0.46648996190313591 -0.12273710089689668 0.15741395704029096
-0.010415894198252557 0.50568976163670798 0.005118143671727764 -0.00048256555270186763 0.50122159972423252 -0.0053722486159034121 -0.50386313202460398 -0.0037814600863262681 -0.46441961098222867 0.097377197160895962 -0.11760418329536153
1.3473540541460484e-05 0.50323061475380504 -0.011930472737003522 -0.00019434163852780965 -0.50326762342940057 -1.1871498244024194e-06 0.50395473982992733 0.016561413219095843 0.46547039519433547 -0.075766878365089343 0.12919096170576186
0.00096324487062453951 0.49143119317912659 0.0086050065470706944 0.00070282569444213674 -0.49537659027680514 -0.0074332616838029379 0.4803654079495836 -0.0028591067541069962 -0.4973729504075754 0.11665608762994396 -0.14566777485233531
2.0302506687374079e-06 0.49706603525539267 -0.013282843813780313 0.00049318384247068101 -0.49707312211326887 1.3590500908666937e-07 -0.51187149807139665 0.014839684398047167 0.45699029102295147 -0.10868563050190198 0.150935918707578
0.0042290025878313712 0.48765694731924092 0.0043432150916871432 0.00074939855383730487 -0.48604180558065146 -0.0044118443198817763 -0.50719499035138227 0.0072052251758190182 -0.49307310985140113 0.10075598921267541 -0.12379723939706316
0.00066643926549259872 -0.48388892700047081 0.0041666271051507744 0.00087895186644112446 0.47732072041470525 -0.0040301392740881231 0.50798320542549813 -2.2190473989489751e-06 0.50763576161151114 -0.11104752705779654 0.099544261289140845
0.013813812966835278 -0.46427166882100163 0.022130661915620718 -0.00076444633520790777 0.47810987064443455 -2.3702024998872679e-06 0.507730377207116 0.037933164222279436 -0.44607099536139821 0.21543956863008626 -0.22485327569813132
-0.0053836187975894005 -0.49467611017479024 0.0081601701648559323 3.5716015093953446e-05 0.49755339816376326 0.0037003210993950286 -0.48963624610912593 0.0032992337909902745 0.4940316237893394 -0.10433830988437101 0.1136601511382883
0.006226196654173728 -0.46306888264018686 0.0080208339371696056 0.00039333702675221097 0.47375128958316992 8.9111854046768237e-06 -0.50340257128468779 0.046616872742105193 -0.43935857397456118 0.22779368842466077 -0.2459887575521332
0.0098244496794450166 -0.48167283229235908 -0.019365813682109507 -0.00086760215874371509 -0.51187143581416894 -1.9669658614991837e-06 0.48915426386894978 0.0043847355612165574 0.46462202048348622 -0.121684061918741 0.1885069121550513
1.9240258744764074e-05 -0.49515377873796768 0.0041020639808928352 0.00013513948365364455 -0.49519388907319484 -8.3222164509624815e-07 0.50175760093486954 0.02682821547027401 -0.48403828950367672 0.098685854659034053 -0.11435250415687598
-0.00086115756566174692 -0.49284727422777752 -0.0046148123866332829 -0.0077758853415703186 -0.50167495986671384 0.014008252408152991 -0.49692958793933789 0.0050727172223990593 0.47812295328231424 -0.10282024142185624 0.13786499549870962
-0.0056889655916127361 -0.49984842667579998 0.0030013630469569292 -0.0011527190150744844 -0.49703244937915653 0.0089610423866564592 -0.50231533612174706 0.015416432431659707 -0.47257473227226199 0.094394215198255138 -0.13487692287911981
0.0033703650986617929 0.036229422026335653 0.49151365903815347 0.0015171127096377324 -0.0064680658702036299 0.5063570360194144 0.49136191943322255 0.019536215819337954 0.48034230300534192 -0.10910656134053723 0.1272699406087352
0.034013186800124474 0.026515201237271486 0.50006484538259766 -0.0067359625236578322 0.0025193252314451679 0.50857000659647589 0.50592611591721792 0.0067518941163042532 -0.45120726349351631 0.097755151791649383 -0.14222917656686401
0.005782731607636319 0.018110161004026373 0.48180550648686371 0.0013345225983898491 0.0011150717315874061 0.50206196070839737 -0.50052800841794676 0.005623471597863406 0.48671690266605455 -0.095393717095688765 0.13740299862371391
0.016001789326111931 0.015554078529516941 0.50159702230816439 0.0024613897901693852 0.00059109047568867785 0.51187745530326922 -0.50828407471435488 0.0030183882840226417 -0.44530317657460916 0.09775027550556413 -0.14023429256330572
0.003870764200366411 0.0062038027760697992 0.49488217909086091 -0.001356042455080204 -0.020095671173005328 -0.49954170454917191 0.49137246183170924 0.0073982427994497514 0.48316786275664014 -0.10705972173458488 0.13666005830964625
0.0017496723905353073 0.0099734848791910424 0.50646173500221314 -1.5085237737536293e-10 -0.0054291921519391204 -0.51186360795354435 0.49138615511602718 -0.01504595304697957 -0.45519488485338105 0.11295657266238826 -0.14039887927855915
0.0091118835038773195 0.0075172270300522016 0.49404548679474208 0.0019593836569621105 -0.016788512911537358 -0.49741298464908706 -0.49740306904880877 0.012033411956348408 0.48086947995721258 -0.10652045199071832 0.13393084655080706
0.00092401773162381433 -0.0094665758282598874 0.50366771192306015 1.678606425448725e-06 -0.012228957819984468 -0.50785230327136932 -0.49811614801517684 -0.0055571150080952056 -0.45831771734208371 0.097531062264900797 -0.14299244795591287
0.010911306025181177 0.029788595860804817 -0.51186327479494365 1.2363073584045119e-06 -0.0050218108540389089 0.50159936777580183 0.49165455585351769 0.020235612249354544 0.45775758606232408 -0.11915168464965889 0.13960520293926068
0.025565069975165011 0.02531105876861901 -0.48743107717546386 -0.003517792427033116 2.6222404976480496e-06 0.50670570814020033 0.50393508537625264 0.013130210813533605 -0.47584989019039226 0.085080986944448198 -0.1286810317397904
0.005883619563693124 0.0022349055928454482 -0.50551666570951026 0.0021219696271317693 -0.0041102796467663927 0.49562811134811291 -0.49605053047694797 0.0067202857776863687 0.46447142431966776 -0.11133961563722379 0.15653485857216845
0.0062107650163886674 0.010613147075947611 -0.4901358715830188 0.00054612128222476092 4.0826375188689885e-06 0.51185884405375059 -0.51188224733070342 1.2282925142553857e-05 -0.45820944568594768 0.092994120824154702 -0.1303403333069344
0.0045904591986526055 -0.0014891250788640735 -0.49809226459904732 -0.0028529612000864611 -0.0010838135431075323 -0.51187642854604187 0.49685413195659772 0.013939907788996668 0.45783985324628901 -0.11658915584654778 0.13994749745485643
0.008376290299689405 -0.0029913563391646986 -0.48455002823053167 -0.0023884439981234971 0.0064825873575733326 -0.50683928748560836 0.49454670024558245 -0.0057621941548191254 -0.48831376773458274 0.10218198051472768 -0.12123214607120661
0.0070644588173572219 -0.017876150523908733 -0.49209054721373896 0.00075863921750363964 0.0036094109579746154 -0.50856702469187287 -0.49614389361445332 -0.0020090030726313901 0.45614047657358675 -0.11954670287249662 0.17408348635455811
0.0014161155862711734 -0.017237799676469271 -0.49711120243190215 0.0029611700729029085 -0.011695413448250459 -0.49862199879287866 -0.50399491360417292 -0.0091734335659353107 -0.47567780506821811 0.093649360496436115 -0.12114971982370126
0.013804392055642689 0.025040961196015493 -0.0057994886508871543 0.49419543739742677 0.47509729319219124 0.0057013374943819684 -6.114285482813765e-07 0.51188629364023819 0.47458753086698097 -0.11594628405970497 0.16871644407926262
-0.0038685090617738326 -0.0074036251935145625 -0.0036282026523414067 0.50506320257369663 0.4979673016847741 -0.010726353828666923 0.0031740660719203955 0.5118976628945735 -0.46399269623986111 0.080031253281637155 -0.1140097130570638
-0.0092270588124681949 0.020763156311658315 -0.011222555548882988 0.49787090975920123 0.48386553750210742 -0.0024872647997660319 0.0063309245992970633 -0.4801853890365067 0.51187101620789566 -0.1091947404879325 0.11312295207165256
-0.014675923547106515 0.019869898360692355 0.042606407148312167 0.49397755405203092 0.47063226293267352 0.016551468874484165 0.001311057401907758 -0.45146372057514611 -0.45747763651993983 0.24253200903758304 -0.24466962080341587
0.013276667240092898 0.012734713931833008 -0.0065306040138460369 0.49958488687824076 -0.51188238974905664 4.1461224743839665e-07 2.5561383751928217e-07 0.51189016770494467 0.44019292717043468 -0.10743048622615939 0.1437623106103845
0.018256357398914461 0.0025075267203060075 0.0088768813432609558 0.49393028251209703 -0.48913181594496485 -0.01053028077155454 -0.0056520094081712437 0.50277433159882934 -0.49182905964562973 0.085824118355957074 -0.11907181701888847
-0.0013399655151202566 0.019435722181774234 -0.017497915054687188 0.49392243534137997 -0.51188562617379185 -8.6655635085209412e-07 -0.0012704786202575524 -0.47217144785313819 0.50336413972062932 -0.098050346623851981 0.085972064261506054
0.014977619614101245 0.0088059788481577375 0.00222791449267168 0.4985736477476303 -0.4981644171318178 -0.0088201771599193592 -0.016497180542777466 -0.50026673425449697 -0.4728862889095623 0.10455737862315033 -0.13333884566665707
0.016063757253691271 0.025083033587732114 -0.0039478033633615923 -0.49383308107827079 0.47511499300574112 0.0050955225689462034 -4.5322604794056857e-07 0.5118859432584556 0.47539715832930068 -0.11579139673278514 0.16741730636488547
-0.0020193699165998742 -0.0086417770673276658 -0.0024582970183315567 -0.50737403910841783 0.49846008115356844 -0.011368587674244778 0.0020368514650009593 0.51189742662962101 -0.46044451640202172 0.081586766295446631 -0.11483208822603093
-0.0070914379151948729 0.019556792730445749 -0.012791052877461498 -0.49005106037334095 0.48807199910386639 -0.014759101448941074 0.0052890550441312793 -0.48514956473367271 0.51187227803540924 -0.10161482539669182 0.11438796767460847
-0.015532354363663757 0.020405481659485775 0.042124888956425049 -0.49405879420594112 0.47052642971917263 0.015542924604570801 0.0023835305656025284 -0.45175275498029466 -0.45702371497898769 0.24266166626284566 -0.24493972143756612
0.012774788911053958 0.015400923722727054 -0.0073076444105723256 -0.49928593772731955 -0.51188182829669582 3.3399892111927823e-07 3.9623242535212071e-07 0.51189087544671907 0.44073479461610654 -0.10808258442404739 0.1423920232680074
0.018037262008984745 0.00301712713689849 0.0097818399901247639 -0.4941026661584848 -0.48858840011284788 -0.011746329821063335 -0.0041252569388053563 0.50334797159808176 -0.49077245351543775 0.08609694063989716 -0.12218568435630742
-0.0051426313234361892 0.020045195677858826 -0.01774960002815533 -0.4941027078064229 -0.51188711630924499 -1.0124829861649018e-06 -0.0019602746020620896 -0.47221893562485279 0.50323057041490415 -0.097729927726064786 0.085463897953775556
0.016846832121465625 0.010141738543057251 0.001792987526687425 -0.49773215019715183 -0.49821571318640334 -0.0080980679527020497 -0.016560679986377419 -0.50088094657904303 -0.47279415503652583 0.10434765587184987 -0.13419992765295902
0.50034653877556923 0.021790797594263781 0.49522149549215316 0.0015966327225959806 -0.0063015613185936859 0.49091305455149342 -0.0056354828981333661 0.0052102886104594725 0.10916820964777224 0.50091838454916837 -0.00067445229680889384
0.51185983065415541 0.0056320967557409712 0.50626700312547035 -8.5554711279564887e-07 0.015506965172530286 0.49073948542425261 -0.0061740824667800105 0.0095272361737004027 -0.090685778902206013 -0.48188537364515793 -0.0054309225261560453
0.49846382122309529 0.016421316789739598 0.49443639410262569 0.0013646746288134132 -0.011623858761811819 -0.4972145934975995 -0.011340911357879941 0.0062929577909117485 0.11107293485774004 0.49692175511450859 -0.00091537141815145151
0.50491603669180152 0.012013195574671807 0.50681287789195917 3.6712754956378162e-07 0.0060613784020998006 -0.50075525301024115 0.00077326059226766808 -0.0088346446086036597 -0.09064687166186941 -0.47845700003190533 0.0068568944764846405
0.51187918591229775 0.0014627097527110237 -0.49815195118157474 0.0016227590506768649 -0.014049511782980405 0.4963682015495911 -0.007541464472209645 -6.3143773142168696e-05 0.093429242474409813 0.4841023625369606 0.0099890424640987872
0.5100054444933817 -0.013057850505750947 -0.48671576643442027 -0.0017024081206335143 0.0076968171187249308 0.49199868789623125 -0.0068330808137944121 -0.0023675354602407514 -0.12382722073036888 -0.49526985544422641 0.0053988174200780498
0.50722866621039586 -0.0071588969495908258 -0.49177432468101689 0.0036617200877597776 0.0013716111730039421 -0.49763183987052356 -0.0047527577358839968 -0.016636257868333171 0.063805331960883949 0.49878618551812359 0.003869542216867812
0.49745227317565854 0.010767780920716247 -0.49820117948895121 0.00057500685891160631 0.0092269376248779681 -0.50625950822167365 0.00097195074400208419 -0.017696733904298784 -0.12168687167172748 -0.48232807877065481 0.0086330469469486498
-0.50657639934900978 0.0047303105347946475 0.49374926348878295 -0.001168825523006127 -0.020424743502126932 0.49200621411779011 -0.0011444496366029987 0.037088202517546534 0.11555171195419535 0.49229028035844713 0.0014922320438184348
-0.50855729057419996 -1.4235123464387863e-05 0.49957130857049686 -0.00072446554590016793 -0.0073646393357715539 0.50783407560472349 -0.033009830114947639 0.024350755233891817 -0.089884366366022719 -0.4733091567103539 0.008025785856102273
-0.50246673648581219 -0.0038145383386043851 0.48046250554574832 -0.00060810653567030051 -0.007111392299405544 -0.50091783871288864 -0.0046190528402238907 0.01734646064545247 0.11138450453789123 0.50279590057085877 -0.012896709828437087
-0.51187842569803144 -0.00071786406575788885 0.50209806702494664 -0.0013208094589209545 -0.0026060408799138653 -0.50856896769388904 -0.014413330244924812 0.01602918804232659 -0.088424595556078012 -0.46787555725526458 0.0059529021285288147
-0.50264175638682107 0.0079030029748451917 -0.51186624973312911 2.7859464680293839e-06 -0.019856464682912172 0.49202858040262643 -0.014470418232301153 0.028251396435341154 0.091892263802669849 0.48288876893743488 0.012730310952549343
-0.50632899153468447 -1.8937500284456638e-06 -0.48799596772846038 -0.00049121270282605255 -0.013452776807072315 0.50398866359896721 -0.027065254142345622 0.024951264310735726 -0.11311652104040235 -0.48658593451443916 0.019717598904673391
-0.49377498538279141 0.0053794045846472993 -0.50666912878594261 0.0032154895610500491 -0.0056431028445649619 -0.49663358787889267 -0.0051775481433441583 4.5090970822310445e-05 0.078267206574876583 0.49658942103806697 0.0017313028648265709
-0.51140592518449735 -2.5016523105474176e-06 -0.49065905019821143 0.00203557623872266 -0.00046851543366303086 -0.51188234668589072 -0.0041381155763137323 0.010212133841254885 -0.10299471940808402 -0.47416382534943702 0.011363055858932785
0.51188375128148789 0.010540984114721231 1.1681425168196138e-05 0.50134092790799312 -0.011727850741003399 -0.0067628144661347183 0.0052229463711030875 0.49610024737562203 0.09430270013820706 0.48063000713270709 0.017232844471637872
0.51188503943171004 0.0088824631038390278 -0.0031571490298041636 0.49369948175236117 0.0016161452579868236 -0.0093804266763266187 -0.0060017072105863394 0.49459605887258451 -0.11058079189231856 -0.48672475145402883 0.016269016481678802
0.49722094789795201 0.0077012656884140667 -0.0022829879684586971 0.50259989270400729 -0.026974168808689188 0.010559889892574753 -0.012592220500810906 -0.4892736791719508 0.13863229169048075 0.48952538352202896 -0.029321113234491814
0.49174718261837802 -0.0022179327164723196 0.0069836807502394183 0.4984311218317774 0.012550894875517454 -0.001155351138841166 0.0017796872538586739 -0.50958662833834856 -0.11092732808760783 -0.48736868450335841 0.0048752986021015181
0.51188042038942194 0.010657293405886633 2.8543144279930469e-05 -0.50120926609242167 -0.012907870709008918 -0.0087101527268326102 0.0057122805637721558 0.49548867703553728 0.093547930831024598 0.48157243903973262 0.014379136821099339
0.51188763603608356 0.009575955907273696 -0.0022933168286942899 -0.49433799268081607 0.00067761941468646308 -0.010397426516466265 -0.0090587333112970292 0.49322613206846161 -0.11018871329373102 -0.48752593111054193 0.014775288115310856
0.49500806129790853 0.011445372697407686 -0.002448695911869715 -0.50396789821304222 -0.023802404142485061 0.016006706635180595 -0.016832201357365139 -0.48958162948820516 0.14295986196945784 0.48866267630495724 -0.028659845951880907
0.49245501577047679 -0.0023876331197529238 0.0070153438866351154 -0.49810103255479493 0.012025631250443713 -0.0016261617102365802 0.00020729320504121195 -0.50968584203223211 -0.10923424276776506 -0.48727960078480947 0.0052927390901200575
-0.49857816469352767 0.012373067242655961 -0.016278891588940331 0.49463799838273864 -0.0062818553443620053 -0.013355270125469111 -0.0014033586750813608 0.51140442408017694 0.078194792182960507 0.48806625782842017 0.016049680874750432
-0.50881787611832485 0.013391674121227938 9.8398096345421362e-05 0.49404013802871066 -0.022782466663824618 -0.011009698105696131 8.630855387586477e-07 0.50156363021409145 -0.11679706795579016 -0.48014922040655234 0.021405747055782021
-0.49945512837052114 0.0037737791563547882 -0.0006221523793147176 0.50257965916148561 -0.013977261076014163 0.021592737552017356 -0.0025383830212458891 -0.47094911217507884 0.16712115194950922 0.49698871795285438 -0.023563689618133994
-0.50502059380263975 -0.00086430300503639054 0.0074146328906859998 0.50328575779809959 -0.01805765518822686 -0.0051044046527981713 -0.0038763389646346872 -0.49491611074497538 -0.10979981885254354 -0.48390627772578548 0.0084569293067575518
-0.49978266845991165 0.011956237875454894 -0.018321180380426211 -0.49339037175411649 -0.0039050746629262769 -0.012698329163178746 -0.00013193782245834014 0.51188017333888969 0.082735256354730571 0.48680213029265706 0.016892156597246005
-0.51009433641752755 0.013632053149885293 6.5530183148392046e-06 -0.49400289330266556 -0.023868625079997641 -0.01343791214782823 -5.8784054842515174e-08 0.50005017944718222 -0.116547880382879 -0.4804276218929146 0.019608606188252248
-0.50163427705419261 0.00098093181088456326 -0.0027964872402345179 -0.49979318725317878 -0.01308871121684878 0.019714424586465624 -0.0012917845079421133 -0.47093423329562312 0.16661956531482808 0.49791321799649169 -0.023252819079737284
-0.50512870778483487 -0.0009292488955593137 0.007485747628610033 -0.50329517661148493 -0.018212960155298951 -0.0050759429967184976 -0.0042097308423336959 -0.49496517968997289 -0.10960631540701544 -0.48377282096279506 0.0081632785416749475
0.50149319600610676 0.010385809801871905 -0.015896701703120873 -0.0030945053656920869 0.47156438171238813 0.0084926524704755559 0.5028339258272625 0.0090489589589886517 0.18265150178068687 0.48874147010291874 -0.02314520809739291
0.4937220430705534 -0.011202443786090798 0.006053976456461066 -1.0611904817494103e-06 0.50023422289742414 -0.0054392467775128675 0.50194443870403671 0.0023400515279865613 -0.11173556947604368 -0.49128164154188314 -0.0040436932145078153
0.49476068868156442 0.017107767300125601 -0.011406684439687601 0.00074186301717833259 0.47795098656270646 0.0052255164555186813 -0.50370912794612321 0.0081711784327065298 0.18344384545795775 0.48818102122612206 -0.023707871882755253
0.48984081211298103 -0.015323177959928699 0.016540769616447397 -0.00020489470091059205 0.51112865694746323 -0.0073102606752477048 -0.49694193041947698 -0.0083227665070494984 -0.10515871398636782 -0.48984311346887965 0.014711033572909385
0.5058321642896797 0.0061749452687939093 -0.0068484104260005396 -0.00080886084803963591 -0.51175330058074575 -3.5137394816714059e-07 0.49027278594120616 0.0030502039729984583 0.088277783976376992 0.48309576606869659 -0.024606935367722294
0.51143190633093549 -0.01390911705803897 -0.0015491925667286827 0.0023611421435939376 -0.4881561487016432 -0.01023834205156216 0.48550662286193513 -0.012894950398235591 -0.11247414463712371 -0.50129138423654673 -0.0028760713020590926
0.51188078735731879 0.0014147333575545379 0.0036083395864131011 -0.00056388267809448565 -0.50997658611403252 -0.0004506094143325613 -0.50086499115581729 0.0096089940814562541 0.10809706668838201 0.4638931791326677 -0.0068168135624386622
0.49296826144838973 -0.018909640368065205 -0.00096504195078710186 -0.00098491264269517345 -0.48580357806800029 -0.0015561295237434181 -0.50949929082949974 -0.002388426709197736 -0.11457886491047016 -0.49768515441364919 0.014185140049986424
-0.49103246918028826 0.010693592976251966 -0.016625302515194784 0.0024643974576458454 0.47488077623320185 0.023150042924790819 0.49718001273266815 0.014710491507624717 0.14863475628305672 0.51278175807266813 0.00090852048776873307
-0.51123148727885748 -1.080153024289897e-05 0.0068672081040901519 -0.011888029742351515 0.47531988864808189 -0.012140363016480926 0.51186142398814716 0.00063260947157445214 -0.09573546188558342 -0.4907012414090709 0.020542468116336875
-0.49388617703807497 0.016851698080163707 -0.012084250412165626 0.0012477920402784938 0.48254816356127983 0.0022155184523422701 -0.49221086482177279 0.016395054160457591 0.16102091177138578 0.50425930704459276 -0.0064593817700453271
-0.49857156043235046 -0.011934689888657646 0.011627170411877481 0.0011647876839812228 0.50048971032118716 -0.0061677640735510767 -0.50014967600449367 -0.0017348209693712926 -0.10200849002320461 -0.48992690402540728 0.005710665127081579
-0.49280977119840219 0.01788124120617815 -0.010815473144015483 0.0033118449504338696 -0.51068232571542227 1.4151222692825092e-06 0.48590110181065616 0.013617964055070247 0.086185207815115447 0.50205554121369422 -0.011019249183142586
-0.49963587055737346 -0.0099565526673749301 0.0029924377486277463 0.0013190702338386024 -0.51187859782766665 -0.0022600385007879088 0.4917097012684748 0.00033104173121501423 -0.11231118784013275 -0.48356635460832859 -0.00077489350444541341
-0.50029570207657093 0.013125452893394575 0.0013077946317247777 0.00035407207777085826 -0.50295313111421291 -0.0073696015587920369 -0.51034257082121071 9.8861334695992015e-06 0.10580463667087149 0.47386535679562064 -0.017927547218157109
-0.49478943728589325 -0.017040760529910038 0.0055446164572165177 0.0013231948319630275 -0.48947264175221183 -0.015028646652730291 -0.51188218313381773 1.141737032046057e-05 -0.099117483374252899 -0.49315660170534209 0.00035428003377725367
6.2495733912549298e-06 0.50866786052571245 0.48074588082894532 -0.0028255281674762658 -0.010325860669825391 -0.0044186204209342647 0.49899978541013307 0.016100059967147418 0.090233134442147298 0.502568815678333 0.0053706300221895657
1.2003743111194739e-05 0.49905435325978281 0.49905662144871538 1.18163606370083e-07 -0.042485598295298153 -0.018160593944782383 0.51057077213652347 0.014143010321570074 -0.10768749690955196 -0.47652822899605662 0.01393268028084526
1.3833967447858687e-06 0.51187971481879813 0.48214903829378719 0.0052754010808129092 -0.0054907406785120825 -0.0027745520867028263 -0.49829802996221367 0.013595356058070227 0.095828586518787867 0.49757013189655869 0.014172920592723154
1.6713127230430143e-07 0.49937259201164025 0.49937426044575101 1.4625387734611147e-06 -0.0062350981838282735 -0.011267468414446386 -0.51188354938467751 0.012506873480898852 -0.11003561425910667 -0.47564069039775397 0.023736833686948941
0.0020091161395696588 0.50627827622414889 -0.51187944078973391 -0.0035608400046165502 -0.018323514126140202 -0.013007671098994745 0.48998455261413415 0.0057991395950890562 0.067417807356852211 0.48628562270385423 0.0016489075005121743
0.0059821689978936544 0.49999828089848314 -0.48856478841134043 -0.0023961374331582888 -0.021888083370315475 -0.023883879519832181 0.51186192765626881 0.0059055599911480919 -0.1222442977199642 -0.4826680740337595 0.016293074257961199
4.6554972130768518e-06 0.50860730638009433 -0.50545287927092153 0.0031617252595907063 -0.0063682946855181145 -0.010679183534417158 -0.50393541101752759 0.011210318854999748 0.081489053039614678 0.47404993617139018 0.015199361547068468
-0.0035749639764521271 0.49137896108445339 -0.48831847416706026 -0.0076696374422651889 -0.0048891610822007544 -0.01214425926443193 -0.5118713878920933 0.0076905274071587676 -0.12859871603611125 -0.49098325298036744 0.013234323855846684
-0.0010072286084485988 -0.47652866976805186 0.4875525804960435 0.021669845263125941 -0.029278139183576919 0.017477911859643726 0.51187503764619502 0.0026450681520774153 0.17647530941290998 0.48993931822452463 -0.019300354271337181
-0.0038478613182825303 -0.4942621157926983 0.51188393475855398 -1.1092769966730967e-06 -0.027708509248792028 0.030719512667392337 0.51186900315874806 -4.8375065019103076e-06 -0.088288505552652316 -0.47107710762353916 0.015335067301641598
0.0024598213037752602 -0.47338199646028961 0.4975886331745783 -0.0074494559715906237 -0.017308254420523642 0.0034274378747988707 -0.49799576056232786 0.013638577184474318 0.16192447840068583 0.50345830882793718 -0.0081593925782627499
0.000975518723971031 -0.50608388800146364 0.50871183848479229 0.0002321626078580206 -0.0015125608793400186 0.0017290759605748946 -0.51184580187482243 -0.0024402305087874738 -0.087802682934263188 -0.4639345048490473 -0.012184624269740815
0.0033164848020146771 -0.4752974077343759 -0.5072384369386217 8.756197750107663e-08 -0.028708011693826651 0.011296220420503846 0.4895651282771773 0.017691831622263954 0.17514771474085367 0.49500046776973128 -0.012230612740142645
-0.0027048389157657026 -0.50215681282909475 -0.49120830197656873 1.2816434684196514e-07 -0.0046203442536981313 -0.0047944157804434423 0.50460585309834038 0.0034750541141673626 -0.11885928156459004 -0.4872474153598218 0.018015928237791738
0.0030085501511339452 -0.48292216934264925 -0.50374412329815743 -7.3199846083979228e-06 -0.0122020201201412 -0.0021613276272956848 -0.49701638667670167 0.022949505601768741 0.13911828475508692 0.4955318044142013 0.020193805201590111
-0.0019164962724116286 -0.50792038504954118 -0.49424634406983192 -7.3125978726227742e-06 0.014899284647178533 0.0032113090078123739 -0.49254706880213295 0.0002508047528256906 -0.11812488100002093 -0.49069270541828136 0.01288266564711384
1.2829003589103699e-06 0.51188750261260318 -0.017512317404477586 0.49434428166700373 0.47217683849144171 -0.00093245107659122722 0.0064611307256874596 0.019936964244601427 0.16287521767397345 0.49332419031747138 0.00027618577835698984
0.0092389319787531017 0.49855288808000808 0.0022514660618248778 0.49838650226522141 0.49971233629280665 -0.016252364181666125 -0.014808877100832599 0.008504676978237511 -0.10801249757973652 -0.49094393364538547 0.0021561100547807278
-5.4132398104583949e-07 0.5118825713783548 -0.0065358993071484893 0.50020463851891739 -0.51188894833973553 3.4141493998320446e-07 -0.013679391506341405 0.013388471282724721 0.082039150845104436 0.46752582620913674 0.004619735006000646
0.011980719400124516 0.4879263978929978 0.0098731951613527883 0.49440377221772852 -0.50290275026484488 -0.0039154563331883201 -0.017653519608683062 0.0031587832220407084 -0.12897604113554106 -0.49696026059656367 0.019981770405656216
9.0265868205849101e-07 0.51188590994302274 -0.016743383300873896 -0.49365574529092582 0.47215310896595569 -0.00227696912363913 -0.00024345138187829255 0.01943090781813701 0.16532824929476081 0.49329674921186029 -0.0031629603554586359
0.0079826204526185513 0.49773253266651285 0.0016817389529245911 -0.49843339665486536 0.50076472736952427 -0.017272402552526357 -0.015447005401123527 0.0098108350887601628 -0.10641474322851473 -0.49094113925621841 0.0037568910391670321
-4.2766617888286585e-07 0.51188220976268661 -0.0070310057563998983 -0.49909609496271545 -0.51189041461328311 2.8638540889989397e-07 -0.01384540501707693 0.014111818740850286 0.082203879110967937 0.46866826440910175 -0.00044858987410106339
0.011227255625915198 0.4898417705128405 0.0090823226819055376 -0.49363149595530831 -0.50296162058708849 -0.0050576646549987895 -0.017656413677668716 0.0027948831017672224 -0.13053968469132865 -0.49538224021338867 0.020365189382206026
0.0089072281761846516 -0.48581686218910053 -0.012365689110367799 0.49328964698900551 0.48408790173273886 0.0065546940557228888 0.0052935661840075162 0.020073687942525186 0.14431950088531864 0.51454771991086623 -0.0035414397150010366
-0.01660733273300875 -0.47024041959173218 0.042639679229936014 0.49427606162276483 0.45210345007357111 0.0027557850656643509 0.015679762336175934 0.019651311509450792 0.015528219742382054 -0.5624505092192158 -0.10412647647695697
-0.0038075140072542798 -0.47508898570129482 -0.0048889928485737399 0.49454548089606831 -0.51188708303159369 -5.4743778352381776e-07 -0.016468497528420879 0.024750909693017319 0.07719620902498571 0.51068962820891894 -0.0012115330126979164
0.0089816048870339504 -0.49914135955256733 -0.0026517575831051183 0.50546898472116752 -0.51189745673773845 0.0037453343818247609 0.0029630570226718131 -0.007472867188439542 -0.12000328489372153 -0.46736152809962894 0.018057244981018166
0.0056591280285798384 -0.48695501315052758 -0.01113764610987345 -0.49470204636493509 0.47969447706781637 0.0049901581854699117 0.013000700831882385 0.020495301322337692 0.14063283454904302 0.51719411796870063 -0.00071356694611542386
-0.01702251343836678 -0.4708846871315206 0.042096199216638583 -0.4937613037572402 0.45158262910470631 0.0019286146986653686 0.015473443049205619 0.020186512741768914 0.016243385522065501 -0.56274606719630105 -0.10431219231895487
-0.0065534681248841974 -0.4750888270272392 -0.0055008711485197599 -0.49347812902260185 -0.51188532796025321 -5.340636306468492e-07 -0.013588269411242871 0.025833350517094303 0.076550775911328584 0.51181843923551007 -8.3680852747474926e-05
0.011605936213987799 -0.49725962853808936 -0.002641751694709427 -0.5062209396481856 -0.51189754270539189 0.003002328909144317 0.0041809151354763657 -0.0077417193183087745 -0.12149540922827901 -0.46803400539143281 0.019724561797003819
1.0286790782683607e-06 0.50349273310612774 -0.012000782350788858 -0.00059193966461383791 -0.016358573214593101 0.50393232678201316 -0.00013920962004838146 0.50332760303718893 0.1104058905334466 0.47519189471428464 -0.028280962147696081
0.0078738628485712277 0.49511304293562747 0.0079578229523701929 -0.0004396424869694877 0.0035005324640943495 0.48055529596948937 -0.0013264462281832859 0.49148633152486954 -0.10835709199255655 -0.52008518922835534 -0.0012139111187603733
1.0941476904375667e-06 0.51187166335762013 -0.018765555166349718 -0.00025583560509738847 -0.0047388571550648897 0.48900450708521537 -0.0096778749637590287 -0.48163537019318431 0.053766617815171037 0.51334977946845173 0.0014790755310374153
9.2385761951124829e-07 0.49541522839032298 0.0040355355920457525 -2.6371828202653622e-05 -0.026670204707159768 0.50169357302053619 -8.065958818787328e-06 -0.49539361067440341 -0.12914914433892513 -0.48991358265684609 0.0054840394477119383
-8.700080394149054e-08 0.49656013797106097 -0.011935834479338357 0.00063323031948738851 -0.015346629524956237 -0.51187751346198629 -1.47305912585918e-06 0.49655257268631986 0.084040944295734665 0.48723778433323478 -0.001749337973045403
0.0043293413715844217 0.48533635695260374 0.004207596364614318 0.00055376212193756743 -0.006964339993439741 -0.50703883135756667 -0.0043665284712533234 0.48810588111084668 -0.12568171967134534 -0.50315909347621335 0.0066032275728841001
-0.010337801351060416 0.50229294219772103 -0.0044470862742623692 0.00086985933637249817 -0.0060450433439676043 -0.49738625337191272 -0.0015608503500977443 -0.49350192889111005 0.10372739001336863 0.49578239972755878 -0.0062144883895672636
-0.0085918239433999521 0.49602403386611715 0.003557759235984823 -0.0023658338529426721 -0.01507920972956662 -0.50402872553301226 0.0033088250386937271 -0.49940952123935933 -0.10626254955684777 -0.48856325297528524 0.013753000241109231
0.01159971843003647 -0.49039121118186058 0.0020347107112041107 0.0010486528444603803 -0.01402125788193736 0.50201555673700726 -0.0020758186131132924 0.50562031830199172 0.086889546602019196 0.49349978442210984 0.02030778404481447
0.0021952736892446602 -0.49496849486012412 0.016096558577607941 0.00022782390941414755 0.0067643403488391969 0.50795029981116868 1.522608926709342e-06 0.50903783331958175 -0.09651128865279579 -0.47695993018291477 0.027536081755007605
0.006162987294937949 -0.4763974654516393 0.0042543829984919759 0.00073896871919460632 2.6520842208132799e-06 0.50793443916594239 -0.00073858812351480763 -0.48517178188118104 0.15281832039008328 0.50615607812504571 0.0071982105822634918
5.2154722572962063e-07 -0.47795397550525698 0.021827978787966024 -0.00093312869804245107 -0.037615165294724202 0.50820406900103521 -0.013283450317525711 -0.46465017476690018 0.00029559603077355804 -0.53668508812496729 -0.085376714307757257
0.020332163422205302 -0.49095364470752761 -0.0039938004151592738 0.002706301831077083 -0.0075016922287109069 -0.50253831978503083 0.012463717704974042 0.4996274771655928 0.079999616902976911 0.49967582769039171 0.0082448437443591212
0.0030264001863759202 -0.5019140930722602 0.0047394142479011735 0.0010674701417724469 0.0047603730277785174 -0.50314120876750379 0.010029451559079082 0.50581829603714346 -0.11802064456245759 -0.47429823984387792 0.0059425633882506735
-0.0035961530222176786 -0.49760472144669382 0.0081054751151623666 0.00014996374624568948 -0.0032948769385111386 -0.48958293025529903 0.0054313409533427439 -0.49475466769000631 0.13468604656690986 0.49965566054724853 -0.00089158717767656465
-5.0553089668160818e-06 -0.47469134373466637 0.0084576723161614662 -0.00022274514278621739 -0.046198086103322815 -0.50288144770107213 -0.0060160834218688126 -0.46254591616755059 0.024685466022687494 -0.54454806071809492 -0.091900229772647085
0.0051318776845512221 0.01521212671076152 0.47678879631626869 -0.00049682817454518684 0.4739321286484911 -0.0006826593675579942 -1.3642141634722588e-06 0.51188838626493971 0.14698314664025919 0.51396913569818281 0.0020701378985240612
0.022322812588373389 0.014987833783768003 0.5118834445817726 -0.0002024561577913738 0.49617127255808979 -0.015495910026111582 -0.0032675798264000079 0.50840305533514041 -0.097113700183552421 -0.47209252457290846 0.0062875940371136816
-0.0023366585856297059 0.017425847051407584 0.50544542352488631 -4.8863523589856599e-07 0.48618020865660821 -0.008964620487323471 -0.0076546127189469002 -0.47916314951172012 0.16962517949360512 0.49929739992991745 -0.0061426352616536757
-0.031516532447396717 0.039825294434885444 0.51188700964339973 -0.0006542631777733699 0.46457464997465137 0.0050461226322466015 0.01611733430573007 -0.47709107297690539 -0.035963217439987392 -0.52969334885714603 -0.098958523834474052
0.022980015790509008 0.027241738675928905 0.48578991153548118 0.00069047648463650831 -0.51136692401089512 -0.00049802615814183312 6.2119587956029186e-06 0.51189864080255498 0.08530848904427428 0.48158294218824033 0.00110708380198496
0.0051901909665043868 -0.012988973233221734 0.49680735042024887 -0.00014802310425725314 -0.49037637491667868 -0.0054824717812358321 -0.018270268810393828 0.49630360648347832 -0.10032020616020131 -0.50573941875817963 0.00040074380493657069
0.00010699625145652866 0.028398020643920812 0.4912386866958367 5.9993229500453269e-05 -0.50971008328154987 2.258554607749329e-06 -0.002121759844740786 -0.47203759405341439 0.17004510722371444 0.49622589829060026 -0.0097081602723416028
-0.0093789476360274359 0.00096876800764897526 0.50823695209102793 -0.00077452321776090983 -0.51189418786117447 -0.0024124856765261799 -0.016215167175388605 -0.49074740572776415 -0.10561861158048541 -0.47667942556396287 0.0094712235940661946
0.035058347063721199 0.021624003671928162 -0.50823226908662922 -0.00042564420327815351 0.47489913247190291 0.00022064856520264304 -4.903538551134607e-07 0.51189579308908606 0.081193718992637623 0.49555723255901918 -0.016345207741569102
0.01983585826753376 0.0076912633637559553 -0.49987320426442161 -0.001485104233358415 0.49402047093257601 -0.0078286415427836296 -0.0056186563428072033 0.49621431110051833 -0.11541713303223443 -0.49523860870689601 0.026680292319663526
0.00016216362944601725 0.011891834805076239 -0.49724397849573837 -0.00013620599547716438 0.50253272109582248 -0.0094485399801995194 -0.0022012318698146961 -0.4890684472870736 0.13978589248750334 0.49099677254722762 -0.012955178192439198
-0.027292466221951896 0.018085395573083533 -0.46970943964076495 3.453046387566964e-07 0.4419702890506591 0.0081252703256134203 0.011580745511875393 -0.4581273785094106 0.042178758456532635 -0.59548695632144533 -0.12844747652216351
0.011604106127470587 0.020813299721061926 -0.50193487436219297 0.0013431772093007361 -0.51188632347842156 -9.5070131325984319e-07 3.5158038199695351e-08 0.51189423326864703 0.070118444813185299 0.46723052742910481 0.014403220686429088
0.013102449852082842 -0.0027476011462977215 -0.48956438347093417 -0.0003369785326595433 -0.49339732174147949 -0.00045160849309314546 0.00024921867426696008 0.49357013478724976 -0.14430532570085311 -0.50145809370334249 0.028468745951304497
0.0065413045239895969 0.014814637955770487 -0.49392569639174838 0.000266613435539448 -0.51170504644129844 5.9129580323414879e-07 -0.015706877638001729 -0.47332720208333123 0.1244379071239443 0.50202589487858384 0.046183119746560787
-0.020534519966185192 -0.01073593781354352 -0.49071811061140347 0.00057343066892122276 -0.51189088648197256 0.0014733489639560888 -0.0096168323523872935 -0.50077962683633315 -0.12614032201283432 -0.47914936745167319 0.015994202641080254
0.016101821407994911 0.025933846231128561 -0.0089997550163436555 0.49585158232105542 -0.0077404138748456914 0.51116773900119661 0.49798715021329537 0.0013309739229515911 0.090886155155155177 0.48529543269890035 -0.0010415456613357909
-0.011613279464884108 0.013465810147513003 0.0086722299804385759 0.49452710003804279 -0.014822763276783354 0.50513051491307059 0.50341877372960786 -0.00036310269299709327 -0.10511621382245963 -0.48494635684883958 0.0046915912491545409
0.0072748827543084593 0.012300882550505763 9.0725971293016611e-07 0.50754761925520686 0.00021607078400780389 0.49807710537692917 -0.49303383664879796 0.023148866222342475 0.091887057226163776 0.49165089897530084 0.018117867776719261
-0.0051054524516651644 -0.00017584721192099971 0.0048459207965197097 0.49995807865995834 -0.00082115450588067789 0.48979684701280213 -0.50895567510484563 0.0090130595979025906 -0.11008971633527684 -0.48841954367882351 0.017326386638234853
0.0030453326247839251 0.0059073034306012769 -0.010098889399944841 0.50183057008744458 -0.014910009704444543 -0.4947893147760849 0.49523877795444082 -0.0032011933312687153 0.090603241965485914 0.49949684064143052 0.0018467739515036173
0.0020178184250663747 0.0011975279597935093 0.0069648796520937421 0.49329280699728556 -0.0082163022211643628 -0.50942759478699196 0.50611249947478643 -1.1208028870826265e-06 -0.11751451503326313 -0.47647530759177709 0.005997273135114293
0.0019210359441763163 0.0054455419443778103 -0.0048929183924473303 0.49839833040339981 0.0069811889784589434 -0.49794415381902102 -0.49267792508383168 -0.0040999134869788524 0.085329890616795842 0.50316463932227051 0.018452921718599958
0.0050425049431278568 -0.0081824109886279948 0.003975205649639559 0.49780634898428366 0.0064812274008874378 -0.49810940365427409 -0.50859176272080542 0.008190303929068346 -0.11368832955553287 -0.48182646061263823 0.010546896146164327
0.014042808211447001 0.016613036193897125 -0.0037991331702564132 -0.50155546856191369 -0.022748544405609611 0.49564008535576637 0.49418275434066927 0.011156214320103349 0.093781311925628746 0.49859642703305401 -0.0065960065493864727
-0.019866248582646462 0.013927348933153273 0.0054569999635776193 -0.49344447378809497 -0.01584589346595109 0.50190562341050826 0.50500195968045258 -0.00097253892468497616 -0.098396668744410706 -0.4888299903407119 0.0083184985396151882
-0.00076126010091961353 0.0074847118948374921 -0.00076689724181105891 -0.50169075223321347 0.0035601407566608419 0.49856775206931631 -0.49440493380967609 0.023103036883348152 0.08672163071572303 0.49662364638442158 0.023260401690590699
-0.0069233591105471587 0.00037984819111651298 0.0044157067498042752 -0.49948469387515482 0.001680209965241255 0.48792221128387175 -0.51186057569813614 0.0079842110717090291 -0.10921068041924624 -0.48798711017826291 0.015911271615373323
0.0029021355307620087 0.0066220729410139002 -0.0057690837415468573 -0.5001841905375749 -0.018448931517177351 -0.49453521994436206 0.49480714346375032 -0.0058624986179546612 0.094282414893146246 0.50106543383412105 0.00074247866897967382
-0.0021552448400791215 0.0013112118400399051 0.0093119017234048491 -0.49473818694979788 -0.0091699432896804722 -0.51052551546470781 0.50406088745737776 -1.168874014724449e-06 -0.11662689494888598 -0.47609412322715638 0.0087083660999214222
0.0023512645307302541 0.00070252391447550718 -0.0065936136542434787 -0.49320181114543271 0.0073426008896897632 -0.49892122389386201 -0.49308008311710799 -0.0064350016401434678 0.076326164376176439 0.50836179432255735 0.017303161832827534
0.0028738135867324142 -0.013348713394412324 0.00085891201196456463 -0.50013882174171909 0.00056382304196582543 -0.50111124276759478 -0.50647690300696058 0.014925988847438702 -0.11343825190763616 -0.47846361447815566 0.0048859984322426565
0.50882449204244984 0.0027349460661013213 0.50110387440029147 -0.0031697731951255154 -0.014513084538121558 -0.015649084517858187 0.51187556274505019 -0.00033622097308404312 -0.11958744475888032 0.044277835607861381 0.45960973014877476
0.50062015842840091 0.005177244244715661 0.4828347314899088 0.0001929124187682905 -0.018379777946075381 -0.0056584461882657278 0.5013767142846387 -0.0029299075128546097 0.14170482987895894 -0.037204379758256786 -0.49295211232866437
0.49897588356307726 -0.0050962843814899303 0.50408625843676025 -2.8534762352585876e-07 0.0088174970067651636 0.0010270857402020063 -0.50749595093268041 0.012175430349275882 -0.12177375203042681 0.045740285865591826 0.47137451633772498
0.49640151904485313 0.010410015141784926 0.49447948584158524 -0.00076897130903903137 -0.0076494754763890916 -0.011905337558973293 -0.49873698667719479 0.016664205859476228 0.12910504891716076 -0.032788641869735319 -0.49194194004362019
0.51188256419012457 0.00059187591191025906 -0.49036179582240791 0.0020047663153408722 -0.010255741452062317 -0.0056861032212713698 0.51127754172839279 -6.0359142184237314e-06 -0.13051383317152382 0.034526969517744664 0.46663580154425893
0.49651180292709501 0.0075552887933000995 -0.50447367519144848 0.0011260082081470698 -6.4640248990026952e-05 -0.0052274235069450078 0.49619994067769102 0.0054633159917968884 0.1109820765355243 -0.053766512280041097 -0.48728284606554123
0.50200045105173052 -0.0080793736989244348 -0.49619383906051556 -0.0011951461063890686 0.016913469442790752 -0.002948700041989577 -0.49766365534073748 0.010048812667679988 -0.14534999622777947 0.017014068086364444 0.48191240271312447
0.49709744811274781 -0.0011057071473061716 -0.49184289846997653 0.00070202201884943911 0.016331594333348999 -0.0067213053058361276 -0.50794136335621898 -0.0061028590916192794 0.10055221408384304 -0.068088021372083543 -0.48773217861235829
-0.50885388427320166 0.0063662144098920017 0.49990115741446745 -0.0027702226363137596 -0.024089385004412874 -0.029987003820609721 0.50853539092409872 -6.3471822357761905e-06 -0.11904020952073519 0.04459444836666341 0.46354218299727051
-0.4924016252440937 0.018852408511149169 0.49165949151567623 0.0021956524599516182 -0.03511890358926744 -0.0019210854229069346 0.50629572375670662 0.0061820272372134734 0.13031889068588581 -0.024566105325293554 -0.49015735998663651
-0.49186664903796107 -0.014879801619433081 0.50677206961160681 -2.3700494857587183e-06 -0.010128168954982869 -0.0060917935519049166 -0.51171032362198443 0.0052703651649232052 -0.10853087233642919 0.040182490634627289 0.47499405882055995
-0.49159355344438183 0.0080673657194368833 0.49406034433139878 0.0010373977878129993 -0.0064362576408576793 -0.0033663240045704343 -0.49902224035144849 0.021889767475038145 0.12858663303745307 -0.032227607095787682 -0.49703695948792537
-0.5033998306994153 0.013361026572671282 -0.48757016496348543 0.00079285415614855639 -0.025172811663899917 -0.025040430318882201 0.50700980571982779 -2.4012155104187402e-06 -0.14552808053497485 0.033625695097636972 0.47755214662490342
-0.491637817953191 0.020247731036771917 -0.51186709535776598 3.2665471824464019e-06 -0.029701595023260849 -0.01302237912014054 0.50427253696360153 0.0068826518148162475 0.1090083338931018 -0.034354064433097818 -0.47688721296299441
-0.49190122596913022 -0.0055564239710726507 -0.4878082340910434 0.00017519395318073822 0.0017328819980860877 -0.0097240846040642145 -0.5068365788572804 -0.012312078221184047 -0.14171348401901787 0.019470318027503448 0.49239327333605337
-0.49658535844004936 0.014188458621111765 -0.49835909517700033 0.001238100360649103 0.00017244995437108482 -0.0048891972560389362 -0.5118771022554871 0.0011057959017309743 0.10931908547919333 -0.036833476369187761 -0.47904869978791381
0.51034126001337199 0.008360616596288048 0.0080143905688976023 0.49254046147345215 2.9933717107778694e-06 0.5050571632584262 0.0017893192105780371 0.0013410228703834141 -0.13481754231945922 0.022759905268961666 0.47227115155948879
0.49518166406372199 0.015347271207459507 -0.0099784452461250169 0.5018493355996938 0.0030677612649882505 0.49447528578362482 -0.0030728725624796236 0.0060214179794254793 0.11645801759764655 -0.046565294925381522 -0.49225556354974581
0.49833650893314296 -0.0081040039288850646 0.0044055353962600251 0.49649651276237222 -0.0084236686494684153 -0.50887023504123141 -1.6431093522701169e-05 -0.0066937133447885072 -0.13773596072040598 0.026051835783698695 0.47576494160592875
0.49864705638900181 -0.011037132906680557 -0.0040988668050586929 0.49465455307346712 0.0064300980676220637 -0.49387066271698898 -0.0014908220808602525 -0.00074718782751656023 0.095010147656763591 -0.055193531142505109 -0.50050350122136489
0.5098725129663142 0.0087528334414389009 0.0095748211597589013 -0.49549787899136333 1.0269525592983951e-06 0.50513292192523274 -0.0010643457466285146 0.0022217605153844171 -0.13238822508988621 0.023612075957274756 0.47020641531574681
0.49505619609828544 0.018830777580845906 -0.0064148435370152499 -0.49966328976541785 0.0058660054382681567 0.49540740241846354 -0.0029215982973725646 0.0069524243533504804 0.11957070573734403 -0.045127031953366772 -0.49295723156104954
0.50072191595534032 -0.0059859729269542373 0.0038903636515267323 -0.49791523876178123 -0.0096027234484931875 -0.50740966464041115 -0.00036704217128716971 -0.010437841698886768 -0.13959739439302318 0.026903238945907283 0.47268375366102561
0.49540717085690178 -0.0017610050069094569 -0.0064735008279547387 -0.49324205857518794 0.0045776350783419692 -0.49577233118060071 -0.0014386006411047257 0.0091335556481938526 0.10378355737445025 -0.048465985302925445 -0.50221745323519706
-0.50412068935762711 0.015078987873064824 0.0052949392142847464 0.49388338614981586 0.00098421297655700707 0.50356148301016179 0.017570400057312779 0.01377650424035168 -0.12706728386472455 0.037049885340084944 0.47968081437964177
-0.50834652071370423 0.0056235685275162336 -0.010762360879788149 0.49902626314286069 7.3245028313181072e-05 0.4941385264326103 -0.014435873379008117 0.024485182003472206 0.1112017530704216 -0.044249983292436637 -0.48280891922390345
-0.48954211901750982 -0.0014842110120460753 0.0075521806098757371 0.49550709657143971 -0.011216446008831494 -0.50945870073392252 0.0043563628665117676 0.0043534364012296914 -0.13593901890260948 0.033984384464034706 0.48519658971678925
-0.49769722214811096 -0.0027118279350770063 -0.00080513260351750785 0.50155835410280192 -0.021586198650469013 -0.49515418314760301 0.0034368088993592841 0.0083624246475552978 0.095698864107142775 -0.037644543888909567 -0.49439653630293368
-0.50412067833275198 0.015985965832164408 0.0050367759915713756 -0.49416797019342179 6.560875515571419e-06 0.50362976861047193 0.014487974688922078 0.011882121534398153 -0.1274870084875194 0.038561285972303253 0.4792134164345786
-0.49534436306337715 0.022995341185075732 -0.0029946722249318196 -0.50238691712672001 -0.0097028765739644203 0.49561304429701519 -0.017852987453308215 0.021777395974608829 0.12437581327095781 -0.04920948853133926 -0.4871275576143877
-0.49120299905978487 -0.00018287817877152924 0.0030838000832808126 -0.49674102549992821 -0.014790349312839879 -0.50912651148863242 0.0038185780575751482 0.0011672961192663912 -0.13329979955128538 0.035109577314889909 0.48323120946492609
-0.49792697946035397 -0.0010566524507795115 -0.00032853740714850729 -0.50467037857475383 -0.022597832637835675 -0.49462250946342673 -0.0041182360797970352 0.011804644371053136 0.10236757107415598 -0.035460107972516745 -0.49022481617464791
0.50325037471659051 0.014861606693608042 0.0028886491447185775 0.00033707862732653001 0.49945665500649472 0.0041207547717261647 0.0088479888555854178 0.4967375259500586 -0.13488371024047982 0.036990451208186392 0.4802576796527584
0.49785648404229904 0.0065263163822064409 -0.0049847504041152495 0.0042837987669442738 0.49405397358147551 -0.0016746386813805683 0.011447658881753409 0.50294045810768595 0.12856625121932824 -0.037859369906957999 -0.48674246831246237
0.50279397603648857 0.046756695801284089 0.0083260255548174272 0.0009397686368776588 0.4631205313159264 -0.0063315912043523659 6.3288643039916794e-06 -0.47422029737739568 0.011152664273237091 0.11420977946438242 0.54071060789349712
0.48958885464313751 0.0032902635002867516 0.0080005971526892483 1.8798510282024333e-05 0.4947812087355864 0.0053534128817784689 0.0033675236427785343 -0.49759515561484169 0.14123981069937439 -0.010316510382170447 -0.49771821395253502
0.50735311796168447 0.0076835680843949927 0.0044514592123448653 -0.0010098820815114655 -0.48810055819115056 -0.0037332624735582688 -0.004130278921761381 0.48590212882669082 -0.14126121065074293 0.021971357721010009 0.49769613296970949
0.51187484279349527 0.015235802380667964 -0.012640109876773361 0.00059339991278215258 -0.49666654701512886 -1.5006034660672173e-06 2.3136325263981432e-07 0.49667388308774696 0.11400307875476959 -0.05121829915562278 -0.47813101754450105
0.50472023160576118 -0.0051061778735487359 0.0051477839562788837 0.0008538794111669116 -0.50555500991669766 0.0083639611906375297 -0.006591888797496134 -0.50136972752382736 -0.13076248684500461 0.019257615337765085 0.46974846639169288
0.50300611434547515 0.0081561747464965213 -0.0036072922785712175 0.0017430287709854495 -0.49795931333290783 0.01309968946659861 -0.020514643963586387 -0.4908305943109959 0.10731664512614564 -0.051973707421787321 -0.49316685201425969
-0.50163735397463294 0.026941304836941141 0.0041764365199013819 -0.0015696274163257073 0.49517711374556611 -8.311990861259176e-06 -7.9860437993373934e-07 0.49520136611879584 -0.14063939103162121 0.014343197556848252 0.48703623290248482
-0.48842702715009867 0.0051087487052071424 -0.018255431204486684 -0.00051693143265284247 0.48185540294671797 -0.010417459587600939 -7.6366274146032984e-07 0.51187043507315888 0.10048162117040099 -0.081805640537250271 -0.49998619752639478
-0.50825914706245667 0.037328397626392201 0.021972586112380139 -0.00031059752896676874 0.46456114590192943 -0.013597865769413539 -3.6277885641880064e-06 -0.47818672173921267 -0.0058557817434803259 0.096348839990751223 0.53461616969864989
-0.50748126020981843 -7.5299281680219003e-06 0.0037727090817917452 0.0012755037158996851 0.4845100232270359 -0.00018435140625322642 -0.0055919148368312214 -0.47720186141611926 0.14452206225375847 0.0073273123483948432 -0.5089240725371752
-0.48073814358339584 -0.0028614585117510542 0.0081857540037979723 -0.00057669097728465265 -0.49143934261427463 -0.0013880588781470249 -0.0077820965955674899 0.49501423620643081 -0.12780249802884214 0.037137554970783436 0.51428438093665962
-0.50423689458437282 0.016421259190355978 -0.012315538183678644 0.0013343154421714468 -0.50309946758166324 -4.5997328123778497e-06 -1.1694264964014715e-06 0.5031260682181905 0.14834986345628207 -0.037277387927416347 -0.46441343977720601
-0.50776619130076284 -0.0067552411889992437 0.016514262253609354 0.00022040592276876585 -0.50923116421048531 1.9273521744944118e-06 -0.0027415264516743748 -0.49415799725309284 -0.14177562813818584 0.050064469893544898 0.46446990381378966
-0.5027965831713026 0.013846242644063171 0.0040022819055311023 0.0016895412375159088 -0.50447895801217779 -0.0026109765252436828 -0.012409032641541666 -0.49163816168019797 0.10044809921329706 -0.0407741594347827 -0.48873791504837394
0.0016663934579469969 0.51189487762747277 0.508625598888791 -0.0011198336988513407 0.49073724923433365 -0.017929104812720587 0.0079406887797052184 0.0012888340657186967 -0.12966968679511778 0.034140117184501197 0.46911684261724945
-2.4009785962826662e-06 0.50994734779299444 0.49096409459901996 0.0024946923834802599 0.4720491673998724 -0.003611468272128967 0.0010158030061645626 0.028866605617854875 0.16519958703257226 0.016161266336324764 -0.49766642923813825
0.0066278585198194474 0.49059913588600618 0.49706882661363627 -0.0027521976562529934 -0.49633023424459505 -0.017924605954744228 -0.0056481187799652379 -0.013209766071481738 -0.12423029003560432 0.041290910026721236 0.49817072382250721
0.0003352959044998009 0.51153321456311129 0.48554091249205072 0.00018794952982168929 -0.51189859419345529 4.6366695720230327e-06 -0.022723584048480443 0.027210688821536603 0.11140123258263401 -0.046924533203077032 -0.4739984650741027
-0.0016154229863736185 0.51189079858409803 -0.49091198718729379 0.00090164785776046552 0.49967134513176015 -0.010583469509341961 0.018388505175428265 -0.0095173567694844963 -0.14689548505273439 0.018432684624244789 0.47417252243675523
-8.2910312161695977e-07 0.51154519848086621 -0.49430160990207161 0.0016794776244463696 0.47331953201789767 -0.017126259210857562 -0.006472176725521468 0.014634096200838094 0.096889195383684082 0.0023270402060493337 -0.50991268117984057
0.0007585770360154393 0.4931494537610363 -0.48923300303840245 -0.0012937602990479996 -0.49370668305103421 6.1706732054454661e-05 -0.013003195533641081 -0.0031158072998002263 -0.17051492100123528 0.013979593446536086 0.4942232131084176
1.1698438137651314e-06 0.51188590447717919 -0.50220629226444657 0.003215207542342933 -0.51189465811499446 -3.0133944346567533e-08 -0.011698978948333333 0.020554968614492779 0.09143576733930979 -0.049598522008139322 -0.46079854216620975
-0.0049799971048832738 -0.46464588541748097 0.51188946327173201 -0.00052801402148738537 0.4770784816888638 0.015815530757927947 0.030764403124260313 0.03967921289051117 -0.010938088174754649 0.056470465521608559 0.53699613313128869
0.0094844460753693658 -0.48575305554468962 0.50485141587612059 2.1329940354926761e-06 0.48040430387777322 -0.0076331785457763044 0.0021519391277181692 0.017130228694824518 0.16339050804771038 0.018020795686553803 -0.50091238637266344
0.015910616543249437 -0.4959430972142711 0.51188435467918358 1.2657873906597816e-05 -0.50861449454772145 -0.0032449431404302444 -0.023742806957310382 0.015731922971135289 -0.12021186630938598 0.037303295309336591 0.46519762170078005
0.00090447495362937723 -0.47378494662394866 0.47661246911201288 0.0012604219557830339 -0.51188832782478499 -1.3469525246281013e-06 -0.0048495659381353716 0.015393523978629789 0.14630021322550787 -0.002578606782332685 -0.51445644253225131
-0.0082729318645049944 -0.44203522539453893 -0.46971571999892286 -2.8891813075630642e-07 0.45802398752418094 0.011688221509784004 0.027521333763593097 0.017962989798656182 0.043496780785544732 0.12616942639774981 0.59589444192246388
0.010278747166402275 -0.50242200885578703 -0.4975834744884024 -0.00012452950876294983 0.48928419826074127 -0.00071755396552256371 -0.00018412483781351797 0.01164760896089014 0.15230247019382798 -0.0095392749382946767 -0.48688279938929224
0.0067976387059495375 -0.49428059590672124 -0.49944247924757351 7.4452262523072696e-05 -0.49622506048476372 -0.0048331114823826835 -0.017222927700595154 0.007529315263945075 -0.15401508602525332 0.03715997167903206 0.48423154516494765
-0.00036282140927588238 -0.47487884671393948 -0.50846853874947984 0.0014354228203090646 -0.51189565345594656 -4.5896397757788119e-07 -0.03530569335214926 0.021297188591010249 0.12786897706472786 -0.061340677982123518 -0.48176473266981118
0.0046490892722256929 0.50305784034874801 0.0087802153965757107 0.49335108625726803 -0.0027316756403167998 -0.017343040917953762 -0.011273217774389615 0.48854760978637507 -0.15465681330272965 0.02124527471570466 0.48985163218386862
-3.5560795850107684e-07 0.5118898220774184 -0.0078230457383244179 0.50041075808493052 -0.015113530555403827 -0.012428346278363278 4.9893849069744785e-07 0.51188185256898866 0.10613452000852246 -0.046349518038943022 -0.4600847263874438
-0.0042017809701107378 0.51189779983823547 -0.0026286664187919347 0.50503711590060951 0.0063386271941962904 0.0017415473377923154 -0.0090794913426801311 -0.49858735408876381 -0.14479881631633124 0.021689641649523493 0.46121736032970145
3.8993562432773671e-07 0.51188680447448298 -0.0038347797298082017 0.49487101208297313 -0.024387311687440308 -0.016694358047977729 0.0060732727354197366 -0.47510170070632068 0.11399152983796468 -0.063303416352639891 -0.49942620140987926
0.0053347855596279003 0.50302445994532907 0.0098391773133283608 -0.49468041132186008 -0.0034535874492173445 -0.017351361399892722 -0.011965668811807302 0.48931711269742556 -0.15289387871563617 0.024554429797868534 0.48812451773620907
-3.291091561845585e-07 0.51189093575557709 -0.0070104033445327982 -0.49861139770497837 -0.012852506390393852 -0.013499785625856386 4.6927227712619522e-07 0.51188040904418164 0.10692723569573812 -0.046613772362935194 -0.46187653806125767
-0.0029874087771533764 0.51189747201193359 -0.0030021194012778063 -0.50587673397528254 0.0080974447376599493 0.0040777520590387101 -0.011083180420266292 -0.49779651545093173 -0.1456875194600461 0.023473104518012704 0.46070546612733432
6.2306299543017493e-07 0.51188611382303528 -0.0069048510709874902 -0.49314872262580611 -0.025986183784043645 -0.014867811458717973 0.0032361700271518515 -0.47511124918206776 0.11313224220495458 -0.062568748999023843 -0.5013761151474434
0.017091094488574311 -0.50118814226603148 0.0021769194009830187 0.49688376744481833 -0.01019302576345507 -0.010173995800758151 -0.0070522105157487585 0.49842360795561635 -0.12893480789086423 0.032637269221132838 0.48502320828944334
0.0019943108111981291 -0.47207404879362558 -0.01711025348781987 0.49401688041978309 -0.018756503734620233 0.00063121952376258064 -1.0814909780226745e-06 0.51188607794732655 0.15639027291122626 0.016227978615245848 -0.49567716292642078
-0.0022841602628642823 -0.45198307721469944 0.042602274197444501 0.49423476389342075 -0.019796543287249613 0.015265860199132715 0.016534249213782801 -0.47039413684357295 0.014299931283973279 0.10633730773672791 0.5620872164324735
-0.0059716574428747421 -0.48606210104118391 -0.013307580809741796 0.49000741823666621 -0.018519370635941099 0.007839747401986957 -0.012418053304526475 -0.48811595661158241 0.15409519946158834 -0.0073841293523479162 -0.51069357922990588
0.016719367349994976 -0.5015561114626349 0.0019314278336764043 -0.49815882433261344 -0.010422228574378148 -0.012919158100320632 -0.0069818883358051696 0.49849584735344921 -0.12492828656984332 0.034239013209120116 0.48414276224819536
0.001192983704896914 -0.47217442672979337 -0.01784916553144858 -0.49400230471946266 -0.020710300987758608 0.004721587838116722 -9.7045756374153856e-07 0.51188612896207397 0.15412795704409593 0.015706599795455186 -0.49619781776102595
-0.0016594796657818363 -0.45172918465370676 0.042162556825386471 -0.49380320104644854 -0.02041197380558599 0.015257425039392956 0.01694390664229891 -0.47075165978880124 0.014673975197531348 0.10686569770801967 0.56226279046648331
-0.0057866043119168854 -0.47876227571675234 -0.010682436853578987 -0.49786986813719697 -0.022145260519377794 0.011859558562662284 -0.0019073453399921965 -0.4841563525756179 0.14424525263360877 -0.008024177113698492 -0.51657673658513037
-0.0028003732438015082 0.51187440034455767 0.0030237505084669716 -0.0010773287322580129 0.00086149254501702408 0.49087979000596837 0.49950619745329949 -0.0095609109411057425 -0.12602423467968377 0.023713401646506888 0.48058345437085553
-1.3318765775918439e-06 0.51187007871842527 -0.011447667202107546 0.00036307052962383519 -0.015721573962012163 0.48359220829422062 0.49215409924347076 0.019724198167862552 0.12288398604669788 -0.057440914081641821 -0.49269119716404391
0.0076082141823259905 0.48850804263184505 -0.00084861589266279692 0.0019345840487895556 0.013009123411416662 0.48530353818622146 -0.51143443428098589 -0.013986994530946746 -0.12691965665797511 0.028333431383561897 0.49692714150478767
3.4102331046689479e-07 0.51187857135278181 -0.0069253322602719335 0.00091652996353070012 -0.0022520529178334868 0.48968996072743848 -0.50546500945401174 0.0064219732358910134 0.13602823032402353 -0.056712536204420058 -0.46997243517639925
0.013468180681412135 0.49005000590732462 0.0054958586713837795 -0.0010401257971305816 5.0179538642207872e-06 -0.51188350522663573 0.49473340558609463 -0.017121336184637848 -0.12189720058375546 0.038788440531098735 0.48599983247148748
0.010102403444888651 0.50173233131699513 0.00061659680617112949 -0.0016152987218582364 -7.4067425412160449e-06 -0.5118571634646687 0.50061052243483994 0.0112997436041424 0.13718614629729159 -0.035320493862197669 -0.46406433662665475
0.0063412211947154523 0.48527035413565528 -0.00073926187506579268 -0.00067938721002577384 0.0026830136224548951 -0.50919636814581593 -0.49300550766530693 -0.018879726419209764 -0.14248170644456518 0.032046029963616836 0.49035136889270625
0.0016338096390276266 0.50996585410417861 0.0035693843896663475 0.0013277732113910288 -0.010247884233250366 -0.50139228252710832 -0.5118813740644419 0.00024712696996795705 0.12607935011500188 -0.026146443161112403 -0.45805695444671102
0.007104634011037855 -0.47531971396857131 0.00737345960571414 -0.0078375986840538737 -0.00026297226870606818 0.51186585184611988 0.51160538915555054 -6.6281446793750502e-06 -0.13763692081958434 0.050722624141449929 0.47816461345306727
-0.019606134992867747 -0.47381285101164744 -0.018429347833318437 -0.00036118591585874277 -0.014469955629076508 0.49851376517678303 0.49104451804191351 0.014379645799133624 0.1462260116571199 -0.0023956366989653366 -0.51315940818689409
0.0054397631335638425 -0.5001381006932788 0.0057961717033712156 -9.6888398881278115e-07 -0.0023434240322584886 0.50202106170692895 -0.49385496793649486 -0.011254430683959335 -0.12408425238611293 0.025593505113775002 0.4875415211151396
-0.0059220761443691218 -0.47138441428542238 -0.016937925960120739 -0.00010151371358926179 -0.0083553155509337139 0.50352321766047892 -0.50119284173053569 0.010686749788497964 0.18334963981853539 0.023631989293648941 -0.4882471554022752
0.0061913357813158966 -0.50027019063117673 0.011553355380938992 0.0011333317687863647 0.001800307399528888 -0.50021469077034786 0.49911708427647089 -0.011618859427678934 -0.12760265844355323 0.038357518967456795 0.48200836287576848
-0.0032320259830748814 -0.48370874064856501 -0.012138801328309209 -0.00096532077407994444 -0.015137686107970836 -0.49084291125839119 0.49450819797601381 0.017105021007513897 0.16128975110567664 0.0083553130370615288 -0.50378177630417753
0.0056812756532566427 -0.51144041667600071 0.016272289083348126 -0.00040082016283808923 0.0095411566359345033 -0.49692007471285582 -0.4891775740340284 -0.014650927035230556 -0.14020473280849707 0.037708334058248943 0.4801273234941692
-0.0078701388025142049 -0.47761706887565986 -0.011186394675315653 0.0019759729464120311 -0.0087088495933536764 -0.50317232190723871 -0.49575572052011563 0.016109143952059431 0.18391916554042134 0.024026219573119841 -0.48784830564103243
0.017116716557089701 0.042175775930063747 0.49906490648605811 -1.2406566158670199e-06 -0.014283578190155131 0.51041975843820886 -8.8945450269748085e-06 0.49906745581868966 -0.13526343909522581 0.034050206807398571 0.4686215430019659
0.0045270077174687177 0.011580057602942617 0.48094447455362954 0.0017528898238322248 -0.016566010267156307 0.49669598058710701 -7.9900281265912539e-06 0.51050735022884619 0.11310163820426432 -0.046914641218646469 -0.49592610294921641
-0.029847699511911168 0.027261331469145188 0.51188262267409224 -2.4096046629317696e-06 3.4493304944551125e-06 0.51186515934267229 0.004221886740553721 -0.49420950130735891 -0.12680640316958949 0.04943078815896864 0.45994787929190623
-0.015864855718249617 0.029916658339859518 0.48676870060619654 0.023528709928177561 -0.0015700521602089775 0.51187544646794925 0.002831467454974263 -0.47599338319876155 0.17665345115172881 0.019238342379883807 -0.49110357399151994
0.01164978976262156 0.0066450630196572833 0.4992523050739105 -3.5005316309035956e-06 -0.012631859501877575 -0.51188284562511155 -7.6687679192421535e-05 0.4991488941410348 -0.14449957143828768 0.035781378516278037 0.46591157131451022
0.0023308095247633878 0.0039816715327806859 0.48165927327178931 -0.0017772952482726187 -0.012753500574132916 -0.49914049870873289 -1.0392414076482668e-06 0.51188018366203425 0.10610071542601086 -0.035957754477295815 -0.49406919124313026
-0.0063912772484648484 -0.0008299436884367221 0.51085558721869406 1.5755864099059047e-05 -0.00043548710897724192 -0.51172895051841971 -0.0049492072102449323 -0.50585489200665101 -0.10176714400073895 0.035323758111931544 0.45782129393007692
-0.0045735104370514283 0.015921641893269996 0.49770627529226874 -0.0089688680022976947 -0.012981668535653789 -0.49806030876468671 -0.0029337914636406517 -0.4732697981570918 0.16148765723295988 0.009214637208613187 -0.50353245220236909
0.023849689071270982 0.022259811050107395 -0.48853988641696361 -0.0016046828301329408 -0.0057245454812655562 0.5118739281267255 -0.0064638545919802658 0.49969517596724278 -0.14555336810326833 0.02259968665870786 0.47621489864837713
0.014272659559766917 0.018783046487165726 -0.5118800780015178 0.002454036411331453 -0.0051431313410629535 0.489420744307075 -0.0025572536492084515 0.50644381797542914 0.10319195318075478 -0.063559761156278191 -0.47610590449485368
0.004794944252085688 0.004616693046189284 -0.4912080896842787 1.0986813058675231e-07 -0.0034720063671257349 0.50460591965306723 0.0027047105542504645 -0.50215783104048228 -0.14616403182148396 0.028587417152137917 0.47924957063549817
-0.0098170804377435191 0.029240974645226226 -0.50700346182886491 -2.5473667690051882e-07 -0.017013961019384134 0.4900054627590455 -0.0022447575906413531 -0.47509963949779843 0.17032842969004117 0.020312182406095721 -0.49643950942821796
0.011505536319599404 0.0055744251535768501 -0.48836380274865004 -0.0059610394344172804 -0.0081738090292943575 -0.51055046938836246 0.0042888610849520529 0.49167469242710826 -0.14775394529192157 0.018859628709607171 0.48644003350683396
0.0097002142987649906 0.0050456755399028762 -0.50593173482402176 -0.0016426280873387512 -0.010799748053768316 -0.50538473494671521 -3.9121414625756479e-06 0.50756655770580339 0.095807042364262379 -0.041970157261904874 -0.46884557117758913
-0.0030937618693049635 -0.014799695115941052 -0.49444425095340461 -7.044813747309842e-06 -0.00025217258234404229 -0.49269966127626624 0.0020116438966693152 -0.50777908331958244 -0.14200738798966617 0.02764017412818762 0.48349719633228816
0.002159910279372785 0.010583489927792343 -0.50373001905137427 1.6798443799409093e-06 -0.023409707509431294 -0.49658980364288052 -0.001859734766923173 -0.48296338974700748 0.12571512830463152 0.0038425370890860168 -0.49991378448609286
0.0051147251111131921 0.018053260411820357 0.0074245651381280829 0.50327830736813828 0.49482862504052078 -0.0037029826393059628 0.50495599609081487 -0.00087787495224181074 -0.13316920444453775 0.031224118657471163 0.47722567936979998
-0.016320046675251516 0.014770157272840711 -0.0050053472850467174 0.49825260664042381 0.47289150121368739 -0.0012953975848777747 0.50111181682546901 0.0021707497413295351 0.1741803363799595 0.0063293543887490769 -0.49609486956147669
0.00093109207586571693 -0.012366899512033609 0.0069868570403112864 0.49837073340819643 0.5094727611562766 0.002051155547554708 -0.49167844190408544 -0.002270592315663207 -0.1310017311592 0.029480871083138151 0.48174045504439289
-0.015417848438367491 0.025294230678410849 -0.0021657085949582247 0.50526515230506619 0.48989897274975219 -0.017589302544863083 -0.49387505177113711 0.013890589932063874 0.16675701282330105 -0.012832558016048918 -0.48107842315933458
0.012129035607299188 0.023551020894179542 0.0036474906083062138 0.49330113298679584 -0.50019932056533123 3.3367592654740415e-07 0.51033615267056276 0.013239490934179797 -0.14561330489239455 0.029134025967684635 0.47230209056132177
0.012854882962631582 0.0043644152418412987 -0.016770499709555398 0.4950785550759359 -0.51019632381332325 -0.0016645711739845697 0.50017706098082892 0.011723288880268645 0.097626789517485685 -0.04389008516128514 -0.48203398369478029
0.010509329360044384 -0.0020271853020713787 -0.0041808743343645918 0.49370829272425115 -0.49371534081645713 -0.0073674980245208481 -0.51188572249845932 0.010352898383009719 -0.1395344257839895 0.032728615352369282 0.47920327114091893
0.0065357851335154536 0.013040878121694438 1.2907230235347775e-05 0.50194369448485943 -0.49516485656340775 0.0067651094411579852 -0.51188228355742404 0.0099363072435812386 0.10389648204444331 -0.03167928801043713 -0.4782107128012969
0.0056280239115557625 0.018199981627483607 0.0074904688392226724 -0.50358885041186141 0.49465766443141884 -0.0040066706869273314 0.50529666922588201 -0.00097875400190255025 -0.13206985388527537 0.031071942109080052 0.47701509039067558
-0.021967341681631378 0.014225823023740782 -8.2860728234669476e-06 -0.50207767904038603 0.47038975860220417 -0.00064226576277893641 0.50058925749813787 0.0015209518503676745 0.17803012467635457 0.0075977769053582334 -0.4935805496300476
0.0016308393433295109 -0.011843993371954685 0.0070169057440299448 -0.4983015572732083 0.50923115878252856 0.0011645245833300335 -0.4928850549000699 -0.0024362209476413909 -0.13024353365306843 0.031670019190850995 0.48091337198509776
-0.01239958322243539 0.024977315000802431 -0.0021415634465677181 -0.50229569906974503 0.48799191803116421 -0.015098455750742784 -0.49891292842040419 0.00554954106190846 0.16667266443307699 -0.017538190850172185 -0.48116575136325967
0.013293477518880829 0.024018422063792781 -0.0016851875597634841 -0.49490956358603488 -0.50108091312684067 2.5470638318632543e-07 0.5093052822761408 0.013389766115538642 -0.14552722947719102 0.032230213222819576 0.47057186891716379
0.013846429949738918 0.005884465497865787 -0.017384252270564358 -0.49295939534138361 -0.51187562319639679 -0.0011198187851302599 0.49890808386513769 0.011845728367609635 0.09777074235070099 -0.047192461522270655 -0.48333086000524583
0.010088386454744462 -0.0013127062244269773 -0.0016054785040402004 -0.4943325049451861 -0.49436704526778641 -0.0079903992650237586 -0.51188535953262526 0.0094061970470923819 -0.13895170517907746 0.03476103050894646 0.47794944593160865
0.0055738519933526322 0.011771618273686679 1.4622985548375457e-05 -0.50051267589256732 -0.49731644864207852 0.0031780540103884774 -0.51188313356075321 0.011366682951109821 0.1026766964888986 -0.033940898968603243 -0.47763546726241518
0.017773410169674139 -0.44882148501668634 -0.0402512158786466 -0.00049575933209953821 0.44877804064611865 -0.017810042741742325 -0.017784007280717516 -0.44890683485042737 -0.51190516834756783 -0.25595279445553659 0.25595252542563601
