1 0 0 0 0 0 0 0 0 0 0
-1 0 0 0 0 0 0 0 0 0 0
0 1 0 0 0 0 0 0 0 0 0
0 -1 0 0 0 0 0 0 0 0 0
0 0 1 0 0 0 0 0 0 0 0
0 0 -1 0 0 0 0 0 0 0 0
0 0 0 1 0 0 0 0 0 0 0
0 0 0 -1 0 0 0 0 0 0 0
0 0 0 0 1 0 0 0 0 0 0
0 0 0 0 -1 0 0 0 0 0 0
0 0 0 0 0 1 0 0 0 0 0
0 0 0 0 0 -1 0 0 0 0 0
0 0 0 0 0 0 1 0 0 0 0
0 0 0 0 0 0 -1 0 0 0 0
0 0 0 0 0 0 0 1 0 0 0
0 0 0 0 0 0 0 -1 0 0 0
0.5 0.5 0.5 0.5 0 0 0 0 0 0 0
0.5 0.5 0.5 -0.5 0 0 0 0 0 0 0
0.5 0.5 -0.5 0.5 0 0 0 0 0 0 0
0.5 0.5 -0.5 -0.5 0 0 0 0 0 0 0
0.5 -0.5 0.5 0.5 0 0 0 0 0 0 0
0.5 -0.5 0.5 -0.5 0 0 0 0 0 0 0
0.5 -0.5 -0.5 0.5 0 0 0 0 0 0 0
0.5 -0.5 -0.5 -0.5 0 0 0 0 0 0 0
-0.5 0.5 0.5 0.5 0 0 0 0 0 0 0
-0.5 0.5 0.5 -0.5 0 0 0 0 0 0 0
-0.5 0.5 -0.5 0.5 0 0 0 0 0 0 0
-0.5 0.5 -0.5 -0.5 0 0 0 0 0 0 0
-0.5 -0.5 0.5 0.5 0 0 0 0 0 0 0
-0.5 -0.5 0.5 -0.5 0 0 0 0 0 0 0
-0.5 -0.5 -0.5 0.5 0 0 0 0 0 0 0
-0.5 -0.5 -0.5 -0.5 0 0 0 0 0 0 0
0.5 0.5 0 0 0.5 0.5 0 0 0 0 0
0.5 0.5 0 0 0.5 -0.5 0 0 0 0 0
0.5 0.5 0 0 -0.5 0.5 0 0 0 0 0
0.5 0.5 0 0 -0.5 -0.5 0 0 0 0 0
0.5 -0.5 0 0 0.5 0.5 0 0 0 0 0
0.5 -0.5 0 0 0.5 -0.5 0 0 0 0 0
0.5 -0.5 0 0 -0.5 0.5 0 0 0 0 0
0.5 -0.5 0 0 -0.5 -0.5 0 0 0 0 0
-0.5 0.5 0 0 0.5 0.5 0 0 0 0 0
-0.5 0.5 0 0 0.5 -0.5 0 0 0 0 0
-0.5 0.5 0 0 -0.5 0.5 0 0 0 0 0
-0.5 0.5 0 0 -0.5 -0.5 0 0 0 0 0
-0.5 -0.5 0 0 0.5 0.5 0 0 0 0 0
-0.5 -0.5 0 0 0.5 -0.5 0 0 0 0 0
-0.5 -0.5 0 0 -0.5 0.5 0 0 0 0 0
-0.5 -0.5 0 0 -0.5 -0.5 0 0 0 0 0
0.5 0.5 0 0 0 0 0.5 0.5 0 0 0
0.5 0.5 0 0 0 0 0.5 -0.5 0 0 0
0.5 0.5 0 0 0 0 -0.5 0.5 0 0 0
0.5 0.5 0 0 0 0 -0.5 -0.5 0 0 0
0.5 -0.5 0 0 0 0 0.5 0.5 0 0 0
0.5 -0.5 0 0 0 0 0.5 -0.5 0 0 0
0.5 -0.5 0 0 0 0 -0.5 0.5 0 0 0
0.5 -0.5 0 0 0 0 -0.5 -0.5 0 0 0
-0.5 0.5 0 0 0 0 0.5 0.5 0 0 0
-0.5 0.5 0 0 0 0 0.5 -0.5 0 0 0
-0.5 0.5 0 0 0 0 -0.5 0.5 0 0 0
-0.5 0.5 0 0 0 0 -0.5 -0.5 0 0 0
-0.5 -0.5 0 0 0 0 0.5 0.5 0 0 0
-0.5 -0.5 0 0 0 0 0.5 -0.5 0 0 0
-0.5 -0.5 0 0 0 0 -0.5 0.5 0 0 0
-0.5 -0.5 0 0 0 0 -0.5 -0.5 0 0 0
0 0 0.5 0.5 0.5 0.5 0 0 0 0 0
0 0 0.5 0.5 0.5 -0.5 0 0 0 0 0
0 0 0.5 0.5 -0.5 0.5 0 0 0 0 0
0 0 0.5 0.5 -0.5 -0.5 0 0 0 0 0
0 0 0.5 -0.5 0.5 0.5 0 0 0 0 0
0 0 0.5 -0.5 0.5 -0.5 0 0 0 0 0
0 0 0.5 -0.5 -0.5 0.5 0 0 0 0 0
0 0 0.5 -0.5 -0.5 -0.5 0 0 0 0 0
0 0 -0.5 0.5 0.5 0.5 0 0 0 0 0
0 0 -0.5 0.5 0.5 -0.5 0 0 0 0 0
0 0 -0.5 0.5 -0.5 0.5 0 0 0 0 0
0 0 -0.5 0.5 -0.5 -0.5 0 0 0 0 0
0 0 -0.5 -0.5 0.5 0.5 0 0 0 0 0
0 0 -0.5 -0.5 0.5 -0.5 0 0 0 0 0
0 0 -0.5 -0.5 -0.5 0.5 0 0 0 0 0
0 0 -0.5 -0.5 -0.5 -0.5 0 0 0 0 0
0 0 0.5 0.5 0 0 0.5 0.5 0 0 0
0 0 0.5 0.5 0 0 0.5 -0.5 0 0 0
0 0 0.5 0.5 0 0 -0.5 0.5 0 0 0
0 0 0.5 0.5 0 0 -0.5 -0.5 0 0 0
0 0 0.5 -0.5 0 0 0.5 0.5 0 0 0
0 0 0.5 -0.5 0 0 0.5 -0.5 0 0 0
0 0 0.5 -0.5 0 0 -0.5 0.5 0 0 0
0 0 0.5 -0.5 0 0 -0.5 -0.5 0 0 0
0 0 -0.5 0.5 0 0 0.5 0.5 0 0 0
0 0 -0.5 0.5 0 0 0.5 -0.5 0 0 0
0 0 -0.5 0.5 0 0 -0.5 0.5 0 0 0
0 0 -0.5 0.5 0 0 -0.5 -0.5 0 0 0
0 0 -0.5 -0.5 0 0 0.5 0.5 0 0 0
0 0 -0.5 -0.5 0 0 0.5 -0.5 0 0 0
0 0 -0.5 -0.5 0 0 -0.5 0.5 0 0 0
0 0 -0.5 -0.5 0 0 -0.5 -0.5 0 0 0
0 0 0 0 0.5 0.5 0.5 0.5 0 0 0
0 0 0 0 0.5 0.5 0.5 -0.5 0 0 0
0 0 0 0 0.5 0.5 -0.5 0.5 0 0 0
0 0 0 0 0.5 0.5 -0.5 -0.5 0 0 0
0 0 0 0 0.5 -0.5 0.5 0.5 0 0 0
0 0 0 0 0.5 -0.5 0.5 -0.5 0 0 0
0 0 0 0 0.5 -0.5 -0.5 0.5 0 0 0
0 0 0 0 0.5 -0.5 -0.5 -0.5 0 0 0
0 0 0 0 -0.5 0.5 0.5 0.5 0 0 0
0 0 0 0 -0.5 0.5 0.5 -0.5 0 0 0
0 0 0 0 -0.5 0.5 -0.5 0.5 0 0 0
0 0 0 0 -0.5 0.5 -0.5 -0.5 0 0 0
0 0 0 0 -0.5 -0.5 0.5 0.5 0 0 0
0 0 0 0 -0.5 -0.5 0.5 -0.5 0 0 0
0 0 0 0 -0.5 -0.5 -0.5 0.5 0 0 0
0 0 0 0 -0.5 -0.5 -0.5 -0.5 0 0 0
0.5 0.5 0 0 0 0 0 0 0.5 0.35355339059327379 0.35355339059327379
0.5 0.5 0 0 0 0 0 0 -0.5 -0.35355339059327379 -0.35355339059327379
0.5 0.5 0 0 0 0 0 0 0.5 -0.35355339059327379 -0.35355339059327379
0.5 0.5 0 0 0 0 0 0 -0.5 0.35355339059327379 0.35355339059327379
0.5 0.5 0 0 0 0 0 0 0 0.5 -0.5
0.5 0.5 0 0 0 0 0 0 0 -0.5 0.5
0.5 -0.5 0 0 0 0 0 0 0.5 0.35355339059327379 0.35355339059327379
0.5 -0.5 0 0 0 0 0 0 -0.5 -0.35355339059327379 -0.35355339059327379
0.5 -0.5 0 0 0 0 0 0 0.5 -0.35355339059327379 -0.35355339059327379
0.5 -0.5 0 0 0 0 0 0 -0.5 0.35355339059327379 0.35355339059327379
0.5 -0.5 0 0 0 0 0 0 0 0.5 -0.5
0.5 -0.5 0 0 0 0 0 0 0 -0.5 0.5
-0.5 0.5 0 0 0 0 0 0 0.5 0.35355339059327379 0.35355339059327379
-0.5 0.5 0 0 0 0 0 0 -0.5 -0.35355339059327379 -0.35355339059327379
-0.5 0.5 0 0 0 0 0 0 0.5 -0.35355339059327379 -0.35355339059327379
-0.5 0.5 0 0 0 0 0 0 -0.5 0.35355339059327379 0.35355339059327379
-0.5 0.5 0 0 0 0 0 0 0 0.5 -0.5
-0.5 0.5 0 0 0 0 0 0 0 -0.5 0.5
-0.5 -0.5 0 0 0 0 0 0 0.5 0.35355339059327379 0.35355339059327379
-0.5 -0.5 0 0 0 0 0 0 -0.5 -0.35355339059327379 -0.35355339059327379
-0.5 -0.5 0 0 0 0 0 0 0.5 -0.35355339059327379 -0.35355339059327379
-0.5 -0.5 0 0 0 0 0 0 -0.5 0.35355339059327379 0.35355339059327379
-0.5 -0.5 0 0 0 0 0 0 0 0.5 -0.5
-0.5 -0.5 0 0 0 0 0 0 0 -0.5 0.5
0 0 0.5 0.5 0 0 0 0 0.5 0.35355339059327379 0.35355339059327379
0 0 0.5 0.5 0 0 0 0 -0.5 -0.35355339059327379 -0.35355339059327379
0 0 0.5 0.5 0 0 0 0 0.5 -0.35355339059327379 -0.35355339059327379
0 0 0.5 0.5 0 0 0 0 -0.5 0.35355339059327379 0.35355339059327379
0 0 0.5 0.5 0 0 0 0 0 0.5 -0.5
0 0 0.5 0.5 0 0 0 0 0 -0.5 0.5
0 0 0.5 -0.5 0 0 0 0 0.5 0.35355339059327379 0.35355339059327379
0 0 0.5 -0.5 0 0 0 0 -0.5 -0.35355339059327379 -0.35355339059327379
0 0 0.5 -0.5 0 0 0 0 0.5 -0.35355339059327379 -0.35355339059327379
0 0 0.5 -0.5 0 0 0 0 -0.5 0.35355339059327379 0.35355339059327379
0 0 0.5 -0.5 0 0 0 0 0 0.5 -0.5
0 0 0.5 -0.5 0 0 0 0 0 -0.5 0.5
0 0 -0.5 0.5 0 0 0 0 0.5 0.35355339059327379 0.35355339059327379
0 0 -0.5 0.5 0 0 0 0 -0.5 -0.35355339059327379 -0.35355339059327379
0 0 -0.5 0.5 0 0 0 0 0.5 -0.35355339059327379 -0.35355339059327379
0 0 -0.5 0.5 0 0 0 0 -0.5 0.35355339059327379 0.35355339059327379
0 0 -0.5 0.5 0 0 0 0 0 0.5 -0.5
0 0 -0.5 0.5 0 0 0 0 0 -0.5 0.5
0 0 -0.5 -0.5 0 0 0 0 0.5 0.35355339059327379 0.35355339059327379
0 0 -0.5 -0.5 0 0 0 0 -0.5 -0.35355339059327379 -0.35355339059327379
0 0 -0.5 -0.5 0 0 0 0 0.5 -0.35355339059327379 -0.35355339059327379
0 0 -0.5 -0.5 0 0 0 0 -0.5 0.35355339059327379 0.35355339059327379
0 0 -0.5 -0.5 0 0 0 0 0 0.5 -0.5
0 0 -0.5 -0.5 0 0 0 0 0 -0.5 0.5
0 0 0 0 0.5 0.5 0 0 0.5 0.35355339059327379 0.35355339059327379
0 0 0 0 0.5 0.5 0 0 -0.5 -0.35355339059327379 -0.35355339059327379
0 0 0 0 0.5 0.5 0 0 0.5 -0.35355339059327379 -0.35355339059327379
0 0 0 0 0.5 0.5 0 0 -0.5 0.35355339059327379 0.35355339059327379
0 0 0 0 0.5 0.5 0 0 0 0.5 -0.5
0 0 0 0 0.5 0.5 0 0 0 -0.5 0.5
0 0 0 0 0.5 -0.5 0 0 0.5 0.35355339059327379 0.35355339059327379
0 0 0 0 0.5 -0.5 0 0 -0.5 -0.35355339059327379 -0.35355339059327379
0 0 0 0 0.5 -0.5 0 0 0.5 -0.35355339059327379 -0.35355339059327379
0 0 0 0 0.5 -0.5 0 0 -0.5 0.35355339059327379 0.35355339059327379
0 0 0 0 0.5 -0.5 0 0 0 0.5 -0.5
0 0 0 0 0.5 -0.5 0 0 0 -0.5 0.5
0 0 0 0 -0.5 0.5 0 0 0.5 0.35355339059327379 0.35355339059327379
0 0 0 0 -0.5 0.5 0 0 -0.5 -0.35355339059327379 -0.35355339059327379
0 0 0 0 -0.5 0.5 0 0 0.5 -0.35355339059327379 -0.35355339059327379
0 0 0 0 -0.5 0.5 0 0 -0.5 0.35355339059327379 0.35355339059327379
0 0 0 0 -0.5 0.5 0 0 0 0.5 -0.5
0 0 0 0 -0.5 0.5 0 0 0 -0.5 0.5
0 0 0 0 -0.5 -0.5 0 0 0.5 0.35355339059327379 0.35355339059327379
0 0 0 0 -0.5 -0.5 0 0 -0.5 -0.35355339059327379 -0.35355339059327379
0 0 0 0 -0.5 -0.5 0 0 0.5 -0.35355339059327379 -0.35355339059327379
0 0 0 0 -0.5 -0.5 0 0 -0.5 0.35355339059327379 0.35355339059327379
0 0 0 0 -0.5 -0.5 0 0 0 0.5 -0.5
0 0 0 0 -0.5 -0.5 0 0 0 -0.5 0.5
0 0 0 0 0 0 0.5 0.5 0.5 0.35355339059327379 0.35355339059327379
0 0 0 0 0 0 0.5 0.5 -0.5 -0.35355339059327379 -0.35355339059327379
0 0 0 0 0 0 0.5 0.5 0.5 -0.35355339059327379 -0.35355339059327379
0 0 0 0 0 0 0.5 0.5 -0.5 0.35355339059327379 0.35355339059327379
0 0 0 0 0 0 0.5 0.5 0 0.5 -0.5
0 0 0 0 0 0 0.5 0.5 0 -0.5 0.5
0 0 0 0 0 0 0.5 -0.5 0.5 0.35355339059327379 0.35355339059327379
0 0 0 0 0 0 0.5 -0.5 -0.5 -0.35355339059327379 -0.35355339059327379
0 0 0 0 0 0 0.5 -0.5 0.5 -0.35355339059327379 -0.35355339059327379
0 0 0 0 0 0 0.5 -0.5 -0.5 0.35355339059327379 0.35355339059327379
0 0 0 0 0 0 0.5 -0.5 0 0.5 -0.5
0 0 0 0 0 0 0.5 -0.5 0 -0.5 0.5
0 0 0 0 0 0 -0.5 0.5 0.5 0.35355339059327379 0.35355339059327379
0 0 0 0 0 0 -0.5 0.5 -0.5 -0.35355339059327379 -0.35355339059327379
0 0 0 0 0 0 -0.5 0.5 0.5 -0.35355339059327379 -0.35355339059327379
0 0 0 0 0 0 -0.5 0.5 -0.5 0.35355339059327379 0.35355339059327379
0 0 0 0 0 0 -0.5 0.5 0 0.5 -0.5
0 0 0 0 0 0 -0.5 0.5 0 -0.5 0.5
0 0 0 0 0 0 -0.5 -0.5 0.5 0.35355339059327379 0.35355339059327379
0 0 0 0 0 0 -0.5 -0.5 -0.5 -0.35355339059327379 -0.35355339059327379
0 0 0 0 0 0 -0.5 -0.5 0.5 -0.35355339059327379 -0.35355339059327379
0 0 0 0 0 0 -0.5 -0.5 -0.5 0.35355339059327379 0.35355339059327379
0 0 0 0 0 0 -0.5 -0.5 0 0.5 -0.5
0 0 0 0 0 0 -0.5 -0.5 0 -0.5 0.5
0 0 0 0 0 0 0 0 1 0 0
0 0 0 0 0 0 0 0 0 0.70710678118654757 0.70710678118654757
0 0 0 0 0 0 0 0 0 -0.70710678118654757 -0.70710678118654757
0 0 0 0 0 0 0 0 -1 0 0
0 0 0 0 0 0 0 0 0.5 0.85355339059327373 -0.14644660940672621
0 0 0 0 0 0 0 0 0.50000000000000011 -0.14644660940672624 0.85355339059327384
0 0 0 0 0 0 0 0 -0.50000000000000011 0.14644660940672624 -0.85355339059327384
0 0 0 0 0 0 0 0 -0.5 -0.85355339059327373 0.14644660940672621
0 0 0 0 0 0 0 0 0.50000000000000011 0.14644660940672624 -0.85355339059327384
0 0 0 0 0 0 0 0 0.5 -0.85355339059327373 0.14644660940672621
0 0 0 0 0 0 0 0 -0.5 0.85355339059327373 -0.14644660940672621
0 0 0 0 0 0 0 0 -0.50000000000000011 -0.14644660940672624 0.85355339059327384
0.49941376442002677 5.3809038091614673e-07 0.51220379474607658 -0.012789416566343966 0.4981099452100442 0.0013042711591551134 -0.0078916399069727267 -0.0068072691871872305 0.45620219546006624 -0.10116404653619075 0.14659860978317868
0.47778033004640891 -0.0047799316611975987 0.4985074390338653 -0.00074383810483247769 0.51215169438140951 -0.0098654371408163459 -0.0061319206417828186 -0.0048306146138109921 -0.47648040793381274 0.11318819744992695 -0.14453415175681153
0.48954670518262988 -0.0014027404342881605 0.51220209172651576 -0.0074939050916213385 -0.49153150278897861 -0.0034505607586118418 0.004130785236129253 0.0070040119413247691 0.46873039046425624 -0.10733704678901893 0.15819054854801248
0.49541983158497183 2.1063465768291064e-06 0.5119504490484853 -0.017040690715922322 -0.49362547083311498 0.00056872149482805636 -0.011708908978144913 -0.022362719777638627 -0.46503023066270954 0.10239344558210484 -0.14537672177417821
0.5064642947016621 2.7888578109198983e-06 -0.5023017473371344 -0.015640891435950339 0.48421945856729903 -0.0025705327955457421 -0.0037068961261947269 -0.030962193704888057 0.48396046140399779 -0.093276071707918476 0.11214540273287632
0.51212407413037764 0.010889433149359711 -0.48862303858426009 -0.012052963048210987 0.49720425495385695 0.00066304951327398329 -0.0093577089023420754 -0.010575037857512981 -0.46422040977461254 0.11370247784372722 -0.15123443373998574
0.49321611196758064 0.0025517018513192343 -0.47501530555299998 -0.017903403816712193 -0.49997400273341047 -0.0077068006218037289 0.0043577274028954805 0.010173463568927539 0.48607586265933039 -0.1266828117230992 0.16821746923292344
0.50388614849304803 -0.0024729510481401712 -0.50168693102992556 -0.0095063899759412988 -0.50115743505733412 -0.012045745362315162 -0.023136050484276947 -0.012659561471733775 -0.46815167861409662 0.084356470307325224 -0.12661382767376195
-0.48774907184832667 0.00034764779342870791 0.49959880043350574 0.0019513149520032425 0.50298246799398838 -0.01421977517058323 0.013852573698165253 0.01130757846593851 0.48041138592584753 -0.10742286693997811 0.12903433928461905
-0.50977354808002062 -0.008176121910506564 0.50501507093891895 0.0013749254102112635 0.49574801670790603 0.0062541370168019807 -0.018471952169071049 -0.0031113952653760409 -0.46623846101809835 0.090408848551518595 -0.11538544919992746
-0.49768213413414741 -2.7985284321853873e-06 0.51219504832572649 -0.014518609515621079 -0.49526533175401 0.0024185086053361954 -0.0050312060971177686 0.0068887753188280956 0.46673494812347033 -0.091987680095053995 0.13449284157021565
-0.49681858363524645 -0.0048380112825527231 0.49690670906494122 -0.0083391658197311085 -0.49504034750826498 0.0035616814975870177 0.0030169672379709717 -0.0079745674814225547 -0.48268322305599987 0.117962663359893 -0.11880007820058938
-0.50280100175431308 0.0049020180514073048 -0.48882022966408833 -0.010038118432767758 0.50379021436738991 -0.0049072836426839427 0.01798236435598274 0.01726464154945696 0.47796259639854272 -0.10852642092309772 0.11595179907269317
-0.50146441858170498 0.0015726036401331662 -0.50032079410182428 -0.0066738029285309166 0.48210112472351319 0.014797742812407146 -0.020006747239073624 -0.010469635829209041 -0.4783090927874884 0.12633560771247893 -0.14238996550782682
-0.49153774365390296 0.0087613587971998603 -0.50126111289549047 -0.010959348324406188 -0.51219735052149806 1.3340214908493882e-06 -0.037575939787368777 0.012190962091915458 0.46503836953014782 -0.082359904635825112 0.14135253383368235
-0.5091983991578094 -0.010474547874314495 -0.48955930570416367 0.0017256973999749761 -0.50470644147356059 -5.0982490794294864e-07 0.0002528210353542308 -0.014638884662883997 -0.45311921122565851 0.13863961098510588 -0.14647548622624737
0.5084360212763297 -0.0068627766059596897 0.0020163219845684278 0.50570283299800833 -0.012394243920554868 -0.013698649462196026 0.5038969690418742 0.0040335391038194739 0.45217315844567113 -0.1056661817687418 0.12574057179103607
0.51221239125765439 1.3991646447283424e-06 0.00031659738904749919 0.47149677925451872 -0.022044234616870016 0.021234518992057267 0.48497506314952199 -0.018989284369590933 -0.51220886763812379 0.090755455892250064 -0.090754715707271991
0.51220545633429226 -1.0529223411196071e-05 0.0081301901129390459 0.47989151000487074 -0.027345179463844745 0.020761991264191069 -0.5122033596974731 -5.0578997323019873e-06 0.46281168936646799 -0.081527397135515489 0.15136423584990596
0.51124227420775092 0.0025445570818660884 0.0080962017037183275 0.47634455981438345 -0.00050465506522566874 0.0068120542936435779 -0.5010092589880395 -0.0091316506282726941 -0.48173293839583647 0.10972406146848361 -0.12809706143919153
0.49496850712066964 -0.0045027488660317532 0.0062637467952090103 -0.50989890696132134 0.01286987512081021 -0.0058724272472405652 0.50823816828717561 2.4231518067889187e-06 0.46016923672487187 -0.098366530527493778 0.12252312766975131
0.49242747679038157 -0.011245107324063345 -0.0085201051941064601 -0.51219629012376844 0.0021329499445895588 0.0016736359768222732 0.49318314818620945 0.0024250660078586526 -0.46615398431265043 0.11186558087856753 -0.14803648687181217
0.49076767399372917 0.0044708975693313674 0.0033292969935679833 -0.51220868850071199 0.0034796848746015694 0.0013452836222433769 -0.49306566524813827 0.0054885408345178533 0.47203696687763469 -0.10155009538928869 0.14307048664583405
0.49734305720399652 -0.00024940656697623888 0.0032585363843285007 -0.5106966260641902 -0.0044398305797889422 -0.0017136940618136429 -0.49446893578175233 -0.0014653306183637404 -0.46876498705724295 0.084161531557339964 -0.14310855439107245
-0.46406252906810236 -0.014997061254859317 -0.017230066969402623 0.44798773739807862 -0.03951695768555466 0.040668520952187481 0.46277690125900101 -0.016280872367366628 0.46587927914488142 -0.26921992049643001 0.2761616468448696
-0.48536957304018208 -0.013738450192971518 0.011809142799879862 0.51210428639904015 -0.011060309267492449 -0.0034381657345099619 0.4875484462889092 -0.004530557920243909 -0.48849565344720514 0.1041141482157647 -0.12046348989272143
-0.48682729200998603 -0.0095854352087886736 -0.0032628575261792621 0.50248072301654012 -0.007203073211077232 0.016645746424044237 -0.50908098968397542 -0.0066349556016122059 0.46894480436823999 -0.12104629408989459 0.12771807724675391
-0.48353248332730919 0.0052141521380851263 0.0016280769453270684 0.47269260696944637 -0.01447076536905691 0.014314025407932945 -0.51221041318480021 -3.2777830480448319e-06 -0.51220753189763546 0.093803324170085731 -0.093801800351787035
-0.49509495423629035 -0.0058038847128298772 0.0094221008369019636 -0.509254064374418 -0.0025442202347573592 -0.00034560097105258621 0.50251085982249577 -0.0031947681418037213 0.46549668717799025 -0.08699609720841546 0.13648946172918705
-0.49482875424749789 -0.007823469201619266 0.012723563147301695 -0.50902799515738972 0.0068069460127046727 0.0019816760220468855 0.49274013386285404 0.005353652621562629 -0.47164195129016961 0.11744344756715012 -0.12923255055788835
-0.50062209294290283 0.0051337947725779527 0.0079159265372789993 -0.4995602198752358 0.002231848599838244 -0.0022444167786686785 -0.49811092539620427 0.014318238862456539 0.4698736193132792 -0.10931123755698788 0.13663235243941424
-0.50637674724765369 7.8130192734233008e-06 0.005802501747259263 -0.5122060932993765 -0.0029740485671216799 -0.0077221554844721062 -0.49415367051739545 0.012223519346509521 -0.46267448782266973 0.07849466788369569 -0.12868178976424546
0.51081617780600452 0.0032896879707096428 0.012889190687286901 -0.034047554625568646 -0.011040939023248568 0.49928606622444388 0.01294418597193696 0.49699491753354141 0.46494189779750095 -0.07700409722453154 0.13802197524385756
0.49672686562805812 0.0074700688698989444 0.0035288107782162643 -0.019723573761637029 -0.0047850283512744568 0.49772589438628834 -0.0053978082316055815 0.50107633027162812 -0.47140767139796574 0.11657572574871075 -0.13464570973162818
0.49633531891806959 -0.0066400687656976657 0.017676772212832269 -0.02416711117041535 -0.0049554640368833528 0.4916136396980535 -0.002443524261620264 -0.50032055015770205 0.47929430818684393 -0.098219495138171561 0.14596365635213246
0.49765908396333292 -0.0047435120656233957 0.013537881482520874 -0.027828440276704617 -0.00044295011822329406 0.5019638143216596 -0.013588767723213536 -0.50842310548319547 -0.45762303018973483 0.099068893760793225 -0.14654412153750673
0.49874598403154302 0.0068099388246062867 0.0067437210838868344 -0.0080961181891029965 -0.0036573127874676373 -0.50965171294125122 0.0041207551402356445 0.50210516677774109 0.46259947799299517 -0.10180903316800054 0.12184770576101617
0.50521692668344653 -0.011889325130243322 0.0045748811573406451 -0.0062938208804553296 0.0028112635758439823 -0.49261957655984862 -0.00040865171141413046 0.4831403396933463 -0.48746501315545671 0.1093247437027524 -0.13737982143371244
0.51117817623455297 -0.015782400806350082 0.025478021278351883 -0.031643918525544538 -0.0017414471024058047 -0.49571494268430971 2.1563827454909782e-06 -0.49745958088145886 0.46515444632190373 -0.09599829383030932 0.13420364306940419
0.49887781309352031 -0.013319528660269048 0.0081862972776765037 -0.010117991016045007 0.0044041488170864368 -0.49225327182118994 -0.0068097157011680178 -0.50435019506001466 -0.46930752598609754 0.11374565503686825 -0.14435487153727447
-0.49204780079419597 -0.00064539751760838793 0.011753664887535232 -0.0076614719197563323 0.0051138166975956932 0.50193679959221049 -0.0049774502087561708 0.51209429270143558 0.46782922358787116 -0.093141716933668905 0.12617485880768822
-0.49284918251171073 -0.0022175939269301797 0.022553197888105784 -0.023620446060196216 -2.1024169684672824e-06 0.50030621736655334 -0.0027651114354703956 0.49693952448910794 -0.49416490601524782 0.06148995900321981 -0.1038526648267345
-0.49078384883029841 -0.0066875908907255378 0.034649437628631902 -0.035400104895884549 5.7138815374358686e-06 0.50441149113951522 -0.015600799396244765 -0.50441378720830587 0.47215333952774036 -0.085729214976186199 0.13132729525609119
-0.49968899245346571 0.0064603188668928523 0.018262354625142595 -0.029086652442894989 0.0046267204142250266 0.50482503486887431 -0.012985660770160267 -0.50194123270971203 -0.46224776474317608 0.10522276387466312 -0.13176285992179185
-0.48822240523941224 -0.020662920580463259 0.005361316264932468 0.022470727178488165 -0.018750407741451081 -0.49014722305700664 -0.021958863026173767 0.49355442318478909 0.45694979520474627 -0.17172238186793282 0.19419711455017233
-0.50821512190709761 -0.013732990183758941 0.010776169399468263 -0.0041710852436137955 0.0059541378722450583 -0.4964575605547405 0.007430246993899832 0.49499182693353661 -0.47646856184039332 0.10485210295895556 -0.1086339664110952
-0.50490514678166065 -0.010504493918139826 0.011983614739192704 -0.0072982487535029851 -0.0100840963939509 -0.48867141827586202 0.0076661524790824775 -0.4926006847620984 0.48722570844919577 -0.097084334421151247 0.12780324478769603
-0.4930429801665524 -0.016691442799051635 -0.0055924483036751821 -0.028480146961651298 0.0022069375820397094 -0.48100772578081696 2.3915585077158255e-07 -0.50974876943986069 -0.49578462081127694 0.10930492928013767 -0.082586637048814401
-0.00035952446713669706 0.50368433692482817 0.49421194306327954 0.010446338492267008 0.0099976951800413126 -0.0070751463892897897 0.0055906682494744672 0.50481525766766155 0.46748094896292619 -0.11214439491890023 0.12574925176153495
0.0043239952767443572 0.49273372715853403 0.50793660029720045 -0.014026828307985177 0.0046198178197039185 0.0057922530135583921 0.01297756175736923 0.48944493819861545 -0.4836323380182132 0.11366171045138775 -0.11135328914169886
0.0012481671996551142 0.49237510904207243 0.50475870650936439 -0.009855263458798778 -0.0067153059350307616 -0.0075731585113912574 -0.0047376880018286643 -0.5009224306979605 0.46888471473176369 -0.10200122151824632 0.14622385520735914
-0.01087810046865526 0.48665419064564863 0.51215708355296952 0.0043085277522276599 0.011104615453279921 -0.0055888618500826437 0.0059597658086266662 -0.49854184382338546 -0.47119362573025109 0.10635300393219518 -0.13659243363256485
-0.0023629819341542684 0.49398452828807593 -0.49618197356303451 0.0033159127770143997 0.0067725040689142956 0.0052683570433909293 0.014935958430938834 0.50762086578823551 0.47380926902255527 -0.11656184150253034 0.11708382049043108
-0.025954879423241976 0.4741065814080212 -0.49885045555473623 -0.0012568568398204059 -0.024774679878787724 -0.0052687955725135762 -6.6927282537342505e-07 0.50007323225344158 -0.51219492120565291 0.087601564642585492 -0.070451990603618689
-0.020702246518023801 0.48987398051334086 -0.50413185152182038 -0.0080691176647963297 0.0076820104951962351 0.039044091308244246 -1.7816230534293502e-05 -0.51219812112131835 0.46831831092270476 -0.079631905402866882 0.12564718530021635
0.0088355844306916911 0.48740288859733794 -0.49795511677138388 -0.011505154448206056 -0.0053344706240043638 0.014686661229642061 -0.0054115736837013961 -0.50032831435487224 -0.4696689211306691 0.16062197040831167 -0.13144776534171143
0.0066908294022059505 -0.50776705605364125 0.50532343881922026 -0.0045826413755664262 -0.00081194368664468629 -0.00996418257888863 0.0096484885630289414 0.50026541612411557 0.46054622200045447 -0.10296355828184064 0.11658572015954063
-0.0016152773234444822 -0.49789023508243785 0.51012712078462208 -0.014731932171339061 -0.00014409553907303833 -0.00017233939980872061 0.0078938445554183126 0.48809414121427103 -0.47457571623883404 0.099647763813004386 -0.1349294419047386
0.00075060055909738517 -0.5005038877656498 0.5122022293136661 -0.00071315642619383668 -0.005283311914419872 -0.0042462826418708339 0.018676482722514168 -0.49281252108879375 0.46399777769478007 -0.11243183964279328 0.12629279513613773
-3.7613096723161455e-06 -0.50423724534046777 0.49745329863345683 -0.022706743123112026 0.004187231107722675 0.0063632946282645838 -0.0043891544627664642 -0.49933850158229515 -0.47041437041244916 0.089925245579413615 -0.137756894373601
-5.831787172018884e-06 -0.51220594428752675 -0.49739620874600132 -0.014799998144218647 -0.032449127587089711 -0.0096970690381296097 0.0070879777612978404 0.50509961138737069 0.4553164065448963 -0.10144425805421223 0.12687095309766783
-7.4447608617826412e-07 -0.50847797126547023 -0.49366052382114506 -0.022255114254898657 -0.025390801024162826 0.00048617677753068399 -0.014393817382610126 0.49195030301068471 -0.46592527823907731 0.10312050103964325 -0.16329952680533666
-1.1149541578654672e-07 -0.50614586800344696 -0.48445588110626153 -0.012666621569391199 -0.01148941374841018 -0.009239219972913373 0.022064268542461574 -0.49617673454038724 0.48880038003436682 -0.094597122672620951 0.11911521927718605
1.4540166468077146e-07 -0.50106641754450942 -0.50578245559405921 -0.017549510519159327 -0.014950513551031113 0.0099629352399302172 -0.0036534662906612513 -0.49741801898169652 -0.46158142578712313 0.095447215326662477 -0.15126193374387603
-0.0021109542528378192 0.50076381423283367 0.0045110467924350719 0.50207798914778679 -0.010622235991999487 0.5053401477568622 -0.015474006212399652 0.0011312356040376155 0.46242742153975791 -0.10661781257930171 0.12727839546255931
0.008004547423634328 0.48627994439809946 0.0070969247625537572 0.47226056184402704 -3.7284370195275379e-06 0.51220116456128206 -0.0082858201658870742 -0.020570558564031661 -0.51176146153181568 0.088763816367204054 -0.088128848794590237
0.018739403803694009 0.46621200486891951 -0.034134949589972166 0.45080695906193047 -0.018256854841332215 -0.466696516136065 -0.03947995438844281 -0.035850405961924452 0.45977644152117914 -0.27092080456054746 0.26856612647355782
0.013901608960347697 0.48988478678032399 -0.00135615131650809 0.50266401311090037 -0.0079812010555973794 -0.48740342528045066 -0.0057080580781303592 -0.010691581872562337 -0.49562226073991594 0.10588802380948167 -0.11189415714760113
0.0052235307955888384 0.4927092969897936 0.0028460783818683309 -0.51220729506221163 -0.0073631375422388732 0.49131382420351039 0.017962825672762837 -0.0041541709720418346 0.4731373223862389 -0.096208379855315398 0.14123548431249325
-0.002016064246597732 0.49531871654820803 0.0079941293578235893 -0.51220849145959324 -0.0054659455275979686 0.49837653300858314 0.010524692446830589 0.0027056531642406516 -0.46290280391378075 0.10078331747409947 -0.13881801690649126
0.006130030876953789 0.50017770925974003 0.010526432916646858 -0.50755369960750873 0.00067137530668443131 -0.49610693776207077 0.017215273391206102 0.012630123975374771 0.46617412426509858 -0.10084144949037124 0.13415429894799918
0.00045809519729629741 0.49080980167382199 -0.0057103231883626863 -0.48974754034095147 0.00011355181141111786 -0.4878992524988579 0.0030870612039941535 8.2372573636598407e-06 -0.49013945264718695 0.1347290303537933 -0.1509186850914129
1.6246030642588625e-05 -0.51219891662096739 0.0029918378205230768 0.47385498465745929 -5.6833409829810345e-06 0.51219318162316974 -0.02008585640748892 -0.019725740222316379 0.47473514111449655 -0.084971883338960802 0.13182069266405538
-0.0027835861740572827 -0.51218121183201681 0.0028575329205109525 0.47460115300422839 0.005361261688266567 0.50403366097580349 0.0051507163983509248 0.015222930997862942 -0.46929465536349391 0.10995511722617914 -0.16044841719025174
0.0066572324624371336 -0.50154760910257379 0.0043690101341937399 0.50867898380401178 -0.0011702054588774088 -0.50221180378237185 -0.0026698676772803202 -0.012619659748322591 0.46110831963806553 -0.11539118200447354 0.10635705748764844
8.579113634641585e-06 -0.51219430955803402 -0.0035531053639473982 0.47275809423343323 0.0043601103398831081 -0.48036310804837173 -0.02578704587613519 -0.010693982678233236 -0.51093855181342285 0.10286743093966277 -0.10467653866975386
0.0011361906958984671 -0.49455707043843627 -0.016502452295657857 -0.5122146820081187 -0.0053288406481135694 0.49035347740479385 0.0041101515006563699 0.0098056648260371141 0.46947117525840149 -0.10617861937284682 0.14321572675342381
-0.0028531938398655976 -0.4920295505144226 -0.0041240849516921939 -0.51221180743924544 -0.00097748841473422037 0.49703806746413898 -0.010132553981659352 -0.0059403590932739989 -0.46836633946359735 0.094999433275061634 -0.14122026828707157
0.00076709947297578455 -0.4873146482415503 0.0058701598133330916 -0.50860869661197516 0.0063029480142750196 -0.49694739576382962 0.0020773663866694428 0.016927296944798487 0.47605638020201713 -0.10124999852397702 0.14013582927577342
-0.0075005533957949143 -0.49516697020913975 0.009093582492565146 -0.51221218735175977 0.0032641243986627887 -0.49982555695699976 -0.0054599296577411268 0.011623403020128828 -0.46191385210789176 0.097965562114932653 -0.13909198698590702
0.02655634170960083 0.48841719182761323 0.00080173405515041865 0.018633367952437786 0.48819498964401559 0.02124548847452986 0.48556764905383765 -0.023869245130801235 0.46854430429196275 -0.16387155067119116 0.19717127248876273
0.011093189713540851 0.49544058140864805 -0.00090337201466087337 -0.010678277476823905 0.49457460186715335 0.011985600345928289 0.50253207226684415 0.00054826839837477043 -0.4811832695282906 0.11687003812507415 -0.10871204798240393
0.0043405089352281196 0.48436550606741607 0.0024018955924958066 -0.0075589872975891743 0.51145872723143282 0.0072633342586540355 -0.49893927832499813 -0.0009377176388434429 0.47591388533807288 -0.10845821645469912 0.12832392486645636
-0.0046906428510604357 0.50115103103394631 0.0015345733684816291 -0.035148146832822962 0.49066952378682266 0.020823224021375396 -0.51209545679330404 2.7605257434721782e-07 -0.4670705079922301 0.077432904578893152 -0.14143986557600086
0.0092774453418497296 0.50670409339194433 0.0049061275677340869 -0.0132865380922382 -0.49771263294266027 -0.0039799801043607069 0.50829944876560584 2.5150005006805535e-05 0.4594711480567451 -0.095403430897090066 0.12902210105940023
-0.017496395001289331 0.49831285287854826 -0.0030106610324992368 0.0019073667803383234 -0.49273435159055129 0.0091552356215199564 0.4946432721977978 -0.0093626896507461692 -0.48072285808523768 0.14591308279681273 -0.10653541387030602
0.0019667478952124329 0.49685901295332408 0.027989677109122334 -0.032444920000070099 -0.50926323179516297 0.016323651149117099 -0.49883673551534541 4.3610629265354511e-06 0.46477044115386512 -0.089210814665864252 0.13735878677266472
0.0069025285701459936 0.49665526210728611 0.0046445209681355033 -0.022519767046659606 -0.50879978073720844 0.012038985160095462 -0.49366227078349623 0.0041212816211114054 -0.46954740540731943 0.10873454680112801 -0.13310766336163807
0.00028978418702068677 -0.50267962577857828 0.0095172421420027537 -0.0081323852099098003 0.49338311995384138 0.00044449992747425847 0.50913331322473676 -0.00054494824839158309 0.46811282259720693 -0.1052031231776515 0.11964512618331712
-8.9179105874001567e-07 -0.50265927728740023 -0.034547958940680856 -0.025295828755671206 0.50027584683743986 0.0023650945874640278 0.47419350963301748 0.0032407613508786833 -0.50768453384210377 0.088721305976079357 -0.068801531862287893
-7.5175982091853499e-06 -0.50611179765043424 0.037977916456082728 -0.032794373100587387 0.49549890718220213 0.0060658143402338811 -0.50196146453368551 -0.016350999412922698 0.46733271381559627 -0.087529366850555027 0.13222394462670578
-0.011253120717651074 -0.48839120576384637 0.0023791044557972762 -0.025631913713487178 0.50087370820282073 0.011255979357331074 -0.51095942956864338 -0.0013047383977198321 -0.46955728137116315 0.097008834113934059 -0.13677564927889696
0.0086914147410100794 -0.50352847210510088 0.024070494109271395 -0.03835776326485011 -0.5042085120299542 -0.0080028048754796962 0.50541637384666649 0.0067749216624442016 0.45912228342795097 -0.093628647294455025 0.12243919576871329
0.001951301359376389 -0.51219803960200816 0.0063114150449329696 -0.012740572842855475 -0.48167598621779256 -0.009779824134033395 0.50177332054537682 -0.0084439508669789682 -0.46762259745306739 0.11491979583102593 -0.14701899603683824
0.0048331722728261126 -0.49239821847765586 0.014393928680215247 -0.021937952149310543 -0.49826450708940279 -0.012256749765739422 -0.49709624256004542 0.01414773456813242 0.47900372223518006 -0.099359553206416568 0.14762353988889398
1.9029240601099684e-06 -0.50111605807002235 0.011506372034945955 -0.025690418088724125 -0.49563882298830753 0.005477086228449635 -0.51220348936754345 -0.011092985591197545 -0.45829432876331422 0.099439053314037143 -0.14143965103446005
0.0071197728603902303 0.010232497991154048 0.50933927841400706 9.7903964365925983e-05 -0.0020730284880699549 0.50670046469884411 0.49567715358147058 0.00605728927259685 0.46139955863159071 -0.081971639945279964 0.13537726001417935
0.0018893281990525817 -0.0087465131453718474 0.49688717781107933 -0.013437825269256458 0.0095958858295896801 0.50055591517349118 0.49302448913867936 -0.011753963598908301 -0.47975562583014675 0.11111213306866827 -0.12834138811862841
0.0069460128671581288 0.001406465399111967 0.51220171897498035 -0.0037040233314954906 -8.9245031725495905e-05 0.50120393580554645 -0.49181796069191425 0.016688183292421974 0.46285105883658828 -0.090059907111031873 0.14790121488062882
0.0063139922735498391 -0.0029745982237897274 0.50014031510991985 -0.0222411380426734 -2.3654377042070312e-06 0.50202649110726161 -0.50193425055141672 8.9821230004483374e-05 -0.46757395369862098 0.08863567747696699 -0.13735355483059786
0.00063125148146613822 0.0075183539393257112 0.49958384532520295 0.0093287430148763992 -0.0041014201271154993 -0.50159079199439949 0.50614159313106111 0.0047877229189455216 0.46253314480471502 -0.1186281033212898 0.12020863583904889
-0.0036303642095483718 -0.0096148542484745091 0.48905772308854789 -0.0065858476083567527 0.014303933872620368 -0.50155791403574224 0.49645933939933934 -0.007609641765798935 -0.4904771371416779 0.091818420421249533 -0.11567356985980862
0.0052172808792652027 0.0075852716461563049 0.5078154469293451 -0.00096273455934685651 0.0036503313550153081 -0.49133653760165286 -0.50283583271472354 0.0070622080250952865 0.4690913027692738 -0.08853068699843672 0.14083603309071102
-0.010687043722090677 0.0047706530812340166 0.50500732196116171 -0.0056406001596883458 -0.0023033225930935361 -0.4978041721432348 -0.48922217644125493 0.011490877193714576 -0.46890852450131243 0.10562522834744068 -0.16273366544415174
0.039388303660056967 0.0018985711215550069 -0.49760600389177123 -0.014594322887155595 -3.9083817291233075e-06 0.51220784663474384 0.50239213492143908 -0.005186739128633119 0.45759855254536996 -0.093144269468161081 0.13329028360404108
0.0089994870445499597 -0.0023204661692692277 -0.49492927928404573 -0.012705403176625871 -0.00064217409607098615 0.50696798050124658 0.4845626565667685 -0.0011901783252433423 -0.47689698296644645 0.10211969077514707 -0.15848883871145145
0.014395807048562272 0.0025483817554940468 -0.48974103016068388 -0.012274697744993504 0.0088283603535484669 0.50696889715111249 -0.49984951626512053 0.005441953327712269 0.47147129642742125 -0.1042609769251389 0.14021137830536201
0.013406965468448242 0.0045625896098882629 -0.49649548705410179 -0.018950757676328187 -0.0090635354384925003 0.49988324121124678 -0.50252320574823695 0.0064245080839440173 -0.47222031273356013 0.1056335750853568 -0.12745905652316775
-0.011692404853573347 -0.0027107746623081749 -0.49285933792547287 -0.002293442989886027 0.0016004861136544007 -0.50234183587709968 0.50470694798022131 0.011885700188396509 0.47053481662897551 -0.10969867405064304 0.12760597526448683
0.024819733257785095 0.0022639523814077106 -0.50130246334910444 -1.1915173913413395e-05 0.00075884624858125593 -0.5005237671672027 0.49580977451366431 -0.0054807853390276386 -0.48658347077667624 0.056623182471242414 -0.10827302422315202
-0.0204485649555603 -0.04285986309051986 -0.5073526630586036 -0.005326169315399162 0.026168052687346312 -0.48556320441807516 -0.51173782384867295 -2.8348821484310487e-07 0.46880058034109384 -0.083660750935175568 0.12330732880104932
-0.0043234428573562444 -0.0094207851148607 -0.49260145398147015 -0.0195840943095087 -0.0010130936986392485 -0.48688236333870355 -0.51217745441424489 -4.571227283983597e-07 -0.46698225948759581 0.10468530458615802 -0.16864215624532053
-0.25619105932555736 0.2560289853320164 0.053990067083156915 0.45822364547370031 0.25602985622075164 -0.25619017117308701 0.25622720064638804 0.25599283734120182 0.51222523803780984 0.25611262872900575 -0.25611264688821117
0.0082572884787815454 0.0011059998554833136 0.0013955832471799258 0.50579576910086987 0.48760148018333072 -0.00024726243132632691 -0.0053885547484113679 0.49721043316157726 -0.48518580985734061 0.11487423454629644 -0.10244711038458683
-0.0025764109101068231 -0.021377634156191452 -0.0032053727217830285 0.49471277189271917 0.49527566361316466 0.0053551466979964071 -0.014709188159988895 -0.5031308744772478 0.48012680944259506 -0.10260114059152729 0.12269031318018175
-5.2971611360937012e-05 -0.017444317640868179 -0.010581823252861522 0.47278077430827775 0.48451216333324537 0.017287541775351561 -3.1796673143622269e-06 -0.51220957079522533 -0.51220329155672739 0.090277101516472807 -0.090279291947636342
0.01411256024558772 0.015639187278326552 -0.00030053535478316064 0.50955879052465536 -0.50193300622167514 0.0046986506414772554 0.0014101241412775389 0.506327724475791 0.45246949454507535 -0.11386310773450135 0.11783028587676113
0.019724576621549333 -0.026159772478959634 0.010403114805660481 0.47286739089645902 -0.51221253732135497 -5.4930495753202178e-07 -0.0073101272799618883 0.4800275918506654 -0.51220851655320454 0.10003805717677496 -0.10004011999416526
0.026685639041127029 -0.020030826472599843 0.0079521728387296677 0.48095758348695511 -0.51220303443758042 1.0792723216367413e-05 -0.00010740115362494524 -0.51209344706171556 0.46318051550304795 -0.1051366274121756 0.13161173756903655
0.0048858312953208114 -0.0076039379436127355 -0.0018431593248169778 0.48301315764895969 -0.50160929772539087 -0.00014344802846658991 -0.0099853489398475954 -0.5111935238389308 -0.47371919226049769 0.11922932389635309 -0.12229988609584869
0.0097359459770296527 0.001719748088959172 0.0073638139207337482 -0.505567879747301 0.50138229457077843 0.010064762590558945 0.0077520862708764567 0.50052525890549449 0.4651794155831146 -0.090449493538904011 0.13268388399531936
0.0026724831015742159 0.0018474497428440568 0.01012022403513169 -0.51219866533418534 0.49416591057539 0.0077963112078941908 -0.0081811994740498706 0.49389981566780206 -0.46575932016703503 0.098876255364294202 -0.15022185352596254
-0.0028471345629537785 0.0068091372052217465 0.0038502192670673923 -0.51219878545980946 0.49263890831818891 -0.011047054904041781 0.003109797614382015 -0.49169332177356778 0.47389873561673745 -0.092329878911116811 0.14103604635904687
0.0029173562835399496 0.012616735960971785 -1.3357936774386223e-07 -0.51220756590467065 0.50220722569574827 0.0099963247425278977 0.0047131579129052062 -0.49331999497226037 -0.46584203436925192 0.090883237835404251 -0.12848461847610232
-0.015012413778778011 0.00544247128463227 0.0081183667653588754 -0.50460409726638966 -0.49240348066897077 -0.0015628107663964699 0.0058980301129706487 0.50506962916007869 0.46839956852865217 -0.094456733086871233 0.13834676232963414
-0.0017856290097602618 -0.0027946776930323474 0.016237384375104847 -0.51178954788898712 -0.49410789096036167 0.0021694356947671595 0.0014703904450259178 0.49490480796600467 -0.46542283969865861 0.10289569938437797 -0.14666498322520558
-0.0013994160690976535 -0.0085472758463264829 0.0083996410757142329 -0.51221088417503302 -0.49486400020909049 -0.0077442988790210427 -0.0014664422002994076 -0.49109083889330069 0.46847392636137136 -0.098831861330990492 0.14878229065447118
0.006297638550864678 0.0041133120511005136 -0.0073614126368695991 -0.51219763899671589 -0.50063007462565123 0.0042037923075854394 0.0025605334878864255 -0.49219687428136955 -0.46914486206245282 0.089294906538074315 -0.12868513440194981
0.50147350506162969 5.3006919439160407e-05 0.51220182282536664 -0.0037128962369984042 0.01668409842946041 0.49181277069064133 -0.0070717540660541088 0.0019735057296594708 0.092612158830918251 0.48476247824095908 -0.019393059286524739
0.50173560481452018 -2.8780323257712524e-06 0.50075572062844231 -0.021916147326765452 0.00016432831139723055 0.50156959887455232 -0.0057593638681909696 -0.0031725475187134723 -0.10423093383320228 -0.48397310457510168 0.017759370165176664
0.50679834710970018 -0.0024154817385681781 0.50932136201189038 -0.00034504741124759996 0.0064857500163099692 -0.49570351163580706 -0.0064083674380686134 0.0098949519890056542 0.1033908614650224 0.47604931593351513 -0.022925899563711206
0.50031614714688299 0.0084898718484337689 0.49714342854023558 -0.013853399258833351 -0.011120352781177505 -0.49284316969237207 -0.0017016074264722232 -0.0087218484616142719 -0.11468510199838233 -0.49598659906637793 -0.0039714515854992706
0.50679070785040514 0.0091277866071985628 -0.4895213047781975 -0.012192810726707432 0.0058391581376609413 0.49983441326855277 -0.01447657159789258 0.0026147813397180281 0.10075603150071669 0.49300076026636774 -0.0036901644982251275
0.49962208622055948 -0.0096650879145944186 -0.49597638185969883 -0.019125487782380435 0.0064587424963561124 0.50283423618030387 -0.013533227017465873 0.0048719428860895826 -0.11102524166534074 -0.48837324701317925 0.00031656747906967539
0.51220800580368631 -4.2487021873075264e-06 -0.4976068486046572 -0.01459378839222778 -0.0044817796311932947 -0.50202191505863292 -0.039448554098254984 0.001450397113719388 0.10117290842372839 0.47524098271760873 -0.011093856918090393
0.50709116508989271 -0.00079461480167288673 -0.49533203723587649 -0.01258898495422362 -0.00057022297376986726 -0.48430814506715369 -0.0092867600381933077 -0.0025048536551961196 -0.089076997150579443 -0.50460168702554342 0.011866444868377159
-0.49000811084675044 0.0015886588748063484 0.506876298402683 0.00031571932717178153 0.0081886712077020446 0.50521475511037117 -0.0052653029253520497 0.0082831077777237149 0.10129695717241667 0.48670339401256835 -0.020475405339129903
-0.49824384447837405 -0.0028106789932971711 0.50550939471786205 -0.0054254806906515558 0.012195483133412103 0.48886110178556003 0.011357434390866323 0.0047681754120873334 -0.08057021155345101 -0.50033000904465574 0.0082871667846793982
-0.50128501813186443 -0.0041937555877624728 0.49988742960837584 0.0095751785256355994 0.004780961405610391 -0.50605896568382402 -0.0007642750260037621 0.0076899222688541543 0.11107760602837413 0.47953763134063931 0.015613740480561305
-0.50181812596302644 0.014635898407436038 0.48937970879740361 -0.0070610938101772153 -0.0070044920404679903 -0.49681727294780426 0.0045657626405017828 -0.0099037762305665428 -0.13318256170562254 -0.49348159515556217 0.012842290466780039
-0.48588919256371882 0.025626510261299099 -0.50716169246724108 -0.0057325330946801679 -3.2640921385501049e-07 0.51152215114038957 0.020089384087653858 -0.043196506337408624 0.11686260134462152 0.47757853639537395 -0.018616434699752105
-0.48694217063174161 -0.00054228245055147086 -0.4922908925370868 -0.019873428933684566 -5.2785959985212313e-07 0.51216284819499291 0.0039879983761065656 -0.009662791231260336 -0.075183609792840139 -0.50195993640049152 0.010263657635935577
-0.50232311298625998 0.0015221045060733495 -0.49261382893566269 -0.0024640904136704221 0.011384445217426162 -0.50487727039110353 0.011694704287072357 -0.0026145356863234779 0.11064019607595854 0.4874015296939192 0.0043528572281382443
-0.50073880810226834 0.00025692507166633907 -0.50101374811718735 -1.37379661049348e-05 -0.0051385672934629398 -0.49586763239972598 -0.024815035821091173 0.0023077582918007403 -0.14289630325790673 -0.47886492009661125 0.044526547003768485
0.50540473808448605 -0.010470043236468052 0.0044981757910760763 0.50212485030648557 0.0010792660762888157 0.015567658030693723 0.0017977326718059264 0.5006982611498213 0.10694269116847575 0.47949651228774298 0.0027727589359794261
0.51220352709294747 -3.294821242372207e-06 0.0072397842564208793 0.47225904426565324 -0.020523995325143495 0.0081084026273246044 -0.0076808799481151652 0.48618721603756276 -0.16779147830837848 -0.49933782281792899 0.012259707746673638
0.51219416098070503 -5.3890518845466151e-06 0.0033722230553696018 0.47387431926325263 -0.01981565252336992 0.020292236661158033 -1.4367472371084005e-05 -0.51219958408041177 0.1124377982670229 0.48667677609741661 -0.0209644250758837
0.50383614072744098 0.0069190914010286379 0.0031945396886685906 0.4745738706561784 0.014678988925911303 -0.0053037688675641858 0.0014115305007501005 -0.51218407568254587 -0.080849276366186162 -0.50173679511564329 0.0040207131922076122
0.49134742229236095 -0.0076376820281617349 0.0025287138427925503 -0.51220733267788299 -0.0039734772986226401 -0.017801223231425765 -0.0055448971964523891 0.49282582015412035 0.10210928208715592 0.49225700035682785 -0.013140149263398883
0.49838686444195346 -0.0052611788146239551 0.0075135984043069506 -0.51220868395554542 0.0027847107757325877 -0.01071873997889564 0.0021313471210059319 0.49554297349437942 -0.09837989373520005 -0.48348516846793149 0.0064903334190737757
0.49050675079096778 -0.005531953648596666 -0.01614640856031329 -0.51221467580072522 0.0097365720867625734 -0.0039371787947916157 -0.0015935350072766269 -0.49445632743598361 0.097615716880701003 0.49255300121817602 -0.0032796040843412664
0.4973507268481942 -0.0012253923473586786 -0.0038918835939676702 -0.51221182854622938 -0.0059692606412123745 0.010052861721981979 0.0026582452415392353 -0.49181442269839898 -0.099878542647160867 -0.48794291924323946 0.013245693350062954
-0.46662702077907331 -0.018452642882065131 -0.03426990940453585 0.4507984528349393 -0.035849362993831839 0.039386373827331886 -0.018791384920245444 0.46628634891424314 -0.038958921141772983 0.58295841608362564 0.12471648110797795
-0.48748775245810128 -0.0080368163850655962 -0.0010052603879682697 0.50256549857405797 -0.010624219312681014 0.0057501867835839113 -0.013629405828063065 0.48961719086959105 -0.13681767856338564 -0.50094064397129001 -0.0008431774146054064
-0.50216939870456612 -0.0011131739029652994 0.0044742343725107294 0.50879130267089367 -0.01259707006333299 0.002766203019738549 -0.0066751262585671624 -0.501377569482092 0.12277587844447302 0.47116513855647929 0.01658857255366443
-0.48052480607328368 0.0043586785446797826 -0.0037192410615803197 0.47279162382524115 -0.010615601842304187 0.025885396518103426 -7.6998449362885925e-06 -0.51212725426408856 -0.15095920233583934 -0.50958622683406185 0.0026995615589073046
-0.49606788176430577 0.00052266283014427181 0.010710774242368755 -0.50751793541001966 0.012732860360998726 -0.017071551435567902 -0.006043707062041226 0.50011778665254225 0.10411193944541029 0.48451019654657501 -0.0054672701008486773
-0.48788727706086477 0.00020590454036855098 -0.0053036375941863606 -0.48976667436540672 0.00036302036845979862 -0.0031445901211098739 -0.00039946324775774278 0.49072277540121007 -0.097229873518328 -0.52098417466467972 -0.019216085454021075
-0.49681093120367281 0.0060865653436941707 0.0056863794369005219 -0.50870924882034274 0.016827432697790978 -0.0020332433079621047 -0.0009557346076045284 -0.4873761852312376 0.10368982944643222 0.49566303101117859 -0.0082000391363668875
-0.49983582047346281 0.0032647993018786558 0.009079613500714203 -0.51221203871428966 0.011780010713903201 0.0055264858087897065 0.0076212290101694271 -0.49525943258681948 -0.098457862884374858 -0.48211057576613225 0.0087191884369507405
0.50164002624467219 0.005076900974579461 0.012035774873186467 -0.007850208196672875 0.51202771638615197 0.0049996023126696269 0.49209610266565579 -0.00064924897226207939 0.11235803051405654 0.48064986884387984 -0.010955633515013382
0.50059942140883218 -2.0325414233398546e-06 0.022310476188577587 -0.023647632787934934 0.4967117438948484 0.0028414126946765543 0.49316248322545353 -0.0021960025835242097 -0.14915011592221694 -0.48434943783412771 0.03947694199561462
0.49929193292843471 -0.010565376023107618 0.013589384915390954 -0.033831824171645673 0.49680730367948878 -0.012722652030941107 -0.51123250330078052 0.0033428809978005808 0.10347440127893126 0.4789189725596274 -0.0291055095606183
0.49723166132433638 -0.0046070858658944849 0.0033220833718066727 -0.019403774748397475 0.50114738006602955 0.0048683831867751505 -0.49670571402341052 0.0082012034078663004 -0.1039367188792072 -0.49346122627761208 -0.0094265513591618166
0.50463002347029262 5.7172445550635427e-06 0.034645987511032261 -0.035513833819570274 -0.50439312557492511 0.015403252761777755 0.4904886686747203 -0.0064875190830039212 0.11197192943722076 0.48442848346586481 -0.020183821157986413
0.50446618247008779 0.0040918955429163359 0.018140890142037118 -0.029216366498389903 -0.50182942626742266 0.013992856229980886 0.49984787530434055 0.0066120150209581698 -0.1029104076218658 -0.48145996167344685 -4.6847072452766511e-05
0.4914778582161819 -0.0052258627780784241 0.017823650437202111 -0.023923508715458799 -0.49997331493005032 0.0021319998051970526 -0.49661003005641646 -0.0064923580445422962 0.10053855633092218 0.50060829642318372 -0.013190412030662676
0.50177706053061155 -0.00040454576113472434 0.014292066132720794 -0.027782499385329021 -0.50842625295738142 0.01381072958637123 -0.49773678050708159 -0.0044400836453463398 -0.089492494121406682 -0.48239376101453019 0.0090128969488873396
-0.49011823958493544 -0.018971095567857935 0.0053500988449960299 0.022384695057498506 0.49322500064570224 0.022097569976200711 0.48826922469533701 -0.020805385016286256 0.038062737367421634 0.52193878370253943 0.049261963306344025
-0.49755572143792592 0.0045355631026705399 0.0097469872309612175 -0.0041525681022628004 0.49452333421327549 -0.0075753861977368338 0.50868467003845474 -0.013591445256645135 -0.13081800400273891 -0.48127239955843765 -0.0036710935767765777
-0.50975969410088062 -0.003745736844474796 0.0069004807449898316 -0.0080125998463009013 0.50180056182948551 -0.0041938990561240673 -0.49892698821467396 0.0065679373141032229 0.11227273481305959 0.47604710524772459 -0.00072244481471002908
-0.49225261954411098 0.0023799054839610837 0.0041444268097589609 -0.007038907412490027 0.48396429893643816 0.00026925689921446959 -0.50547683329913118 -0.012230292862306145 -0.11008906613107905 -0.50558500962082475 0.0011151080088034147
-0.48948661953177947 -0.010259539881250878 0.011830023403473366 -0.0074618674083454292 -0.49311815220197092 -0.0085442111881897601 0.50446680915657072 -0.010618995222368883 0.11949311421375509 0.49789234626428297 -0.0094089974341630741
-0.48121132425540597 0.0023371346979428258 -0.0052863747024935693 -0.028515909579161839 -0.50948881193017814 -1.1304866486724205e-07 0.49303872192480475 -0.016437441841716215 -0.16141118178606986 -0.48832771833932237 -0.011633828067068147
-0.49584401144031875 -0.0016959067615922049 0.02583777297186382 -0.031488650782211074 -0.49754312635900844 -1.9364231559313466e-06 -0.51108166810782441 -0.015795337243310781 0.10404221311400623 0.48223258996924778 -0.010026709098110865
-0.49225677945448909 0.0046356622987942069 0.0078464366564492422 -0.010359951850747198 -0.50387186429575392 0.0072484131168335103 -0.49913763471020062 -0.013299450627424308 -0.094744956443426911 -0.4952254533320099 -0.0036569459327429276
-0.013923924503709561 0.50283568152787572 0.49962800346759517 0.001966081977440103 0.011390317003612319 -0.014135911225836404 0.48771809775430758 0.00019037114821158656 0.11401702325783135 0.49611681389132206 0.00027809588150784904
0.0060174727753841365 0.4951775499910796 0.5049882444534477 -2.2574839918544691e-06 -0.0032577380547563007 0.018698315193917948 0.51076713447349142 -0.0086051309294173772 -0.12153233703899685 -0.47279611538336108 0.011235101793163808
0.0014726432788931818 0.49816834109370417 0.51220448241070049 -0.012559879878914673 -0.0068469150194566753 0.0080272953601908132 -0.49964434880312691 7.5153444921408001e-07 0.088198305298275007 0.48138408871731031 -0.0070411600110656756
-0.010626258331925671 0.51219132846319948 0.49860253785360636 1.2977828090297608e-05 -0.0040503846199597343 0.0062061617103067656 -0.47723373911232397 -0.0043099729704821465 -0.099627830265345538 -0.50117987662512031 -0.0031814757980041528
-0.0051815483547639554 0.50388031444429138 -0.4887722816244644 -0.010116594648149726 0.016562440750975453 -0.017736689381494964 0.50286252085841121 0.0048296939310557493 0.12496193857617587 0.48780512202876869 0.0049822594174529266
0.015223453129151038 0.48203703435487394 -0.50024538526205298 -0.0067440921988182962 -0.010785451609144368 0.020116583909545616 0.5013197311455142 0.0012601958117758711 -0.09965326831142178 -0.50510389040284642 -0.014588965024301279
-0.0027215352635582058 0.48432847280913044 -0.50217552438388402 -0.015389792309976185 -0.031021919136809507 0.0035380664348434185 -0.506841522716304 2.8786431041786485e-06 0.13184340332914724 0.48750238285552522 -0.0098467174574951022
0.00055667794870867336 0.49703955298680952 -0.48865580855535451 -0.011996171907593046 -0.0098487986325560967 0.0095681301139050358 -0.51218442113413598 0.0099438299784941168 -0.085824928564656178 -0.49399127578654156 -0.0030590242127582746
0.0024147287708401475 -0.49533064707102586 0.51218988448708924 -0.014461384708916884 0.0063489932736664912 0.0052719383561321094 0.49774600846046174 -3.8892800497237898e-06 0.10498274525445062 0.48276487700653387 -0.013842487608886846
0.004248721435188018 -0.49519679621153845 0.49776042755737476 -0.0074907186497400529 -0.0073973595271308789 -0.0033250273414599002 0.49686519982418248 -0.0049816330911757545 -0.12180923558265651 -0.49496560614253127 -0.012102311488071869
-0.0028315484655541639 -0.49183056364064981 0.51220202444968821 -0.0072848777157577824 0.0062308528786255016 -0.004188798117331082 -0.48950101470642876 -0.0018221321115564132 0.083988930670139877 0.49892880007482149 -0.005972819098432453
0.00035103615249880519 -0.49363480952836419 0.51202719116231787 -0.01724258208123499 -0.022308156009061015 0.011532101974021445 -0.49514083455318314 1.0756316064134158e-06 -0.094389942261403667 -0.48899180483810661 0.0061534402191673731
1.4062552062394591e-06 -0.51219887525712804 -0.50100651559455844 -0.011211933442144779 0.012060505824503987 0.037638026528470363 0.49170639729491372 0.008665095185507286 0.099841510473209882 0.4821995354198878 -0.024940229227047871
6.4767730069121936e-06 -0.50471234165700141 -0.48872631254240362 0.0014889765196043243 -0.014335728451501809 -0.0010230525667769802 0.50890092708175361 -0.010762002955395063 -0.080678341307451121 -0.48955791555873956 -0.030517946087134304
-0.0063258988243627646 -0.49986491496875518 -0.47499069190194254 -0.017708715693975249 0.0097582818086268865 -0.0044138955168390613 -0.49300677998580439 0.0022404030484061998 0.080381384028754735 0.52388837755981965 0.0083476755092562246
-0.012418309069333357 -0.50095608521190027 -0.5013676305418141 -0.0096517317899520363 -0.012475290749554059 0.023236060567083956 -0.50450384398018089 -0.0032973894985194726 -0.11286928249662444 -0.47863464019765889 0.019104630869923325
0.01838178208196654 0.46570507683475654 -0.017035984101675419 0.45235357871538462 0.46412608917383502 0.019959220967880956 -0.040927093179354605 -0.03847182868320307 -0.038746869678738104 0.58467849407829098 0.1247001985064676
-0.00016874082571879674 0.48733170739266474 0.00081181071728779876 0.50596308446959026 0.49748492830506325 0.0053213040959855691 -0.0082434143468139605 0.00099265300926846514 -0.13826427394156829 -0.48952021975527299 -0.013149608654102118
0.0058400880273883349 0.49557878321439858 -0.0032365689701489052 0.49453596205027056 -0.50313515280878751 0.01493234800084575 0.0032540562582792126 -0.021712257079492748 0.11959342017745811 0.49156098634551237 -0.0025519433398924251
0.017383583075669395 0.48444318863004532 -0.010704215855982852 0.47277996441085013 -0.51220931426348149 3.7739102251498432e-06 0.0004025590423854197 -0.017644956948863023 -0.16567456568484989 -0.5011353677689897 0.011069160227723564
0.010090058404181316 0.50148262460360926 0.0072546494852918642 -0.50554969397680627 0.50038458190493662 -0.0076250544125782641 -0.0099439269439313936 0.0014970965824057717 0.10645492144510579 0.48029662098181214 -0.014790410820285711
0.0080543075339536748 0.49401657974873836 0.0099491646652869123 -0.51219564247484684 0.49403243939566094 0.0082222914770907086 -0.0026165211972006279 0.00153057461152799 -0.090682900938714783 -0.49085797704551026 0.011384057699218101
-0.011126121995773831 0.492665285868509 0.0035717915235736445 -0.51219414182346468 -0.49164760716924355 -0.002890327600435508 0.0027818400980944864 0.0068728368217329519 0.1031861440220686 0.49203500337101314 -0.016583301445303154
0.009974579149984425 0.50222727112486865 -1.5394671435182415e-07 -0.51220764513866834 -0.49319329610336599 -0.0046467439188420077 -0.002875489798609486 0.012636861179261674 -0.11007012244316181 -0.4791361793411435 0.013982693232991813
0.0048234197646946659 -0.50192225765304876 -0.00026280751473201997 0.50954639975033145 0.50641298691498327 -0.0014396297960345323 -0.013973477438907343 0.015545562116118265 0.1089298426802833 0.46848402241327652 0.013307179329400353
-8.0855981117152193e-07 -0.51221236351204313 0.010097768585481427 0.47280043542868372 0.48008260070509556 0.0073818389173715086 -0.019860321281972907 -0.026226847731526875 -0.15604770203008989 -0.50794798164445731 0.0042621213401747805
8.7125849960836966e-06 -0.51220230657633403 0.0083965126315268292 0.48146973671214321 -0.51208124505364427 0.00012190431595561588 -0.026885541679504011 -0.02000647898941833 0.10434937251331121 0.48117153707498633 0.00020170178090075713
-0.00011857942996984351 -0.50142111834660719 -0.0018270385716448775 0.4827920060239001 -0.51145250605535786 0.009907099248476544 -0.0052792949153569746 -0.0068863603062692428 -0.11580961267460985 -0.4900192421070258 -0.014055438895653416
-0.0015242818894074417 -0.49266630206500456 0.0082825231971195967 -0.5048063005940443 0.50504384619960574 -0.0057811753229369284 0.015149201379279258 0.0053502017540694342 0.10193744972937058 0.48629270183342321 -0.012121180517456098
0.0025569352501153986 -0.49382427465211476 0.016126063485380059 -0.51187244165838031 0.49501845362631497 -0.0013815153693160611 0.0016441796110741949 -0.0029748328936844361 -0.092764936204557197 -0.49005637343533848 0.006347274006935506
-0.0078035707143715629 -0.49482714503478431 0.0089342392849408696 -0.5122109740950308 -0.49114502458917819 0.0012428863709949571 0.0012693860209082011 -0.0084074225093616253 0.092500738444595873 0.49262412642646602 -0.010635112423399132
0.0040021942959889692 -0.50048413339843567 -0.0077167571552724922 -0.51218917417462617 -0.49227326950361439 -0.0027214919039814881 -0.0063653931420986449 0.0041663917654008167 -0.11180812294327787 -0.48162279085763238 0.015572145285836366
0.0074131403511402657 0.51144037487035232 0.0026295513406042947 -0.007456505601121456 -0.0010279479561977559 0.49895613406821826 -0.0046513985258519004 0.48458963966023944 0.11250463177863816 0.49177438890030772 0.0022130885811279255
0.020824773850896705 0.49086002473313001 0.0020673866093417568 -0.035382381729986583 4.9060968833208266e-07 0.51215658003918141 0.004194398471814657 0.50095551232605751 -0.1017206176949576 -0.48255373746879815 0.029715374696400038
0.0060661267720810638 0.49513172775658965 0.03817567871862719 -0.032770143018708335 -0.016272196149636441 0.50217415949564648 7.8230606567903335e-06 -0.50597787153380747 0.10826007786225596 0.48143447182673249 -0.01788398887453924
0.011486305390118912 0.50082429873615253 0.0027110837833225453 -0.025697028894213159 -0.0014214329758108265 0.51066036232249656 0.011378572480383617 -0.48888385491063485 -0.10403008276398625 -0.48738314632726715 0.009893848992454839
0.021526954920017351 0.48793622203264753 0.001042110614556649 0.018644774512403761 -0.02392891225828897 -0.48553092576234425 -0.026619936398176575 0.48833075404468251 0.042196175249213416 0.53134683349022582 0.038829448750659426
0.0121952826961996 0.49437360194828001 -0.000847733956938578 -0.010820676298739111 0.00024388571376287601 -0.50286551793641165 -0.010882870579457566 0.49545827755352362 -0.1308182258421402 -0.48943974272525187 -0.013871223403971443
0.00045691721692202336 0.49334680512678702 0.009213126040218185 -0.0079729483567416281 -0.00052440691053545611 -0.50921537304648101 -0.00041773068473995641 -0.50276737215565892 0.11646286029282515 0.48043338229005561 0.0021593290535756615
0.0026152015414491014 0.50021532362016974 -0.034252244881591828 -0.025510726131735658 0.0029863732026840311 -0.47427721595251049 9.5804873276871643e-07 -0.50284721775982677 -0.1819732360835401 -0.4868199069007646 0.0065403744080916679
0.016124037458449827 -0.5093934534486757 0.027939502143497601 -0.032429522947519981 4.6430943523402594e-06 0.49890574076839972 -0.0022602875585950302 0.49663592447283644 0.10272433553518429 0.48168295670779138 -0.017204266827580927
0.011848187242689786 -0.50864359468358467 0.0044572758901054747 -0.022781062441860268 0.004173196486812164 0.49413768538125041 -0.0077059293567514342 0.49619675890328557 -0.1057480486803493 -0.48882935825831936 -0.0023677121672849972
-0.0097243787247585818 -0.49748884407085903 0.013104896936005826 -0.022298810173454801 0.012572402548702484 0.49790734774167145 -0.0049896780759246624 -0.49317500544704623 0.099752224382168325 0.5002889735460947 -0.013618839070178378
0.0053040882187454829 -0.49558118819293207 0.011474973504370649 -0.025930847799793141 -0.011324804138970551 0.51220190919077235 -2.5366928207718287e-06 -0.50088738241157005 -0.094686555022326743 -0.48080570237462306 0.007757879990655513
-0.0039733616054392525 -0.49748053275053766 0.0047723797289135296 -0.013348948959829654 7.312915211086029e-06 -0.50868201375417321 -0.0094969796089401197 0.50616777016471082 0.1062072299387819 0.47527161004809992 -0.0089379824633153814
0.0089609053073185074 -0.49295281428110305 -0.0029228568949098512 0.0021253182956629786 -0.0087735967975619937 -0.49454338593084279 0.01774289363046409 0.49797632315754886 -0.12785421299082739 -0.49576467423678677 -0.042772511370202777
-0.0078730232770228923 -0.50434072258161444 0.023353556485935265 -0.038267477782687499 0.0068783972996819065 -0.50531382098343403 -0.0087217313254468569 -0.50349590584179404 0.11161286111214748 0.47123599262940491 -0.0086200496420778348
-0.010629276449934603 -0.48158834342921247 0.0061450544523263886 -0.012604487466925673 -0.0078173711566755944 -0.50226207255013355 -0.0021102241662869941 -0.51219736457828546 -0.089720608815894332 -0.49498945763990471 -0.0044504151109767852
-0.0068266347983617845 0.010050193063205726 0.49410409377214998 0.010286753050947145 0.50476097277645504 -0.0054447490053968553 0.00035734915900619766 0.5038743305933715 0.11001136967033347 0.48450650194631723 0.0074774568998735138
0.0055243355621416119 0.0041830783183384431 0.50838907101621333 -0.012827096569625865 0.48888153249539096 -0.014286884563874551 -0.0025374613898716527 0.49287382340412733 -0.13033702359383093 -0.49202091210161908 -0.010741116317441632
-0.009776542049399933 -0.0010906593729021784 0.50536535176743069 -0.0047165870354729618 0.50017081712010569 -0.0099304540366642879 -0.0067047687611615928 -0.50756149134225026 0.1162090981084011 0.47227670559319662 0.0019803950609191597
-0.00052176306265470029 -0.00081257330631378556 0.51022617569117434 -0.014301898606146756 0.48803844579384903 -0.0080574675321586162 0.0011026269754636554 -0.49873196847858836 -0.10748279311515234 -0.49076201940549452 0.0090897080410279347
-0.0079744051440650658 -0.0061114547704721155 0.5041864214840025 -0.010293665442680497 -0.50126012126158703 0.0060472499301999477 -0.0019205286874222033 0.49217121745411169 0.095549078718609126 0.49280607485156069 -0.0081990153017766423
-0.0060402535317798569 0.011098743107581511 0.51218305986483526 0.0042396122905644538 -0.49803837354670988 -0.006682508870553442 0.011388323343011901 0.48683134396410394 -0.10365559012461179 -0.49145095688348139 0.0010094076159443595
-0.0055269083060124867 -0.0054710757682860647 0.51220210760110152 -0.00069738760315767934 -0.49247301047759501 -0.019031258266052186 0.00077791934042378168 -0.50052481518995395 0.10710727571959103 0.48232411792375485 0.0078715545823052208
0.0062348884186398104 0.0039483866543567007 0.49712360442120274 -0.022678103367065897 -0.49940341071686939 0.0036010635281391004 2.5559237792711593e-06 -0.50459466685569743 -0.10506160540905751 -0.48673400168783093 0.017858345782298741
0.005095727889190149 0.0068549076161351441 -0.49620620255832948 0.0034762165546778105 0.50753008082569129 -0.015192267327042789 0.0023715149536915631 0.49415649620166779 0.11964250923290082 0.4870251309110582 0.013141588736866182
-0.0052317914986119603 -0.024609853525350511 -0.49884029076181696 -0.001446658676320137 0.50024890755815954 1.3522117895768543e-06 0.026161050573400818 0.47402634243939201 -0.18333146128093381 -0.49111606699016047 0.0091375926095065389
-0.0093457275816372417 -0.03251646024451247 -0.4971887218918134 -0.015007642789597601 0.50531333263432887 -0.0068753733719754536 5.824103960612962e-06 -0.51220549456812803 0.10450098424796794 0.4719830629813917 -0.0013082904167675813
0.00084249454597509581 -0.024931001847340581 -0.49345381770432689 -0.022236794047098139 0.49193322367913095 0.014583712519225972 4.3146545850307523e-07 -0.50870482308794285 -0.078524396603066676 -0.49811328312470332 0.010587170675223577
0.03958787803705973 0.0078554094344551826 -0.50436893197661747 -0.0076729217955964343 -0.51219938846862711 0.00017589602350614526 0.019788224804220721 0.48952690707294644 0.1154982380549746 0.47714137762596887 -0.02332489807179438
0.014283130922296359 -0.0052246082176867423 -0.4981440206187564 -0.011326757446502165 -0.49963541812087092 0.0049792376721855876 -0.0096867488906093677 0.48749701276344892 -0.098967590287353288 -0.50160627326044938 -0.051787867498718165
-0.008791499346087292 -0.011973198497588433 -0.48405991051108077 -0.012798595910062197 -0.49675420973166085 -0.020998103309546677 1.9231332007460436e-08 -0.50663399078100235 0.12762071822632901 0.49496950662687256 -0.011662974803039813
0.0096507425048477351 -0.015301277470621932 -0.50508451323049974 -0.018052342321943096 -0.49779131503134871 0.0034753767025895474 1.6737094465804e-06 -0.501259896187501 -0.087215259247304305 -0.48719965384910574 0.014025771260071231
0.016480967262725136 -0.0069761426639562089 -0.003500136348032134 0.50266089519224488 -0.0065347849779216058 0.50894917047810062 0.48679581684561291 -0.0094258966906622145 0.1076143807537092 0.48893276015464077 0.015244978595875151
0.013972468678737183 -0.014768822637247103 0.0015420984710385213 0.4727001823771822 -3.0104919022744703e-06 0.51221036627682848 0.48366971757403354 0.005478554043006542 -0.16267903778935128 -0.50325779380147206 0.0089479365648131234
0.020616688222819816 -0.02712799334339203 0.0082981415297783741 0.47979427899802246 -5.0296839785038868e-06 0.51220370175380148 -0.51220531190220664 -1.0312387243903868e-05 0.090812833158951417 0.48461655947171961 -0.027577539565092193
0.0067481887331468449 -0.00072124393794951005 0.0084662494436686629 0.47609024077025847 -0.0085816300812880057 0.50105379074642831 -0.51147124073286498 0.002879667672486084 -0.11531343519656342 -0.4971712903615409 -0.0020490349311731953
0.040603647989726217 -0.03958420338803656 -0.017214473285517187 0.44804232333635763 -0.016589611231880207 -0.46268836641531458 0.46413248496051135 -0.015147411878058429 -0.042024627884262852 0.59117468616878721 0.12036796420238795
-0.0032390974042990281 -0.011074565307505398 0.011235119866795417 0.51208096813919568 -0.0044618744338057971 -0.48721667265610047 0.48541438041564261 -0.014249311784001054 -0.12631714324216869 -0.49831823511937956 0.0025444517950640702
-0.013494885191323228 -0.012154366026060428 0.00244688216322225 0.50575321227039916 0.0038444859090436862 -0.50402828157365864 -0.50858470209166773 -0.0067942143813478012 0.10328708505802919 0.46949987276354993 0.0039571192205025245
0.021372320847040164 -0.022055655893905884 0.00040678985039568335 0.47150582821476927 -0.018930936273708902 -0.4850430738773322 -0.51221260961815895 1.02445730741891e-06 -0.16556698888090787 -0.50121721166452216 0.010991725656579293
-0.0019540566943726141 0.0021086358961306495 0.0084422263537207946 -0.49968895026080268 0.014203064288438722 0.49811390823295104 0.50065245476347231 0.0053581866739101551 0.10258651615874635 0.49061478462564867 0.0019425993597813811
-0.0074518734790963263 -0.0029876648463096796 0.006046614363518896 -0.51220697282622329 0.011909468174450566 0.49422714442425858 0.50613099555444274 2.7764100431196154e-06 -0.11000106467877552 -0.47352814705766044 0.025356817829383978
0.0012009008639588712 0.0035600736215385029 0.0031559846182447728 -0.51220867958163074 0.0053505786402772192 0.4929793454258517 -0.49117901876731923 0.0046024797095896835 0.098987010265739653 0.49337737057956454 -0.0079535544827768982
-0.0019003274974266793 -0.0043588635534332872 0.0036732076330117684 -0.5111683739600229 -0.0015617422214482702 0.49428485872117045 -0.4975215670051033 -0.00041037107825591128 -0.10037972075001252 -0.48599555329936889 0.023562369758930619
-7.8517131553855233e-05 -0.0024645520195848516 0.0097220898702453963 -0.50912345522186209 -0.0032752287671341533 -0.50225832042670127 0.49495713082195131 -0.0058227924344269894 0.10408687877253101 0.48185616474350301 -0.019561504835368192
0.0020686001487638323 0.0067613380766846686 0.012258941040553471 -0.50922526025950576 0.0053746002688119391 -0.49261918909699121 0.4949703552110713 -0.0079506094547959413 -0.10867130636696308 -0.49071839251848026 -0.010674632195678739
-0.0059367545387086825 0.012854561193508503 0.0065705512091394965 -0.50952775552451346 4.0658087721404043e-06 -0.50830227162883113 -0.49502593139273515 -0.0043236700180374751 0.11122714544558154 0.47361207487853801 -0.004167471784213366
0.0016948291740248244 0.0022867967271666908 -0.0087217152504189543 -0.51219819905993069 0.0024712349479692557 -0.49344178007250389 -0.49229467485878142 -0.011177030385313168 -0.090835106429940082 -0.49330113856636632 -0.0013908920896802512
0.48882605775249593 0.011477873464253666 0.5050733096898935 -0.0051398979788145798 0.0049628998600583724 -0.010528505240334213 0.49839610930114636 -0.0028383590903774086 -0.12013782174519751 0.060596548187462178 0.48902415201928162
0.50421312555163567 0.0072919025161033097 0.50715231314569698 -0.00044850688606118026 0.0077230307899100806 0.0051011317170927906 0.49034285237296588 0.002173481149376052 0.1388612060393406 -0.044755146318042401 -0.47613057136052395
0.50180086590522155 1.0445855166775078e-05 0.50076207034975084 -0.021830118781545844 -0.0027447860608960516 0.0059436669694573853 -0.50181470877840928 -2.6679846545285911e-06 -0.13838736465150536 0.040337186156368603 0.47362186543425649
0.4916133077473327 0.016878412541713381 0.51220194974991962 -0.0037181481323944028 0.001759004244857521 0.0066764002812121212 -0.50125124887370576 0.00044049507498849242 0.13357672051577263 -0.05178697974510546 -0.47311891147761842
0.51218657613572161 -5.6768915465753857e-07 -0.49231056132717599 -0.019870473535843054 -0.0097858931404668295 -0.0041682937704175154 0.48710624570977384 -0.0011066550411478436 -0.11968418121582547 0.066460626770312767 0.48864323478060939
0.51151720159020031 -2.0437727612226915e-07 -0.50735438715952474 -0.0055446522033810409 -0.043165431995672632 -0.020418152376502591 0.48579855961337787 0.025712600850403659 0.14417606787320922 -0.028335474500884372 -0.46944623083573356
0.5033964214621155 0.0055919225935574654 -0.49549760059875775 -0.019909614328386886 0.0049513461117259398 0.013456676406499838 -0.49944240581644428 -0.0095430300607475278 -0.12752369618552475 0.027056664487501391 0.48364529152915325
0.5001729601724656 0.0053161521403664513 -0.4893460825953293 -0.01203182797125691 0.0026044572367320204 0.014256426809851059 -0.50710125658479999 0.0084505249626724462 0.12538993974685914 -0.03915868737230447 -0.48528881144289288
-0.4968289575417596 -0.0083731664018344958 0.4894987338246865 -0.0074291084758390698 -0.0097387184322450526 -0.0035503608620811753 0.50120780971816281 0.014340931286564202 -0.14938653193301346 0.015561653570619586 0.48922979820043233
-0.50596601660830387 0.0045518956861413428 0.49968534408321102 0.0092062784306451914 0.0075081391831789456 0.00075255865971074411 0.50152341478593521 -0.0041014739369244569 0.11241601691356136 -0.017630304021972097 -0.47922832448107711
-0.49317206357878524 -0.011145799567541219 0.49755783981103602 -0.013370112407930609 -0.0077275591224200569 0.0017352809930757018 -0.50013647679065398 0.0085785343793746693 -0.12577072444156159 0.024197180837682544 0.49217672767857407
-0.49587164769301989 0.0061494778421874443 0.50934123643409746 -0.00044403443677846664 0.010582026040926016 0.006336798629786311 -0.5065509346881335 -0.0029399766137874366 0.14133492522571833 -0.041217718735158039 -0.46499001282121638
-0.49587964616063213 -0.0050155763953882446 -0.50090739271556584 -1.1778343261912936e-05 0.0020877747033007247 0.025195476778209817 0.50073286900170078 0.00015581047150930292 -0.17966562854671073 0.018077082349330968 0.46817826101280402
-0.50466638753319482 0.011351414161371332 -0.49273183254999231 -0.0025680013981335577 -0.0030091874729446431 -0.011787555072130819 0.50235581929101347 0.001768426014338847 0.12303964614568189 -0.025591075742674572 -0.48382390742936293
-0.48373871211973357 -0.0013564110615962887 -0.49565338547206922 -0.012710926413558327 -0.003014346170443953 0.0099900621513068031 -0.50766958661194728 -0.00066534533820371364 -0.12875117990653226 0.05502552900989012 0.49266495482795397
-0.50213842503403072 -0.0050171158863764253 -0.49762067466932686 -0.014579181226478164 0.0012750588125609208 0.039509927555994605 -0.51220777900725301 -3.5119120806344281e-06 0.12935141416066429 -0.037351065083360301 -0.4668474941802499
0.50101349353774982 -0.0090786549994709021 0.0081968413184770467 0.47614042643898535 0.0028007949885524297 0.51137837158783472 -0.0067945676682663707 -0.00085198013661053084 -0.12898280462052417 0.024577060940595249 0.49327780429165996
0.51220336652152831 -5.085278571534807e-06 0.00837688297096114 0.47989686576772378 -1.0538236323628186e-05 0.51220528609509119 -0.02087843677397707 -0.027227581431116497 0.13982491280335668 -0.056501155189072012 -0.47010812059617879
0.51221052308427362 -3.1011419682861748e-06 0.0016560755521285895 0.47266092206434096 0.0054654971988649832 -0.48359651590324787 -0.013927731253377085 -0.014903129839314549 -0.16239800641589477 -0.0087526735364933609 0.5034560771179668
0.50911055711094821 -0.0066117305544781358 -0.0032787085945596372 0.50240600913348166 -0.0093688450534656006 -0.48699258287206421 -0.016581751207989773 -0.0072255880026625471 0.11230534945832794 -0.023115788429250467 -0.48745936435457266
0.49460595232971244 -0.0017663991681148767 0.0033092833238533674 -0.51088546065171048 -7.5886549300967503e-06 0.4972885768924652 0.0013676740048917766 -0.0042369488258952731 -0.14169383762341259 0.04709268194773001 0.47406361508370509
0.4929502660134627 0.0054340623455327924 0.0031750344749050096 -0.51220838980469829 0.0046065497869640093 0.49086462891862681 -0.0015113841444893861 0.0035757628248465601 0.12857235709239473 -0.042646821598957954 -0.48504537291523825
0.49428394474764192 0.012135853119917845 0.0057611357052026685 -0.51220686178397123 8.3876488254673611e-05 -0.50634016162813877 0.0073615735864046867 -0.0031052032450960896 -0.14565538059169289 0.036667365642954551 0.46275571971216378
0.49789670567897354 0.014535386128656754 0.0085257265166457097 -0.49970701098099896 0.0051657534284516426 -0.50058119018735936 0.0018820073524759755 0.0022013598543733429 0.12175663298859991 -0.034683739645896869 -0.48524588385746309
-0.48498316312478068 -0.018637371762209365 0.0001977588954401676 0.47151990661072707 1.2663667684000587e-06 0.5122124977666096 -0.021329396421415573 -0.021872709902989687 -0.1653850345715496 -0.010863409204447425 0.5013458822416107
-0.50386074907014522 0.0042747072406292665 0.001756391215946253 0.50611032283476587 -0.006895545651091268 0.50805832355601621 0.01387106045037652 -0.012484461620783859 0.11735801699214372 -0.028055205322259406 -0.46569974570758321
-0.48726088495489495 -0.004193922647662658 0.011599170807355933 0.51212378792320457 -0.014117479743504496 -0.48557318880547046 0.0031958328515210763 -0.011278193306970453 -0.13803883473450532 0.017888173743578581 0.49463237208852634
-0.4627377068421345 -0.016385054171596181 -0.017240850681133197 0.44811813061701383 -0.014998144642650193 -0.46412616808980794 -0.040662385257510071 -0.039449933222674656 -0.037338627286958914 -0.12874465018546502 -0.5896449013200864
-0.49340104164145454 0.0027191937199016053 -0.0086319281387867864 -0.51219773526997214 -0.011332857842716405 0.49222637680656095 -0.0018104590523063246 0.0021482794332595505 -0.11632569739871537 0.045282837578060724 0.48592350435190929
-0.50825384952651698 7.6664184330875386e-06 0.0061444864309857464 -0.51000010591350486 -0.0040854075545167885 0.4949814639596769 0.0059876311670965772 0.012495843032352511 0.12815625800034147 -0.025672714287165475 -0.46823253718132551
-0.49249621611879546 0.0053683938308695346 0.012410336953717903 -0.50906506695974763 -0.007883497743819242 -0.49504454952516463 -0.002159277836824756 0.0069407416316602478 -0.11703925428359273 0.025607721899421568 0.48844586619578106
-0.50246943867135907 -0.0020470621535653329 0.010842461624567505 -0.50902415157747083 -0.005960103380702202 -0.49522888660692449 0.00012850999601743117 -0.0024147051761136112 0.13881981836362822 -0.040678407646026128 -0.47125198331392493
0.5121141869371264 4.5361183988899072e-07 0.0023242954871672489 -0.035167161715629475 0.50119474943697218 -0.0048423959088646305 -0.020441367677686884 0.49084981506314029 -0.14667093220729172 0.047928485619018586 0.46916565274453542
0.49887455149979676 -0.00098313773053117898 0.0022508749847726509 -0.0074521601359984514 0.48441710108696467 0.0047783236202605384 -0.0072340532285721255 0.51147389873436644 0.12696162701572999 -0.025870569932973299 -0.48778420663166872
0.49415109328629203 0.0040840386377696417 0.0044764687032311469 -0.022704046643035464 0.49621074519055258 0.0076932708946861423 -0.011542670823780897 -0.50894562738264681 -0.12236186771070499 0.031132033898516449 0.48360903628938995
0.49883339968557888 4.3591880383785286e-06 0.028241517529061809 -0.032467643409097482 0.49682550232808703 0.0019979608752731946 -0.016315784827277476 -0.50927425642715818 0.13624385759686466 -0.040932392434441425 -0.47181523287170224
0.51117348706392951 -0.0013359696183771414 0.0029229553167062798 -0.025359494816431814 -0.48847251513961876 -0.011544424467455027 -0.011220421726499659 0.50065859823631231 -0.13187769607005792 0.038281022530553301 0.47923633900346341
0.50175108164986348 -0.01661654939533758 0.037813405075451244 -0.032796147776358031 -0.50605679997199515 -7.6162726067988903e-06 -0.0059942447772132436 0.49542231404288312 0.13978534369170909 -0.036623990034843901 -0.47223972450650115
0.51220393248716012 -0.011096815401653552 0.012202231424565882 -0.026054541566028371 -0.5011125215918707 2.7282355878546419e-06 -0.0056899410757104418 -0.4954215045199073 -0.12357805035540154 0.043199869379641438 0.47219688004771471
0.49783736296940728 0.01321635506285437 0.012989937491678908 -0.02212802455578048 -0.49271676643758933 0.0049294795752719885 0.010034878249542896 -0.49799469195296714 0.13379542705744291 -0.046470800357362389 -0.49027606994834255
-0.50266654539084898 0.0001337898595713382 -0.0005611356971935886 -0.010812111116624168 0.49540218348979048 0.011374533229848926 -0.012137573270603155 0.49436709816101509 -0.12504955407404386 0.0043104493909133981 0.49137998212714634
-0.48574432378807758 -0.02338710826538281 0.00082322758324710876 0.018607941587525181 0.4883195253477462 0.026958824556999859 -0.021311534667188579 0.48782326590037567 0.065541833178319325 -0.078992655697869937 -0.52441828058275053
-0.49417228632687549 -0.0086466025528576275 -0.0025494104985299354 0.0024720731721973462 0.49799865958171485 -0.017637263064835814 -0.008701287684646241 -0.49323284378497956 -0.10004031914042703 -0.004744500378442173 0.50399177842932252
-0.50901522741291461 2.0980538920574073e-05 0.0048850331297085117 -0.01311714106062193 0.50622526450324024 0.009088791133799113 0.0033437890464081102 -0.49748618185084176 0.13128442888971675 -0.032283303483470416 -0.46752481787306577
-0.47419760248721238 0.0029729519592412434 -0.034153208186545055 -0.025411040375696445 -0.50269672000717436 -8.2871238609635724e-07 -0.0022823272397409057 0.50039896101578329 -0.16772799893096277 -0.030678946591335438 0.49105339002018594
-0.50918943014110896 -0.00084113241305316022 0.0093992528544408083 -0.0081958478331976784 -0.50268886027800097 0.00020453625272363622 -0.00044372669071021605 0.49308334022913136 0.12645508462072719 -0.019654484472549458 -0.47787571844468674
-0.501908870829608 -0.0084325761960367743 0.0064862969943000224 -0.012474471503209461 -0.51219747772498692 0.001815630831594137 0.0094634398628102873 -0.4815274045581428 -0.11372392886893888 0.043847899412422738 0.48852346057820045
-0.50536904155155349 0.0068217307155165599 0.022889847549245234 -0.038224041962600201 -0.50337015853445199 0.0088475563051344693 0.0079291797448238655 -0.50428423252186416 0.13177677358663523 -0.026738976237931596 -0.46547312231986476
-0.013780057600277729 0.4886786178121903 0.50859764950010178 -0.01332879201665492 0.49316452652092568 0.0029537899829123995 -0.005289458153097267 0.0050380925178666325 -0.12866113018482933 0.0072301855593522929 0.49221417583278165
-0.00531463084474223 0.50477327483380086 0.49420012744434061 0.010194893319535209 0.50397006265680222 -0.00036612042168970784 0.0069508824688490293 0.0099527533402675155 0.11928220677576712 -0.023624216795043295 -0.48157898133084748
-0.0079845395663595067 0.48856300167612943 0.51075707328961817 -0.014654530557851085 -0.49712785640419077 -0.001830633274963575 0.00041008643425532971 1.1356764954047101e-05 -0.13273317492283065 0.033946599470309743 0.48398843464292729
-0.010005543882913958 0.50022778649969513 0.50488190531848498 -0.0053385503963572943 -0.50753992972440787 0.0066010803172051003 0.0091755731671592441 -0.0010576500229044737 0.12536568735864079 -0.018638480681100272 -0.47005127320892598
1.4552457391427692e-06 0.50025736120754827 -0.49885278329897564 -0.0014421104063451857 0.47383607230160535 -0.026422915490186667 0.0052032333088930073 -0.024699038427795743 -0.17093974279912955 -0.029202514436725113 0.49493161238395983
-0.015367082463740233 0.50753140233927885 -0.49620680044746257 0.0034514836619166582 0.49418336294483167 -0.0024424136632717757 -0.0052604540352594294 0.0068661286687675795 0.12000953908719077 -0.013695578261113259 -0.48688272801050997
0.014556625895667327 0.4917469886804367 -0.49324803414509238 -0.022310578403881013 -0.50883368020607944 -4.5037855326418267e-07 -0.0011894718624865753 -0.025093795080854745 -0.12117719634044913 0.062369737188734641 0.48586509869765448
-0.0068412613394322917 0.50534445612998358 -0.49742564697766151 -0.014769274250204394 -0.51220534104007986 -5.3466251619291721e-06 0.0092986624440246426 -0.032420905941944723 0.12214687732797405 -0.029673631281496513 -0.46651634092562433
-0.0053804460038631022 -0.49851952079106082 0.51218666282566871 0.0045520456792229038 0.48661000693667233 -0.010913881728236988 0.0054655557799238013 0.010689542665908117 -0.12527815357560637 0.035441362447831123 0.4848609937616572
0.0052715389646234342 -0.5021733179475214 0.50315840610736762 -0.011022516915732618 0.4915524635627922 0.0027210224938567333 0.0080537229660856136 -0.0062614153569648823 0.1264369249781431 -0.044655408855799023 -0.48454988844380281
0.0036995113162250535 -0.49888208325084787 0.49829651390196861 -0.022328668428429555 -0.50377005872335712 -2.8710420273861964e-06 -0.0060824480532123545 0.0047119607693837454 -0.13763290915366272 0.040424062640311981 0.47737260298558759
-0.019982924143539006 -0.49221112215244045 0.5122011438170343 -1.0254348861796541e-05 -0.50020358260825526 -0.00098237770027257906 0.005627067513543845 -0.0047609146044268738 0.11662827245218728 -0.025716501558133993 -0.48005881976603199
0.0048309312067832157 -0.50007884663311042 -0.49821339283247557 -0.011171332170332351 0.48714848289076934 0.0085405312136752724 -0.014059119800821121 -0.0059334161290323642 -0.078276235556891033 0.016554084950791647 0.50747982194312591
0.00033888908413779421 -0.51219959418803829 -0.5042643160050494 -0.007614269589756379 0.48975890739168659 -0.019757640231876174 -0.039734833866437939 0.0083348275038100557 0.14692570860981208 -0.030910703237177033 -0.46783102703467316
0.0034739856017745505 -0.49782322128121353 -0.50527787728996942 -0.017827913123472788 -0.50128917005052787 -8.0675533510891377e-08 -0.010715368234353637 -0.014874412591496078 -0.1271310794883741 0.053873099316126757 0.47523139893544603
-0.021724271572426051 -0.49641676795522222 -0.48431629032998086 -0.012775884172954147 -0.50624455484068065 -1.7529567102499097e-07 0.0088035576720424356 -0.011208462974035561 0.14531366949047123 -0.020159767113811081 -0.49026910558945014
0.0054130226793940202 0.49723961902117891 0.00092828629594325694 0.50607831756893129 0.00092218447016387999 0.0080815256875899182 0.00040506880851168969 0.48747693816533183 -0.12963703942241797 -0.0016703757926268029 0.49203525512037988
0.020054655045554509 0.46418318379448092 -0.017101375766872144 0.45246304231202528 -0.03834069247621151 0.040975949805305563 -0.01844126190082657 0.46579800130935045 -0.040114948863268579 -0.12235179429809098 -0.58487644418757534
0.0075090741755330127 0.47999777801281196 0.010260443339589606 0.47287305095656385 -0.026279952532001383 0.019728755085712688 7.4469717281644442e-07 -0.51221229567945781 -0.15602359051616849 -0.0042417075641814255 0.50796545106984159
-0.0013158997024385322 0.50612411264742274 -0.00057830574333569702 0.50969538657795765 0.015837994390730945 0.013921137052276624 -0.0047776284700250162 -0.50190251320992374 0.11190110668608708 -0.018243979469553855 -0.46778053655598445
0.0084163302483191774 0.49384445539733296 0.0099423202103436116 -0.51219702809321366 0.0015653863844319171 0.0026240956236777261 -0.0077146868615341306 0.49423560416677159 -0.12665823014571556 0.0509196214966409 0.48023887149098154
-0.0079786994418204731 0.50062518119035126 0.0078763250094403582 -0.50547277238568045 0.0016849970505873081 0.0097899369082205586 -0.0098522662944256559 0.50117292522147516 0.13625457497540924 -0.036380532296353747 -0.47168538842815072
-0.0014924845727811171 0.49503680871020522 0.016124856518179267 -0.51174223842401501 -0.0027753961738008889 -0.0019641334098063393 -0.0024418772110632826 -0.4940862641033546 -0.12328129396264011 0.046971178793182633 0.48088758776312907
-0.0056812953961276683 0.50558771719640538 0.0088208550149190441 -0.50419961313311024 0.0052789301116239144 -0.014541510463522735 0.001530908064629645 -0.49214720853850791 0.1336066805301411 -0.040678180385328486 -0.4775957758531798
3.4787809892067536e-06 -0.51220964864959495 -0.01079629412595258 0.47277972148444319 -0.01728345335116778 0.00017918052188337406 -0.017181428341016915 0.48457606420390742 -0.16598125195987967 -0.011284232554974228 0.50091818449052428
0.014715005441106875 -0.50307493567364359 -0.003249339596754006 0.49456553641843237 -0.021514184555087128 -0.0028644416450240326 -0.005569822037024396 0.4954630352173795 0.13430071130371538 -0.021766217185476319 -0.48743952760989873
0.010027728235720982 -0.51131001373939633 -0.0020792499733277565 0.48310621893040762 -0.007469307060519929 0.0049346074078358403 0.00012303799988625221 -0.50136379148772625 -0.11705020713302099 0.017586610983737653 0.48949946388045668
0.00035993299692675619 -0.51184112579787 0.0076680364953865864 0.48178416552943282 -0.020915653245977425 0.026965089570603531 -1.0620661001673091e-05 -0.5122031178519536 0.12173057765103376 -0.032341352588335384 -0.47588111979023207
-0.0047686697424790259 -0.49336986916595721 -1.2768814905240623e-07 -0.51220731731919622 0.01267434955151807 0.0030840523461314428 -0.010134356803975694 0.50206937444055799 -0.13737475726975046 0.032515293308787656 0.47109607871902165
-0.0033449286256416531 -0.4916807074543223 0.0035160179743243453 -0.5121898038591074 0.0071088583047496327 -0.002739706442794023 0.010972069435156627 0.49255963810421471 0.13766067901080029 -0.04270088574022185 -0.48199676592953533
-0.0027209118362228335 -0.4920973474420669 -0.0072039686138784843 -0.51219546271481153 0.0039533907882937378 0.0062395463669563077 -0.0044552586567801365 -0.50054318111012996 -0.13955143400390704 0.032460501152979146 0.47359321627219764
0.0014457195427074218 -0.49116149075258481 0.008288474163238484 -0.51221082033533416 -0.0085231836159709914 -0.00097656494442249688 0.0072370207981504115 -0.49493207444467929 0.12805913827563753 -0.049446620637804729 -0.48208073422774883
0.00074590329590767056 0.48378216018055414 0.0045280473540506693 -0.0069324957202889668 -0.011848859578141425 0.50536516124873676 0.49199442269342825 0.0026554158656623707 -0.13020233385829916 0.032896745248212914 0.5002508910010659
-0.0042330554616811311 0.50207375897794693 0.006995450424358997 -0.0083455443713710206 0.0069961483369550296 0.49864057296842595 0.5097703547625384 -0.0035108399509213473 0.12677810702371983 -0.023384402134244794 -0.47180124096096526
0.0058942446336257351 0.50074857400035988 0.0038480929563590705 -0.019712315477442729 0.0077898768629345774 0.49658391324539569 -0.49753384806412293 -0.0046920715947517261 -0.1168328475275144 0.030508375874980682 0.48991208851692086
-0.013152768396554873 0.49686668841152332 0.013551254215496038 -0.033794592969590004 0.0033915628735361552 0.51097195238241 -0.499157658375179 -0.010911655660076717 0.14703532730853988 -0.045002612851963789 -0.46647496612507888
-0.0082859338693346031 0.49376997647770682 0.010911725056453537 -0.0040785472310253578 -0.013537706047460676 -0.50878381129315542 0.49669235274945189 0.0053558584906237281 -0.13274797510237288 0.0074140591272390853 0.48221742560011055
0.022060219365573067 0.49323464107194409 0.0051741580790672414 0.022578011892977198 -0.020948385897343508 -0.48815434555385545 0.49031538322719187 -0.0188024366196143 0.053626914581211584 -0.076140936682479718 -0.51723002834526255
0.0029157985677752247 0.49727201730214793 0.02305818564203169 -0.023633470497533716 -0.0025258527540016583 -0.49282129423871013 -0.50026074260901465 -1.7504491487799877e-06 -0.17941594265861915 0.011999746032333863 0.47554991862384322
0.0050944758341318567 0.51214812612762495 0.011934714028740055 -0.0075434083035830985 -0.00062008337688093521 -0.49201485719238158 -0.50175894721201575 0.0052345855779930171 0.13591952748886721 -0.029252586972094981 -0.47358285950811296
0.0068391270715624716 -0.50395779326217827 0.0081588571858852467 -0.010123973278486121 -0.013118423788903445 0.49925946767171669 0.49244082345585571 0.0049412319394142147 -0.11645652389660864 0.041362816890221039 0.48844980612648914
-1.836127661925819e-06 -0.49755884821712099 0.025993346557143273 -0.031766185131088913 -0.015602902082531511 0.51125838694203551 0.49570487143850289 -0.0018507024130009671 0.13104308342587948 -0.036637248201447592 -0.47421570710560457
0.013486420303829318 -0.50842348354130562 0.014557456435324542 -0.027630759081810258 -0.0047203843305929404 0.49778413872000715 -0.50199105114210463 -0.00051815193907472315 -0.1229825589946509 0.048229996061862776 0.47232493310344537
0.0028307471248503529 -0.50034674755915443 0.017380474132683808 -0.023403242585799296 -0.005101570445634091 0.49647368591550611 -0.4915908209192521 -0.0049532255270086974 0.1337199521117742 -0.045616176618547173 -0.49054586817981516
-2.4308277126867284e-07 -0.50976347771275587 -0.005791193587762148 -0.028521057256724266 -0.016876388788813819 -0.49287382264041918 0.48104434704291871 0.0022582174210792377 -0.14254502890556528 -0.020774494830763067 0.49388800587599202
-0.0090301876530034589 -0.49245428526335511 0.01174021273065085 -0.0075812525690624726 -0.011393390958283173 -0.50455623743908962 0.48941032592887984 -0.010906433725861196 0.14022612659393202 -0.027219488043307552 -0.49240169985866944
0.012205468100934222 -0.50161130584389069 0.018404400094112046 -0.029041009425203556 0.0066232443771694375 -0.50004216577938587 -0.50499380307374364 0.0055684528002203429 -0.12201523519308512 0.032099836570431396 0.47539575236512455
0.015452441776406726 -0.50432837950067333 0.034275042871644963 -0.035439586613056281 -0.0067289648805939134 -0.49062467884222433 -0.50464546781008446 5.4835436590268156e-06 0.14384581438052554 -0.03521844015851866 -0.47500158452313618
0.0065251003215752749 -0.0047649269771964401 0.49851969312217026 -0.00081612860675815072 -0.0043502338611564398 0.47771831462569669 0.010092858853526116 0.51218794857327088 -0.12061400810759056 0.039177507691199924 0.49462862720681883
0.0079530455405679781 -0.0066579261130883093 0.51220369543103261 -0.012624471932292913 2.6169953283052795e-07 0.49957938168310739 -0.0012388227274620688 0.49833946307371663 0.12068785433955073 -0.048346752917835113 -0.47175643899967051
0.011835899479332267 -0.022272636693156784 0.51164179174945457 -0.016963865518480135 1.0424576981369748e-06 0.49580535902871825 -0.00079419517757112808 -0.49360421577624863 -0.12425874332741384 0.045538980758112926 0.47991249687602849
-0.0037937696851843678 0.0061101303372149557 0.5122019834558138 -0.0073886483582628008 -0.0023105565395920308 0.48935013467546268 0.0026747977026193451 -0.49221853614868094 0.11980905072588349 -0.056334169961432028 -0.48811876367090123
0.019000680852935499 -0.0031109190502989882 0.50487277085384652 0.0017877077632843757 -0.0074511987532275923 -0.51024046547465129 -0.0058328406434448839 0.49567672160200682 -0.13966174518659674 0.019477451009684361 0.46766924653644409
-0.013798132250216456 0.011329709150968906 0.49965717503786466 0.0019728982752577093 0.00068704630031937784 -0.48748058787538995 0.01380181632806185 0.50291468906018155 0.12965385920033171 -0.025226689000785073 -0.491754090074142
-0.0030415188423411504 -0.008319641793300827 0.49694915942317208 -0.0089858245857718354 -0.0053596389024102931 -0.49762131565592282 -0.0034167302530962317 -0.4946402373133324 -0.1227762940608966 0.014842618681235969 0.49522889755821708
0.0049869505498555105 0.0071642664252047567 0.5121951932059764 -0.014312591747870834 -2.3968530843585227e-06 -0.49788762787712831 -0.0026716389719527692 -0.49521764731750884 0.13553940647707488 -0.037780703701003782 -0.47374780129970923
0.0093028385450503043 -0.010186929640320945 -0.48891937765081389 -0.011870452095535033 0.010564603574534318 0.51187030101940401 -0.00047521798821492845 0.49694214257237362 -0.11285072309416704 0.048423127270453704 0.48628386608608459
0.0038187839147073867 -0.030992848997659569 -0.50245538726239802 -0.015378191128467653 2.3598443582741194e-06 0.50657410104623246 0.00266833351930833 0.48431173655328985 0.14578958731507816 -0.013812035504444818 -0.48342453509452049
0.023099019564588007 -0.012669800808157211 -0.50156087398750482 -0.009790389391083806 -0.0032894208834085945 0.50417375823498567 0.012083409794690352 -0.50095747774911259 -0.14276473864862474 0.031352761262369293 0.4700803985228007
-0.004354809579161267 0.010662585473755874 -0.47500101592295746 -0.017615909968602961 0.0031364066376345545 0.49291340519599786 0.007737014242799262 -0.49990484916908418 0.11115718430606623 -0.057895076284760802 -0.51505836400464455
0.02022720320355887 -0.010745161308792424 -0.50031498647236772 -0.0065795768874875116 0.0010373096313916908 -0.50142605351255332 -0.015394862251806094 0.4820041808100099 -0.11101815680711284 0.034819298321609356 0.50158290970403085
-0.017731417846804667 0.016812434592478668 -0.48892188834953482 -0.010028713804072605 0.0048962583573028641 -0.50294615364447071 0.0050316353197876456 0.50380328384263096 0.12951531730666083 -0.013120971018583259 -0.48630186158658922
-0.00064090641157628153 -0.014961410959204459 -0.4896827579018449 0.0021099227416843959 -0.01069177094637286 -0.50885055365527387 1.0429559237624437e-06 -0.50483387726877194 -0.086203780881128345 0.03975710771656138 0.48689827197064806
0.0375592874456483 0.013059803643124951 -0.50099978679584811 -0.011219429643896153 0.0091231443614805344 -0.49188608382155957 -1.3289927133218281e-06 -0.51219889603801361 0.14103487641782456 -0.046569869605162115 -0.46994641187953401
0.0056843688815670142 -0.011021191297757664 -0.00099417039571998451 0.50251751240443343 0.49013789545556796 0.013773875986911899 0.48713396026338468 -0.0078558638466785131 -0.14098949176831152 0.0079248398402044958 0.49959429211042711
0.039443806860612322 -0.035929516621666421 -0.034153593152929242 0.45088473914807392 0.46617386734365862 0.018873778745848745 0.46663808205431268 -0.018411403748002913 -0.040561541331052282 -0.12202065966692693 -0.58343044698018731
0.0083146651202323733 -0.020499683907011058 0.0067801720887216898 0.47224226066185027 0.48621491959406304 0.0078798895025937003 -0.51220347932856214 -2.7278509153755038e-06 -0.16733497193226532 -0.012740074279568893 0.49946887646048804
0.015589504157086802 0.00098921900098751644 0.0045002122434050973 0.50218582899390551 0.50043741689848398 -0.0018758503944793568 -0.50553780883365673 -0.010329916212806975 0.12130394548513189 -0.026979136161054747 -0.47538016229023267
0.025893325245611179 -0.011133176009928129 -0.0041430891395619141 0.47276089126707344 -0.51218585559764063 8.2354126278201347e-06 0.48040107734359677 0.0040532132234091835 -0.15248327536837294 -0.00045921618646565729 0.50921334238352001
0.0030805500497382739 -0.012724290199364094 0.0045404873396422962 0.50873593763957736 -0.50130913353497275 0.0066698770169518577 0.50208957922447817 -0.0011468601764828958 0.1162718770084079 -0.0056699187549722483 -0.47327987442757546
-0.0056621602252235953 0.015141398860059167 0.0041160220115777357 0.47457310064342323 -0.51218067110823329 -0.0015227396560608085 -0.50391553689140589 0.0067369173489498944 -0.11744866716550179 0.057933752240148045 0.490962306551323
0.020063759898246662 -0.019604868808560397 0.0031968273223355573 0.47386252439337356 -0.51220026488587467 1.459508940533432e-05 -0.5121938590788766 -4.6944479549672883e-06 0.14568918261254085 -0.03570435380672167 -0.47693331111903109
-0.0031167006690199393 0.00010814839515130521 -0.0056220371561247996 -0.48992653352128468 0.49070245262227202 0.00049396119241890179 0.48782911605037288 4.006018729800813e-05 -0.10846612102268688 0.038467215918330147 0.5176095475763578
-0.017386810124934472 0.012651080415920042 0.011414415757755396 -0.50734991058909029 0.50023974306058561 0.005386999492450399 0.49599247982402822 0.00033046807720250068 0.12768469876789662 -0.034431483204312691 -0.47774161368782969
-0.010202011881102323 0.0030724846172624884 0.0069084413558877121 -0.5122081072712199 0.49548302564333752 -0.0024454532925440933 -0.49846835102120468 -0.0051910452553171511 -0.12513242419563564 0.040000271467748399 0.47562212828024247
-0.01797904022748411 -0.0037578828125155827 0.0024304849089617398 -0.51220697796516457 0.49273585213746751 0.0050440884750328078 -0.49141967785545226 -0.0074970005220489693 0.13400358633699438 -0.041917150819944501 -0.48293183846332194
0.0059345210606377499 0.01168998774468934 0.00954843136670196 -0.51221208358553394 -0.49529899945281175 -0.0073061121765212273 0.49942086353575965 0.0032065091621917225 -0.12695785061879347 0.040926888162153556 0.47410596890930023
-0.002093189592001353 0.016609249141714542 0.0048175630670282471 -0.50880494609788685 -0.48724124676708913 0.00085837671599253631 0.49682299724679457 0.0060598150301110027 0.13110456918698651 -0.039048091047069584 -0.48767440626237007
0.010199785968950792 -0.006071929558926964 -0.0032213239701731513 -0.51221205151055471 -0.49188543128434448 -0.0027922436599293397 -0.49735718337716789 -0.00043437773530543579 -0.13274345575841895 0.043308070031146131 0.47819210443608151
-0.0041988432310407836 0.010023628586788891 -0.016331532366989733 -0.51221470950399139 -0.49454699506810723 0.0013163920723783941 -0.49051266994694182 -0.0053412413061325898 0.12348161011208353 -0.041692963652440643 -0.48482531523592698
0.040952080906050847 -0.038351115662333582 -0.017192584530325045 0.45241793475523395 0.46579308064802533 0.018535981575797295 -0.020109692170932312 0.46421799864182911 0.46130553024469684 -0.27109607027237803 0.26901514496332246
