45618
45624
45642
45648
46770
46776
46794
46800
47922
47928
47946
47952
49074
49080
49098
49104
50322
50328
50346
50352
51474
51480
51498
51504
52626
52632
52650
52656
53778
53784
53802
53808
31795
31801
32947
32953
34099
34105
35251
35257
31819
31825
32971
32977
34123
34129
35275
35281
41154
41160
41178
41184
42306
42312
42330
42336
43458
43464
43482
43488
44610
44616
44634
44640
31842
31848
31866
31872
32994
33000
33018
33024
34146
34152
34170
34176
35298
35304
35322
35328
45667
45673
46819
46825
47971
47977
49123
49129
45691
45697
46843
46849
47995
48001
49147
49153
41107
41113
42259
42265
43411
43417
44563
44569
41131
41137
42283
42289
43435
43441
44587
44593
50371
50377
51523
51529
52675
52681
53827
53833
50395
50401
51547
51553
52699
52705
53851
53857