1 0 0 0 0 0 0 0 0 0 0
-1 0 0 0 0 0 0 0 0 0 0
0 1 0 0 0 0 0 0 0 0 0
0 -1 0 0 0 0 0 0 0 0 0
0 0 1 0 0 0 0 0 0 0 0
0 0 -1 0 0 0 0 0 0 0 0
0 0 0 1 0 0 0 0 0 0 0
0 0 0 -1 0 0 0 0 0 0 0
0 0 0 0 1 0 0 0 0 0 0
0 0 0 0 -1 0 0 0 0 0 0
0 0 0 0 0 1 0 0 0 0 0
0 0 0 0 0 -1 0 0 0 0 0
0 0 0 0 0 0 1 0 0 0 0
0 0 0 0 0 0 -1 0 0 0 0
0 0 0 0 0 0 0 1 0 0 0
0 0 0 0 0 0 0 -1 0 0 0
0.5 0.5 0.5 0.5 0 0 0 0 0 0 0
0.5 0.5 0.5 -0.5 0 0 0 0 0 0 0
0.5 0.5 -0.5 0.5 0 0 0 0 0 0 0
0.5 0.5 -0.5 -0.5 0 0 0 0 0 0 0
0.5 -0.5 0.5 0.5 0 0 0 0 0 0 0
0.5 -0.5 0.5 -0.5 0 0 0 0 0 0 0
0.5 -0.5 -0.5 0.5 0 0 0 0 0 0 0
0.5 -0.5 -0.5 -0.5 0 0 0 0 0 0 0
-0.5 0.5 0.5 0.5 0 0 0 0 0 0 0
-0.5 0.5 0.5 -0.5 0 0 0 0 0 0 0
-0.5 0.5 -0.5 0.5 0 0 0 0 0 0 0
-0.5 0.5 -0.5 -0.5 0 0 0 0 0 0 0
-0.5 -0.5 0.5 0.5 0 0 0 0 0 0 0
-0.5 -0.5 0.5 -0.5 0 0 0 0 0 0 0
-0.5 -0.5 -0.5 0.5 0 0 0 0 0 0 0
-0.5 -0.5 -0.5 -0.5 0 0 0 0 0 0 0
0.5 0.5 0 0 0.5 0.5 0 0 0 0 0
0.5 0.5 0 0 0.5 -0.5 0 0 0 0 0
0.5 0.5 0 0 -0.5 0.5 0 0 0 0 0
0.5 0.5 0 0 -0.5 -0.5 0 0 0 0 0
0.5 -0.5 0 0 0.5 0.5 0 0 0 0 0
0.5 -0.5 0 0 0.5 -0.5 0 0 0 0 0
0.5 -0.5 0 0 -0.5 0.5 0 0 0 0 0
0.5 -0.5 0 0 -0.5 -0.5 0 0 0 0 0
-0.5 0.5 0 0 0.5 0.5 0 0 0 0 0
-0.5 0.5 0 0 0.5 -0.5 0 0 0 0 0
-0.5 0.5 0 0 -0.5 0.5 0 0 0 0 0
-0.5 0.5 0 0 -0.5 -0.5 0 0 0 0 0
-0.5 -0.5 0 0 0.5 0.5 0 0 0 0 0
-0.5 -0.5 0 0 0.5 -0.5 0 0 0 0 0
-0.5 -0.5 0 0 -0.5 0.5 0 0 0 0 0
-0.5 -0.5 0 0 -0.5 -0.5 0 0 0 0 0
0.5 0.5 0 0 0 0 0.5 0.5 0 0 0
0.5 0.5 0 0 0 0 0.5 -0.5 0 0 0
0.5 0.5 0 0 0 0 -0.5 0.5 0 0 0
0.5 0.5 0 0 0 0 -0.5 -0.5 0 0 0
0.5 -0.5 0 0 0 0 0.5 0.5 0 0 0
0.5 -0.5 0 0 0 0 0.5 -0.5 0 0 0
0.5 -0.5 0 0 0 0 -0.5 0.5 0 0 0
0.5 -0.5 0 0 0 0 -0.5 -0.5 0 0 0
-0.5 0.5 0 0 0 0 0.5 0.5 0 0 0
-0.5 0.5 0 0 0 0 0.5 -0.5 0 0 0
-0.5 0.5 0 0 0 0 -0.5 0.5 0 0 0
-0.5 0.5 0 0 0 0 -0.5 -0.5 0 0 0
-0.5 -0.5 0 0 0 0 0.5 0.5 0 0 0
-0.5 -0.5 0 0 0 0 0.5 -0.5 0 0 0
-0.5 -0.5 0 0 0 0 -0.5 0.5 0 0 0
-0.5 -0.5 0 0 0 0 -0.5 -0.5 0 0 0
0 0 0.5 0.5 0.5 0.5 0 0 0 0 0
0 0 0.5 0.5 0.5 -0.5 0 0 0 0 0
0 0 0.5 0.5 -0.5 0.5 0 0 0 0 0
0 0 0.5 0.5 -0.5 -0.5 0 0 0 0 0
0 0 0.5 -0.5 0.5 0.5 0 0 0 0 0
0 0 0.5 -0.5 0.5 -0.5 0 0 0 0 0
0 0 0.5 -0.5 -0.5 0.5 0 0 0 0 0
0 0 0.5 -0.5 -0.5 -0.5 0 0 0 0 0
0 0 -0.5 0.5 0.5 0.5 0 0 0 0 0
0 0 -0.5 0.5 0.5 -0.5 0 0 0 0 0
0 0 -0.5 0.5 -0.5 0.5 0 0 0 0 0
0 0 -0.5 0.5 -0.5 -0.5 0 0 0 0 0
0 0 -0.5 -0.5 0.5 0.5 0 0 0 0 0
0 0 -0.5 -0.5 0.5 -0.5 0 0 0 0 0
0 0 -0.5 -0.5 -0.5 0.5 0 0 0 0 0
0 0 -0.5 -0.5 -0.5 -0.5 0 0 0 0 0
0 0 0.5 0.5 0 0 0.5 0.5 0 0 0
0 0 0.5 0.5 0 0 0.5 -0.5 0 0 0
0 0 0.5 0.5 0 0 -0.5 0.5 0 0 0
0 0 0.5 0.5 0 0 -0.5 -0.5 0 0 0
0 0 0.5 -0.5 0 0 0.5 0.5 0 0 0
0 0 0.5 -0.5 0 0 0.5 -0.5 0 0 0
0 0 0.5 -0.5 0 0 -0.5 0.5 0 0 0
0 0 0.5 -0.5 0 0 -0.5 -0.5 0 0 0
0 0 -0.5 0.5 0 0 0.5 0.5 0 0 0
0 0 -0.5 0.5 0 0 0.5 -0.5 0 0 0
0 0 -0.5 0.5 0 0 -0.5 0.5 0 0 0
0 0 -0.5 0.5 0 0 -0.5 -0.5 0 0 0
0 0 -0.5 -0.5 0 0 0.5 0.5 0 0 0
0 0 -0.5 -0.5 0 0 0.5 -0.5 0 0 0
0 0 -0.5 -0.5 0 0 -0.5 0.5 0 0 0
0 0 -0.5 -0.5 0 0 -0.5 -0.5 0 0 0
0 0 0 0 0.5 0.5 0.5 0.5 0 0 0
0 0 0 0 0.5 0.5 0.5 -0.5 0 0 0
0 0 0 0 0.5 0.5 -0.5 0.5 0 0 0
0 0 0 0 0.5 0.5 -0.5 -0.5 0 0 0
0 0 0 0 0.5 -0.5 0.5 0.5 0 0 0
0 0 0 0 0.5 -0.5 0.5 -0.5 0 0 0
0 0 0 0 0.5 -0.5 -0.5 0.5 0 0 0
0 0 0 0 0.5 -0.5 -0.5 -0.5 0 0 0
0 0 0 0 -0.5 0.5 0.5 0.5 0 0 0
0 0 0 0 -0.5 0.5 0.5 -0.5 0 0 0
0 0 0 0 -0.5 0.5 -0.5 0.5 0 0 0
0 0 0 0 -0.5 0.5 -0.5 -0.5 0 0 0
0 0 0 0 -0.5 -0.5 0.5 0.5 0 0 0
0 0 0 0 -0.5 -0.5 0.5 -0.5 0 0 0
0 0 0 0 -0.5 -0.5 -0.5 0.5 0 0 0
0 0 0 0 -0.5 -0.5 -0.5 -0.5 0 0 0
0.5 0 0.5 0 0.5 0 0 0 0.5 0 0
0.5 0 0.5 0 0.5 0 0 0 -0.5 0 0
0.5 0 0.5 0 -0.5 0 0 0 0.5 0 0
0.5 0 0.5 0 -0.5 0 0 0 -0.5 0 0
0.5 0 -0.5 0 0.5 0 0 0 0.5 0 0
0.5 0 -0.5 0 0.5 0 0 0 -0.5 0 0
0.5 0 -0.5 0 -0.5 0 0 0 0.5 0 0
0.5 0 -0.5 0 -0.5 0 0 0 -0.5 0 0
-0.5 0 0.5 0 0.5 0 0 0 0.5 0 0
-0.5 0 0.5 0 0.5 0 0 0 -0.5 0 0
-0.5 0 0.5 0 -0.5 0 0 0 0.5 0 0
-0.5 0 0.5 0 -0.5 0 0 0 -0.5 0 0
-0.5 0 -0.5 0 0.5 0 0 0 0.5 0 0
-0.5 0 -0.5 0 0.5 0 0 0 -0.5 0 0
-0.5 0 -0.5 0 -0.5 0 0 0 0.5 0 0
-0.5 0 -0.5 0 -0.5 0 0 0 -0.5 0 0
0.5 0 0 0.5 0 0 0.5 0 0.5 0 0
0.5 0 0 0.5 0 0 0.5 0 -0.5 0 0
0.5 0 0 0.5 0 0 -0.5 0 0.5 0 0
0.5 0 0 0.5 0 0 -0.5 0 -0.5 0 0
0.5 0 0 -0.5 0 0 0.5 0 0.5 0 0
0.5 0 0 -0.5 0 0 0.5 0 -0.5 0 0
0.5 0 0 -0.5 0 0 -0.5 0 0.5 0 0
0.5 0 0 -0.5 0 0 -0.5 0 -0.5 0 0
-0.5 0 0 0.5 0 0 0.5 0 0.5 0 0
-0.5 0 0 0.5 0 0 0.5 0 -0.5 0 0
-0.5 0 0 0.5 0 0 -0.5 0 0.5 0 0
-0.5 0 0 0.5 0 0 -0.5 0 -0.5 0 0
-0.5 0 0 -0.5 0 0 0.5 0 0.5 0 0
-0.5 0 0 -0.5 0 0 0.5 0 -0.5 0 0
-0.5 0 0 -0.5 0 0 -0.5 0 0.5 0 0
-0.5 0 0 -0.5 0 0 -0.5 0 -0.5 0 0
0.5 0 0 0 0 0.5 0 0.5 0.5 0 0
0.5 0 0 0 0 0.5 0 0.5 -0.5 0 0
0.5 0 0 0 0 0.5 0 -0.5 0.5 0 0
0.5 0 0 0 0 0.5 0 -0.5 -0.5 0 0
0.5 0 0 0 0 -0.5 0 0.5 0.5 0 0
0.5 0 0 0 0 -0.5 0 0.5 -0.5 0 0
0.5 0 0 0 0 -0.5 0 -0.5 0.5 0 0
0.5 0 0 0 0 -0.5 0 -0.5 -0.5 0 0
-0.5 0 0 0 0 0.5 0 0.5 0.5 0 0
-0.5 0 0 0 0 0.5 0 0.5 -0.5 0 0
-0.5 0 0 0 0 0.5 0 -0.5 0.5 0 0
-0.5 0 0 0 0 0.5 0 -0.5 -0.5 0 0
-0.5 0 0 0 0 -0.5 0 0.5 0.5 0 0
-0.5 0 0 0 0 -0.5 0 0.5 -0.5 0 0
-0.5 0 0 0 0 -0.5 0 -0.5 0.5 0 0
-0.5 0 0 0 0 -0.5 0 -0.5 -0.5 0 0
0 0.5 0.5 0 0 0 0 0.5 0.5 0 0
0 0.5 0.5 0 0 0 0 0.5 -0.5 0 0
0 0.5 0.5 0 0 0 0 -0.5 0.5 0 0
0 0.5 0.5 0 0 0 0 -0.5 -0.5 0 0
0 0.5 -0.5 0 0 0 0 0.5 0.5 0 0
0 0.5 -0.5 0 0 0 0 0.5 -0.5 0 0
0 0.5 -0.5 0 0 0 0 -0.5 0.5 0 0
0 0.5 -0.5 0 0 0 0 -0.5 -0.5 0 0
0 -0.5 0.5 0 0 0 0 0.5 0.5 0 0
0 -0.5 0.5 0 0 0 0 0.5 -0.5 0 0
0 -0.5 0.5 0 0 0 0 -0.5 0.5 0 0
0 -0.5 0.5 0 0 0 0 -0.5 -0.5 0 0
0 -0.5 -0.5 0 0 0 0 0.5 0.5 0 0
0 -0.5 -0.5 0 0 0 0 0.5 -0.5 0 0
0 -0.5 -0.5 0 0 0 0 -0.5 0.5 0 0
0 -0.5 -0.5 0 0 0 0 -0.5 -0.5 0 0
0 0.5 0 0.5 0 0.5 0 0 0.5 0 0
0 0.5 0 0.5 0 0.5 0 0 -0.5 0 0
0 0.5 0 0.5 0 -0.5 0 0 0.5 0 0
0 0.5 0 0.5 0 -0.5 0 0 -0.5 0 0
0 0.5 0 -0.5 0 0.5 0 0 0.5 0 0
0 0.5 0 -0.5 0 0.5 0 0 -0.5 0 0
0 0.5 0 -0.5 0 -0.5 0 0 0.5 0 0
0 0.5 0 -0.5 0 -0.5 0 0 -0.5 0 0
0 -0.5 0 0.5 0 0.5 0 0 0.5 0 0
0 -0.5 0 0.5 0 0.5 0 0 -0.5 0 0
0 -0.5 0 0.5 0 -0.5 0 0 0.5 0 0
0 -0.5 0 0.5 0 -0.5 0 0 -0.5 0 0
0 -0.5 0 -0.5 0 0.5 0 0 0.5 0 0
0 -0.5 0 -0.5 0 0.5 0 0 -0.5 0 0
0 -0.5 0 -0.5 0 -0.5 0 0 0.5 0 0
0 -0.5 0 -0.5 0 -0.5 0 0 -0.5 0 0
0 0.5 0 0 0.5 0 0.5 0 0.5 0 0
0 0.5 0 0 0.5 0 0.5 0 -0.5 0 0
0 0.5 0 0 0.5 0 -0.5 0 0.5 0 0
0 0.5 0 0 0.5 0 -0.5 0 -0.5 0 0
0 0.5 0 0 -0.5 0 0.5 0 0.5 0 0
0 0.5 0 0 -0.5 0 0.5 0 -0.5 0 0
0 0.5 0 0 -0.5 0 -0.5 0 0.5 0 0
0 0.5 0 0 -0.5 0 -0.5 0 -0.5 0 0
0 -0.5 0 0 0.5 0 0.5 0 0.5 0 0
0 -0.5 0 0 0.5 0 0.5 0 -0.5 0 0
0 -0.5 0 0 0.5 0 -0.5 0 0.5 0 0
0 -0.5 0 0 0.5 0 -0.5 0 -0.5 0 0
0 -0.5 0 0 -0.5 0 0.5 0 0.5 0 0
0 -0.5 0 0 -0.5 0 0.5 0 -0.5 0 0
0 -0.5 0 0 -0.5 0 -0.5 0 0.5 0 0
0 -0.5 0 0 -0.5 0 -0.5 0 -0.5 0 0
0 0 0.5 0 0 0.5 0.5 0 0.5 0 0
0 0 0.5 0 0 0.5 0.5 0 -0.5 0 0
0 0 0.5 0 0 0.5 -0.5 0 0.5 0 0
0 0 0.5 0 0 0.5 -0.5 0 -0.5 0 0
0 0 0.5 0 0 -0.5 0.5 0 0.5 0 0
0 0 0.5 0 0 -0.5 0.5 0 -0.5 0 0
0 0 0.5 0 0 -0.5 -0.5 0 0.5 0 0
0 0 0.5 0 0 -0.5 -0.5 0 -0.5 0 0
0 0 -0.5 0 0 0.5 0.5 0 0.5 0 0
0 0 -0.5 0 0 0.5 0.5 0 -0.5 0 0
0 0 -0.5 0 0 0.5 -0.5 0 0.5 0 0
0 0 -0.5 0 0 0.5 -0.5 0 -0.5 0 0
0 0 -0.5 0 0 -0.5 0.5 0 0.5 0 0
0 0 -0.5 0 0 -0.5 0.5 0 -0.5 0 0
0 0 -0.5 0 0 -0.5 -0.5 0 0.5 0 0
0 0 -0.5 0 0 -0.5 -0.5 0 -0.5 0 0
0 0 0 0.5 0.5 0 0 0.5 0.5 0 0
0 0 0 0.5 0.5 0 0 0.5 -0.5 0 0
0 0 0 0.5 0.5 0 0 -0.5 0.5 0 0
0 0 0 0.5 0.5 0 0 -0.5 -0.5 0 0
0 0 0 0.5 -0.5 0 0 0.5 0.5 0 0
0 0 0 0.5 -0.5 0 0 0.5 -0.5 0 0
0 0 0 0.5 -0.5 0 0 -0.5 0.5 0 0
0 0 0 0.5 -0.5 0 0 -0.5 -0.5 0 0
0 0 0 -0.5 0.5 0 0 0.5 0.5 0 0
0 0 0 -0.5 0.5 0 0 0.5 -0.5 0 0
0 0 0 -0.5 0.5 0 0 -0.5 0.5 0 0
0 0 0 -0.5 0.5 0 0 -0.5 -0.5 0 0
0 0 0 -0.5 -0.5 0 0 0.5 0.5 0 0
0 0 0 -0.5 -0.5 0 0 0.5 -0.5 0 0
0 0 0 -0.5 -0.5 0 0 -0.5 0.5 0 0
0 0 0 -0.5 -0.5 0 0 -0.5 -0.5 0 0
0.5 0 0.5 0 0 0.5 0 0 0 0.5 0
0.5 0 0.5 0 0 0.5 0 0 0 -0.5 0
0.5 0 0.5 0 0 -0.5 0 0 0 0.5 0
0.5 0 0.5 0 0 -0.5 0 0 0 -0.5 0
0.5 0 -0.5 0 0 0.5 0 0 0 0.5 0
0.5 0 -0.5 0 0 0.5 0 0 0 -0.5 0
0.5 0 -0.5 0 0 -0.5 0 0 0 0.5 0
0.5 0 -0.5 0 0 -0.5 0 0 0 -0.5 0
-0.5 0 0.5 0 0 0.5 0 0 0 0.5 0
-0.5 0 0.5 0 0 0.5 0 0 0 -0.5 0
-0.5 0 0.5 0 0 -0.5 0 0 0 0.5 0
-0.5 0 0.5 0 0 -0.5 0 0 0 -0.5 0
-0.5 0 -0.5 0 0 0.5 0 0 0 0.5 0
-0.5 0 -0.5 0 0 0.5 0 0 0 -0.5 0
-0.5 0 -0.5 0 0 -0.5 0 0 0 0.5 0
-0.5 0 -0.5 0 0 -0.5 0 0 0 -0.5 0
0.5 0 0 0.5 0 0 0 0.5 0 0.5 0
0.5 0 0 0.5 0 0 0 0.5 0 -0.5 0
0.5 0 0 0.5 0 0 0 -0.5 0 0.5 0
0.5 0 0 0.5 0 0 0 -0.5 0 -0.5 0
0.5 0 0 -0.5 0 0 0 0.5 0 0.5 0
0.5 0 0 -0.5 0 0 0 0.5 0 -0.5 0
0.5 0 0 -0.5 0 0 0 -0.5 0 0.5 0
0.5 0 0 -0.5 0 0 0 -0.5 0 -0.5 0
-0.5 0 0 0.5 0 0 0 0.5 0 0.5 0
-0.5 0 0 0.5 0 0 0 0.5 0 -0.5 0
-0.5 0 0 0.5 0 0 0 -0.5 0 0.5 0
-0.5 0 0 0.5 0 0 0 -0.5 0 -0.5 0
-0.5 0 0 -0.5 0 0 0 0.5 0 0.5 0
-0.5 0 0 -0.5 0 0 0 0.5 0 -0.5 0
-0.5 0 0 -0.5 0 0 0 -0.5 0 0.5 0
-0.5 0 0 -0.5 0 0 0 -0.5 0 -0.5 0
0.5 0 0 0 0.5 0 0.5 0 0 0.5 0
0.5 0 0 0 0.5 0 0.5 0 0 -0.5 0
0.5 0 0 0 0.5 0 -0.5 0 0 0.5 0
0.5 0 0 0 0.5 0 -0.5 0 0 -0.5 0
0.5 0 0 0 -0.5 0 0.5 0 0 0.5 0
0.5 0 0 0 -0.5 0 0.5 0 0 -0.5 0
0.5 0 0 0 -0.5 0 -0.5 0 0 0.5 0
0.5 0 0 0 -0.5 0 -0.5 0 0 -0.5 0
-0.5 0 0 0 0.5 0 0.5 0 0 0.5 0
-0.5 0 0 0 0.5 0 0.5 0 0 -0.5 0
-0.5 0 0 0 0.5 0 -0.5 0 0 0.5 0
-0.5 0 0 0 0.5 0 -0.5 0 0 -0.5 0
-0.5 0 0 0 -0.5 0 0.5 0 0 0.5 0
-0.5 0 0 0 -0.5 0 0.5 0 0 -0.5 0
-0.5 0 0 0 -0.5 0 -0.5 0 0 0.5 0
-0.5 0 0 0 -0.5 0 -0.5 0 0 -0.5 0
0 0.5 0.5 0 0 0 0.5 0 0 0.5 0
0 0.5 0.5 0 0 0 0.5 0 0 -0.5 0
0 0.5 0.5 0 0 0 -0.5 0 0 0.5 0
0 0.5 0.5 0 0 0 -0.5 0 0 -0.5 0
0 0.5 -0.5 0 0 0 0.5 0 0 0.5 0
0 0.5 -0.5 0 0 0 0.5 0 0 -0.5 0
0 0.5 -0.5 0 0 0 -0.5 0 0 0.5 0
0 0.5 -0.5 0 0 0 -0.5 0 0 -0.5 0
0 -0.5 0.5 0 0 0 0.5 0 0 0.5 0
0 -0.5 0.5 0 0 0 0.5 0 0 -0.5 0
0 -0.5 0.5 0 0 0 -0.5 0 0 0.5 0
0 -0.5 0.5 0 0 0 -0.5 0 0 -0.5 0
0 -0.5 -0.5 0 0 0 0.5 0 0 0.5 0
0 -0.5 -0.5 0 0 0 0.5 0 0 -0.5 0
0 -0.5 -0.5 0 0 0 -0.5 0 0 0.5 0
0 -0.5 -0.5 0 0 0 -0.5 0 0 -0.5 0
0 0.5 0 0.5 0.5 0 0 0 0 0.5 0
0 0.5 0 0.5 0.5 0 0 0 0 -0.5 0
0 0.5 0 0.5 -0.5 0 0 0 0 0.5 0
0 0.5 0 0.5 -0.5 0 0 0 0 -0.5 0
0 0.5 0 -0.5 0.5 0 0 0 0 0.5 0
0 0.5 0 -0.5 0.5 0 0 0 0 -0.5 0
0 0.5 0 -0.5 -0.5 0 0 0 0 0.5 0
0 0.5 0 -0.5 -0.5 0 0 0 0 -0.5 0
0 -0.5 0 0.5 0.5 0 0 0 0 0.5 0
0 -0.5 0 0.5 0.5 0 0 0 0 -0.5 0
0 -0.5 0 0.5 -0.5 0 0 0 0 0.5 0
0 -0.5 0 0.5 -0.5 0 0 0 0 -0.5 0
0 -0.5 0 -0.5 0.5 0 0 0 0 0.5 0
0 -0.5 0 -0.5 0.5 0 0 0 0 -0.5 0
0 -0.5 0 -0.5 -0.5 0 0 0 0 0.5 0
0 -0.5 0 -0.5 -0.5 0 0 0 0 -0.5 0
0 0.5 0 0 0 0.5 0 0.5 0 0.5 0
0 0.5 0 0 0 0.5 0 0.5 0 -0.5 0
0 0.5 0 0 0 0.5 0 -0.5 0 0.5 0
0 0.5 0 0 0 0.5 0 -0.5 0 -0.5 0
0 0.5 0 0 0 -0.5 0 0.5 0 0.5 0
0 0.5 0 0 0 -0.5 0 0.5 0 -0.5 0
0 0.5 0 0 0 -0.5 0 -0.5 0 0.5 0
0 0.5 0 0 0 -0.5 0 -0.5 0 -0.5 0
0 -0.5 0 0 0 0.5 0 0.5 0 0.5 0
0 -0.5 0 0 0 0.5 0 0.5 0 -0.5 0
0 -0.5 0 0 0 0.5 0 -0.5 0 0.5 0
0 -0.5 0 0 0 0.5 0 -0.5 0 -0.5 0
0 -0.5 0 0 0 -0.5 0 0.5 0 0.5 0
0 -0.5 0 0 0 -0.5 0 0.5 0 -0.5 0
0 -0.5 0 0 0 -0.5 0 -0.5 0 0.5 0
0 -0.5 0 0 0 -0.5 0 -0.5 0 -0.5 0
0 0 0.5 0 0.5 0 0 0.5 0 0.5 0
0 0 0.5 0 0.5 0 0 0.5 0 -0.5 0
0 0 0.5 0 0.5 0 0 -0.5 0 0.5 0
0 0 0.5 0 0.5 0 0 -0.5 0 -0.5 0
0 0 0.5 0 -0.5 0 0 0.5 0 0.5 0
0 0 0.5 0 -0.5 0 0 0.5 0 -0.5 0
0 0 0.5 0 -0.5 0 0 -0.5 0 0.5 0
0 0 0.5 0 -0.5 0 0 -0.5 0 -0.5 0
0 0 -0.5 0 0.5 0 0 0.5 0 0.5 0
0 0 -0.5 0 0.5 0 0 0.5 0 -0.5 0
0 0 -0.5 0 0.5 0 0 -0.5 0 0.5 0
0 0 -0.5 0 0.5 0 0 -0.5 0 -0.5 0
0 0 -0.5 0 -0.5 0 0 0.5 0 0.5 0
0 0 -0.5 0 -0.5 0 0 0.5 0 -0.5 0
0 0 -0.5 0 -0.5 0 0 -0.5 0 0.5 0
0 0 -0.5 0 -0.5 0 0 -0.5 0 -0.5 0
0 0 0 0.5 0 0.5 0.5 0 0 0.5 0
0 0 0 0.5 0 0.5 0.5 0 0 -0.5 0
0 0 0 0.5 0 0.5 -0.5 0 0 0.5 0
0 0 0 0.5 0 0.5 -0.5 0 0 -0.5 0
0 0 0 0.5 0 -0.5 0.5 0 0 0.5 0
0 0 0 0.5 0 -0.5 0.5 0 0 -0.5 0
0 0 0 0.5 0 -0.5 -0.5 0 0 0.5 0
0 0 0 0.5 0 -0.5 -0.5 0 0 -0.5 0
0 0 0 -0.5 0 0.5 0.5 0 0 0.5 0
0 0 0 -0.5 0 0.5 0.5 0 0 -0.5 0
0 0 0 -0.5 0 0.5 -0.5 0 0 0.5 0
0 0 0 -0.5 0 0.5 -0.5 0 0 -0.5 0
0 0 0 -0.5 0 -0.5 0.5 0 0 0.5 0
0 0 0 -0.5 0 -0.5 0.5 0 0 -0.5 0
0 0 0 -0.5 0 -0.5 -0.5 0 0 0.5 0
0 0 0 -0.5 0 -0.5 -0.5 0 0 -0.5 0
0.5 0.5 0 0 0 0 0 0 0.5 0.35355339059327379 0.35355339059327379
0.5 0.5 0 0 0 0 0 0 -0.5 -0.35355339059327379 -0.35355339059327379
0.5 0.5 0 0 0 0 0 0 0.5 -0.35355339059327379 -0.35355339059327379
0.5 0.5 0 0 0 0 0 0 -0.5 0.35355339059327379 0.35355339059327379
0.5 0.5 0 0 0 0 0 0 0 0.5 -0.5
0.5 0.5 0 0 0 0 0 0 0 -0.5 0.5
0.5 -0.5 0 0 0 0 0 0 0.5 0.35355339059327379 0.35355339059327379
0.5 -0.5 0 0 0 0 0 0 -0.5 -0.35355339059327379 -0.35355339059327379
0.5 -0.5 0 0 0 0 0 0 0.5 -0.35355339059327379 -0.35355339059327379
0.5 -0.5 0 0 0 0 0 0 -0.5 0.35355339059327379 0.35355339059327379
0.5 -0.5 0 0 0 0 0 0 0 0.5 -0.5
0.5 -0.5 0 0 0 0 0 0 0 -0.5 0.5
-0.5 0.5 0 0 0 0 0 0 0.5 0.35355339059327379 0.35355339059327379
-0.5 0.5 0 0 0 0 0 0 -0.5 -0.35355339059327379 -0.35355339059327379
-0.5 0.5 0 0 0 0 0 0 0.5 -0.35355339059327379 -0.35355339059327379
-0.5 0.5 0 0 0 0 0 0 -0.5 0.35355339059327379 0.35355339059327379
-0.5 0.5 0 0 0 0 0 0 0 0.5 -0.5
-0.5 0.5 0 0 0 0 0 0 0 -0.5 0.5
-0.5 -0.5 0 0 0 0 0 0 0.5 0.35355339059327379 0.35355339059327379
-0.5 -0.5 0 0 0 0 0 0 -0.5 -0.35355339059327379 -0.35355339059327379
-0.5 -0.5 0 0 0 0 0 0 0.5 -0.35355339059327379 -0.35355339059327379
-0.5 -0.5 0 0 0 0 0 0 -0.5 0.35355339059327379 0.35355339059327379
-0.5 -0.5 0 0 0 0 0 0 0 0.5 -0.5
-0.5 -0.5 0 0 0 0 0 0 0 -0.5 0.5
0 0 0.5 0.5 0 0 0 0 0.5 0.35355339059327379 0.35355339059327379
0 0 0.5 0.5 0 0 0 0 -0.5 -0.35355339059327379 -0.35355339059327379
0 0 0.5 0.5 0 0 0 0 0.5 -0.35355339059327379 -0.35355339059327379
0 0 0.5 0.5 0 0 0 0 -0.5 0.35355339059327379 0.35355339059327379
0 0 0.5 0.5 0 0 0 0 0 0.5 -0.5
0 0 0.5 0.5 0 0 0 0 0 -0.5 0.5
0 0 0.5 -0.5 0 0 0 0 0.5 0.35355339059327379 0.35355339059327379
0 0 0.5 -0.5 0 0 0 0 -0.5 -0.35355339059327379 -0.35355339059327379
0 0 0.5 -0.5 0 0 0 0 0.5 -0.35355339059327379 -0.35355339059327379
0 0 0.5 -0.5 0 0 0 0 -0.5 0.35355339059327379 0.35355339059327379
0 0 0.5 -0.5 0 0 0 0 0 0.5 -0.5
0 0 0.5 -0.5 0 0 0 0 0 -0.5 0.5
0 0 -0.5 0.5 0 0 0 0 0.5 0.35355339059327379 0.35355339059327379
0 0 -0.5 0.5 0 0 0 0 -0.5 -0.35355339059327379 -0.35355339059327379
0 0 -0.5 0.5 0 0 0 0 0.5 -0.35355339059327379 -0.35355339059327379
0 0 -0.5 0.5 0 0 0 0 -0.5 0.35355339059327379 0.35355339059327379
0 0 -0.5 0.5 0 0 0 0 0 0.5 -0.5
0 0 -0.5 0.5 0 0 0 0 0 -0.5 0.5
0 0 -0.5 -0.5 0 0 0 0 0.5 0.35355339059327379 0.35355339059327379
0 0 -0.5 -0.5 0 0 0 0 -0.5 -0.35355339059327379 -0.35355339059327379
0 0 -0.5 -0.5 0 0 0 0 0.5 -0.35355339059327379 -0.35355339059327379
0 0 -0.5 -0.5 0 0 0 0 -0.5 0.35355339059327379 0.35355339059327379
0 0 -0.5 -0.5 0 0 0 0 0 0.5 -0.5
0 0 -0.5 -0.5 0 0 0 0 0 -0.5 0.5
0 0 0 0 0.5 0.5 0 0 0.5 0.35355339059327379 0.35355339059327379
0 0 0 0 0.5 0.5 0 0 -0.5 -0.35355339059327379 -0.35355339059327379
0 0 0 0 0.5 0.5 0 0 0.5 -0.35355339059327379 -0.35355339059327379
0 0 0 0 0.5 0.5 0 0 -0.5 0.35355339059327379 0.35355339059327379
0 0 0 0 0.5 0.5 0 0 0 0.5 -0.5
0 0 0 0 0.5 0.5 0 0 0 -0.5 0.5
0 0 0 0 0.5 -0.5 0 0 0.5 0.35355339059327379 0.35355339059327379
0 0 0 0 0.5 -0.5 0 0 -0.5 -0.35355339059327379 -0.35355339059327379
0 0 0 0 0.5 -0.5 0 0 0.5 -0.35355339059327379 -0.35355339059327379
0 0 0 0 0.5 -0.5 0 0 -0.5 0.35355339059327379 0.35355339059327379
0 0 0 0 0.5 -0.5 0 0 0 0.5 -0.5
0 0 0 0 0.5 -0.5 0 0 0 -0.5 0.5
0 0 0 0 -0.5 0.5 0 0 0.5 0.35355339059327379 0.35355339059327379
0 0 0 0 -0.5 0.5 0 0 -0.5 -0.35355339059327379 -0.35355339059327379
0 0 0 0 -0.5 0.5 0 0 0.5 -0.35355339059327379 -0.35355339059327379
0 0 0 0 -0.5 0.5 0 0 -0.5 0.35355339059327379 0.35355339059327379
0 0 0 0 -0.5 0.5 0 0 0 0.5 -0.5
0 0 0 0 -0.5 0.5 0 0 0 -0.5 0.5
0 0 0 0 -0.5 -0.5 0 0 0.5 0.35355339059327379 0.35355339059327379
0 0 0 0 -0.5 -0.5 0 0 -0.5 -0.35355339059327379 -0.35355339059327379
0 0 0 0 -0.5 -0.5 0 0 0.5 -0.35355339059327379 -0.35355339059327379
0 0 0 0 -0.5 -0.5 0 0 -0.5 0.35355339059327379 0.35355339059327379
0 0 0 0 -0.5 -0.5 0 0 0 0.5 -0.5
0 0 0 0 -0.5 -0.5 0 0 0 -0.5 0.5
0 0 0 0 0 0 0.5 0.5 0.5 0.35355339059327379 0.35355339059327379
0 0 0 0 0 0 0.5 0.5 -0.5 -0.35355339059327379 -0.35355339059327379
0 0 0 0 0 0 0.5 0.5 0.5 -0.35355339059327379 -0.35355339059327379
0 0 0 0 0 0 0.5 0.5 -0.5 0.35355339059327379 0.35355339059327379
0 0 0 0 0 0 0.5 0.5 0 0.5 -0.5
0 0 0 0 0 0 0.5 0.5 0 -0.5 0.5
0 0 0 0 0 0 0.5 -0.5 0.5 0.35355339059327379 0.35355339059327379
0 0 0 0 0 0 0.5 -0.5 -0.5 -0.35355339059327379 -0.35355339059327379
0 0 0 0 0 0 0.5 -0.5 0.5 -0.35355339059327379 -0.35355339059327379
0 0 0 0 0 0 0.5 -0.5 -0.5 0.35355339059327379 0.35355339059327379
0 0 0 0 0 0 0.5 -0.5 0 0.5 -0.5
0 0 0 0 0 0 0.5 -0.5 0 -0.5 0.5
0 0 0 0 0 0 -0.5 0.5 0.5 0.35355339059327379 0.35355339059327379
0 0 0 0 0 0 -0.5 0.5 -0.5 -0.35355339059327379 -0.35355339059327379
0 0 0 0 0 0 -0.5 0.5 0.5 -0.35355339059327379 -0.35355339059327379
0 0 0 0 0 0 -0.5 0.5 -0.5 0.35355339059327379 0.35355339059327379
0 0 0 0 0 0 -0.5 0.5 0 0.5 -0.5
0 0 0 0 0 0 -0.5 0.5 0 -0.5 0.5
0 0 0 0 0 0 -0.5 -0.5 0.5 0.35355339059327379 0.35355339059327379
0 0 0 0 0 0 -0.5 -0.5 -0.5 -0.35355339059327379 -0.35355339059327379
0 0 0 0 0 0 -0.5 -0.5 0.5 -0.35355339059327379 -0.35355339059327379
0 0 0 0 0 0 -0.5 -0.5 -0.5 0.35355339059327379 0.35355339059327379
0 0 0 0 0 0 -0.5 -0.5 0 0.5 -0.5
0 0 0 0 0 0 -0.5 -0.5 0 -0.5 0.5
0 0 0 0 0 0 0 0 1 0 0
0 0 0 0 0 0 0 0 0 0.70710678118654757 0.70710678118654757
0 0 0 0 0 0 0 0 0 -0.70710678118654757 -0.70710678118654757
0 0 0 0 0 0 0 0 -1 0 0
0 0 0 0 0 0 0 0 0.5 0.85355339059327373 -0.14644660940672621
0 0 0 0 0 0 0 0 0.5 -0.14644660940672621 0.85355339059327373
0 0 0 0 0 0 0 0 -0.5 0.14644660940672621 -0.85355339059327373
0 0 0 0 0 0 0 0 -0.5 -0.85355339059327373 0.14644660940672621
0 0 0 0 0 0 0 0 0.5 0.14644660940672621 -0.85355339059327373
0 0 0 0 0 0 0 0 0.5 -0.85355339059327373 0.14644660940672621
0 0 0 0 0 0 0 0 -0.5 0.85355339059327373 -0.14644660940672621
0 0 0 0 0 0 0 0 -0.5 -0.14644660940672621 0.85355339059327373
0.46956162698304055 -0.056354082896425482 0.40465134811329467 -0.26319859487380726 0.19401465597463274 0.12334502273675675 0.41409931820492923 0.08341901586684447 0.030315478994536058 -0.059704009724769296 0.55456616014298921
0.51120747630962271 -0.043592437174335939 0.44736269295464376 0.060314140464764014 -0.013150761802720122 0.072289343055758334 0.47188312194891058 0.016813664970676542 -0.11828945432643322 0.11155365680465811 -0.52745024019518261
0.44281589211057582 0.040419846488280724 0.31074335715447243 0.077115113002529573 0.20251113220310513 -0.1613275595388825 -0.5805512822705382 -0.14817168074971421 0.082853386350236966 0.012673855111624369 0.51644443878015112
0.49317831511899723 0.021241026756153501 0.4489562915723323 -0.017124263848993477 0.087604254220513766 -0.11395792580382269 -0.4628586878053309 0.024505989764588513 0.18171486592527031 -0.077113848016831882 -0.52915263908207222
0.38302607196187965 0.10303009359519383 -0.46788166985968055 0.14077324943836908 -0.19904304614551868 0.11995788675030281 0.55290394336677862 -0.15079897951153806 0.016325193403612978 0.12923059466275741 0.45224691607771306
0.53808142375755275 0.24734639685209137 -0.4054314440529958 -0.02920204524516504 -0.080305707377871821 0.067496453502924589 0.41347211452949217 -0.018616579390951588 -0.010962891234278686 0.067684451031827561 -0.54502184525723196
0.33859557778004573 -0.31253904615493755 -0.38112635992740784 0.009475955065323928 0.19391749857755028 -0.0011500964168736879 -0.63035181096453208 0.061371871200918929 -0.0098348735389725047 -0.16105265459530249 0.42139692684381508
0.63902163204256912 0.038162932020234082 -0.40389853328680414 -0.029784130648144558 -0.074281576417273634 0.096029753369009749 -0.46001071002309007 -0.081754600237639821 -0.014445404166001157 -0.09753216534527312 -0.42827502573697224
-0.36094664551543293 -0.099354137629921971 0.66489318752355753 -0.079334985178325018 0.018230359473650641 -0.099389948909400061 0.46872687858055784 0.0056331875195595512 -0.051654723366268342 -0.083525965467436722 0.41458070255249585
-0.45749845861426547 -0.14401245912833074 0.35805883470963046 0.036795437510077814 0.083321356681865091 0.059354208490358502 0.60757349486779888 0.02923043803718238 -0.041856317222634588 0.17167195804106911 -0.47823319150657967
-0.36268730076333666 -0.10831719832065538 0.51267415980786002 -0.2232239846189385 0.10198119868699984 -0.017945906076710941 -0.58225540586237545 0.19033936388424938 0.086794251190877678 0.0051947899313575848 0.38798026439050926
-0.47247098316682434 -0.018396922937564106 0.5489427312790256 0.089564072475750073 -0.074939031065093586 -0.061653169878285313 -0.52731570011116691 -0.15142727212867094 -0.066389554439099469 -0.010370504991098262 -0.39006245604494749
-0.35574588842955324 -0.10103187221027661 -0.451910443030348 -0.055550855721871073 0.25936930223737781 -0.0060897581974672559 0.58353357790523341 -0.11700711001272684 -0.10132478761024841 0.025209077486115936 0.47277335686928507
-0.4126347540180979 -0.16900052886409897 -0.37922943620061028 -0.097330201455182314 0.18637851811823977 -0.031214216676171355 0.56959502086043445 -0.15094716262178332 0.046415048456568839 -0.096091153144644947 -0.50354797999458067
-0.4284937274613011 -0.032801141732362503 -0.40370117801583788 0.077344332554323617 0.067529769605104484 -0.0090498866784938722 -0.57208395553493552 -0.083239970784044243 -0.020250817027107012 -0.21950113290739873 0.50884031447143541
-0.56149659201241386 -0.032025684602059026 -0.41010760285400666 0.085112012225548817 0.028162211511127151 -0.12760020350187579 -0.49140233041130027 0.044113495173629738 -0.11274689961579333 0.13294950400162156 -0.46623923609260237
0.25917916285436221 0.014386048131132066 -0.14919301613774552 0.62557848218474321 0.095202914582769096 0.36134281609882934 -0.10438604914963599 0.012015357679775416 -0.028171869028941993 0.17992409953833649 0.57894113013037996
0.41195671226649977 0.061237762359773552 -0.21554055018805005 0.47477432255538043 0.091889856667612874 0.42293109039391519 -0.075324271154646349 0.060011462727620132 0.20772779344041975 0.02172809743696048 -0.56076795262990287
0.56779353593458415 -0.19004588708226583 0.050907424014569068 0.36265241225660699 0.094145293744256148 -0.507464933722232 0.13392891755559369 0.030377547776483337 -0.17469825121685267 -0.19968355966289522 0.38954842418161906
0.56201382846756731 0.013073471441738604 0.0069078197581513932 0.40453988336697316 0.075942014657596646 -0.38998514389295708 0.028852182602715944 -0.10134412091756237 0.12224956305826781 0.14028330240494954 -0.56274884612301013
0.58794723467930665 0.065674880228756699 -0.044359090723591559 -0.55184781148005857 0.059706458660183211 0.42942144938291843 -0.054142134173008796 -0.16275889108849706 0.10221342952631136 -0.053477403983149548 0.33586341828993782
0.7085048763006172 0.21500451403464996 0.096362961304474692 -0.4670031493611313 0.06561979794482839 0.19047515829460424 0.010763773964860193 -0.076769969393121626 -0.12989404163751375 -0.15992225139648766 -0.36792977318161785
0.4464906931429492 0.016756504169518453 0.088373115972321656 -0.52588433965750325 -0.12962434960846408 -0.62347957001455867 -0.035165251334364787 0.079747486121298547 -0.015675923414265443 0.067260335292674181 0.31321868434286443
0.41643611519314483 -0.086263633626567443 -0.14059857514004118 -0.25984767103966572 0.095972371038033064 -0.5550687163183996 -0.086272702959931544 -0.0064417967714307982 -0.16241134882565564 0.049085043028043784 -0.61503458151889823
-0.54113569487767055 -0.12222965036004953 -0.057231063502392543 0.33818860446579735 -0.18758903435177215 0.38172376266899005 -0.081104149330345987 -0.035171190641987683 0.0082276142608749079 0.18211149251457276 0.593831022812631
-0.46378183849015103 0.076176653976073747 -0.07229172488804865 0.58924527949960925 0.057661191945034065 0.2949635114719627 0.079268891398153893 0.085639364351383154 -0.28182187073945103 -0.078503831277229985 -0.48696516137929374
-0.70805192395723604 -0.12396963021815095 -0.11016687922254421 0.54293180802542351 0.034903574434186915 -0.17895273172664039 -0.045799497084257818 0.13396611237815984 0.0091592715057653117 0.031472336024239593 0.34931513169587086
-0.58514092166133236 -0.073860125429596413 0.073380690211822114 0.55355240273914763 0.058151545260685056 -0.35318784949870546 -0.080755482390303793 0.14771999992592699 0.12938008593041567 -0.051107925124445779 -0.40562626047235145
-0.52602839825992764 0.14949342567493437 0.041403347660588986 -0.43422698124287251 0.041458962315621878 0.46943578040889611 -0.041927319492874635 -0.12650283655592828 -0.13080056723787148 -0.17712182767983431 0.47153784151001238
-0.26028961441347481 -0.22701322111386604 0.018476633949632254 -0.50179803369801756 -0.13155616836669415 0.58402313695750374 -0.14656210851935761 0.16038613142057809 -0.079397816560405676 0.013435906707603393 -0.46528798806369676
-0.48362461390914097 -0.18846643030359264 -0.055896680841691207 -0.35812123726318196 -0.0088942016634682829 -0.41422313430870183 -0.11367573025455759 0.01506936481602212 0.07661493510771826 0.0038349207851414296 0.63915464000366673
-0.55720956087084195 -0.13264500656398809 -0.20605403766364166 -0.38400115964577997 -0.0075176199731949393 -0.40188299298013919 0.058296905898037349 0.20699982471664041 0.16127409740152063 -0.048092107371317416 -0.49585436758199447
0.56284112063897984 -0.1324654985234944 0.15548703455973359 0.12988474290472071 0.55186235639236092 -0.021533139787884327 0.032379312573704182 0.32679560470719854 0.0062107296352905449 -0.062947241924703315 0.45580264170351376
0.36427129315159568 0.028153685939551438 0.11699132081351153 -0.12991437807106601 0.50513888238903581 -0.19759045669811293 -0.2143773832966365 0.40149734494558498 0.00066756361101218196 0.043926433760478834 -0.57676168684078766
0.47308071601905993 0.014575202937686452 0.14459522732705324 -0.011961957348142633 0.54092343885541017 -0.11259600745685595 -0.021605638341278523 -0.53130955011037195 0.081018206489078939 -0.11390852498975167 0.38387440694555663
0.56137822315755259 0.21181190889027493 0.045299800038993802 0.035931802770202075 0.45222753973716862 0.12883463846038115 0.063908851120721519 -0.28804526749351045 0.039145636042647092 -0.11229292051750997 -0.56066249163143955
0.38456147571097082 -0.15129848098177445 0.15285843729358317 0.097654946865795123 -0.65382290509853824 0.21546739024772549 0.029581906239698585 0.38825225564887911 0.046717154624503258 -0.0083696920855768995 0.41053747159756176
0.27601337408064031 0.0045577358289706068 0.036243012032508917 -0.32011938939275919 -0.44829759761467153 0.076661678027347052 -0.058311814959762495 0.53109052227376041 -0.034835759569754099 -0.10390256774719064 -0.56186424671722923
0.5675536022626998 -0.14919583106246154 0.0243952037765304 0.018936493855093203 -0.50132098518079093 -0.045288845898657698 -0.14403238692544587 -0.51616550603290667 0.0015377943084804162 0.033602699946569711 0.33614330527802938
0.73887423708773425 -0.058343120901250552 0.013025161415178312 -0.023587078296481462 -0.46712243942744641 0.13309221856410464 -0.04897977948291498 -0.28972649813686563 0.11680154643660122 -0.10696581396193275 -0.32030185096676328
-0.59053024080758987 0.3354674315028367 -0.047299643545346347 -0.11534985126533087 0.27651691199732198 -0.15851674837349902 -0.071182801812927493 0.38844917736406465 -0.15062695200863341 -0.085242956918577584 0.48547815135836564
-0.35750608580923415 -0.22409522887655406 -0.072577048534778685 -0.12549970482843606 0.3488490058104588 -0.16658018860749887 -0.11916366193428732 0.64252886594783798 -0.025510670030202007 -0.070780401979383678 -0.46776548989324673
-0.35068851128046241 -0.020154640327062347 0.034680441669612386 -0.074755754167992197 0.43264592032125909 0.042138329360623984 -0.037209006300994621 -0.48608038953370264 0.13718044602447665 0.008501309138490851 0.65139286860844214
-0.55237808912636144 0.097735351213234303 -0.049761282534238671 0.029070222575402514 0.57300394583094427 -0.091600245635180308 -0.011470313483534443 -0.45905394068005373 0.01300475887886666 0.068352967350283053 -0.35996877269238103
-0.41321111620541451 0.032606799316458573 -0.0430653203561044 -0.14005173902117241 -0.60774252324608835 -0.065526469495484532 0.084639002736167424 0.47148129178986092 -0.15401808743172438 0.077650954077076118 0.41697716325849637
-0.51137045137313109 -0.023458413526675128 0.049056138015901585 -0.25018386617913674 -0.54823948066930539 0.018203991609743238 -0.037753948948965652 0.34234350008315712 -0.056134469581120144 0.14361452610678477 -0.47922117623738325
-0.45972345297410405 0.10539681795476766 -0.059923873245826022 0.05902120402619928 -0.61450438109541006 -0.081245832839780666 -0.1498684888078386 -0.43812267864769006 -0.052994527026487603 -0.073489487120512231 0.40451674206000454
-0.23749278328221535 0.074718745346286447 -0.013376797826600582 -0.069977470943987777 -0.57377948482599872 0.029393079638715038 0.029051432806717979 -0.56155147796646654 0.11699774736470686 0.07815859752174327 -0.51659497101275476
-0.068800819763133 0.46296864291544987 0.5357689047656059 -0.018022958721184527 0.31295809282753528 0.18250809121928332 0.039162410814370607 0.15609642197556919 0.15535962513058707 -0.025740211769225762 0.55821358483861805
0.07879472526445043 0.52799174501283597 0.4281397755795916 -0.066122022984680659 0.44944706925830713 -0.085734187726888511 -0.059463512094170966 -0.21715095425285266 0.0089465425563676135 -0.10983780105201459 -0.5051261928811912
-0.0051979313447632061 0.44192013230577576 0.59729848740680014 0.020159989270892468 -0.55035891879440391 0.012895767442020693 -0.058757535652576347 0.039392124376367979 -0.067614865590409606 -0.069871464178412335 0.36053911107974368
-0.095532856848012257 0.35650149098779882 0.53255504095607209 -0.0021328864008809652 -0.45153649468810619 -0.044630018342724218 -0.056589741007631103 0.088267869425782922 0.08211237791909215 0.2434931615655313 -0.54521437697875619
-0.0022280112217924926 0.63059185623623526 -0.30208692695746597 -0.054454130948190092 0.49540235049755893 -0.19251573397865746 -0.041710445045354184 -0.10123287485242027 -0.024521791118607302 -0.055170765188418402 0.45826673296547726
-0.011174515563714826 0.50541064384284751 -0.42684579073482654 -0.060929972295730037 0.3120770181023752 0.13392471573081294 0.15371223413893642 -0.049286413891657332 0.060887675060270839 -0.1655123081910819 -0.62132060269538769
-0.024984232395831019 0.52196326689091677 -0.48260735309443498 -0.07721804550799824 -0.2369029809119936 -0.17528364577797126 0.059823241341221189 0.045158782196312149 -0.019095267158065508 0.017461728036661756 0.62842867256767265
-0.12092630390174756 0.41345235236720151 -0.47269663021049058 -0.074012591663927596 -0.59114572177257474 0.17098378213673276 0.023619332118081045 -0.18865756245822615 -0.075420892168395509 0.04350526130228366 -0.40384988278676587
-0.14773129754357497 -0.43674362152980845 0.45412424771719129 0.040265261986454165 0.46783940503656574 -0.18698270172308645 0.18944110918279641 0.02165552637754109 0.18523653493437392 0.2936619900289868 0.41089813276476356
-0.1580308911678803 -0.42301710742747289 0.51053963510702005 -0.057820433406512939 0.4013501769777208 0.216185899939835 -0.056701535553721677 -0.17927080315744748 -0.057328775788600531 -0.14823162194933742 -0.5134766280513573
-0.046091293161846451 -0.57416653773442994 0.52408631990774357 -0.070718184279869756 -0.37840097646707849 0.1385914886863425 -0.039781308613669353 -0.071056749811031134 0.021904123552594724 0.097976951035257928 0.45764075412861976
0.015616117881255279 -0.46791247081879622 0.49963700690924756 0.070154445114583047 -0.54369374073334742 -0.053840588014944575 0.0048636040052435787 -0.074281650372203675 0.015188726108864558 0.05982292116813849 -0.46733572677225133
-0.080844013102878115 -0.66221924806558863 -0.32354248813270725 0.11767372439201959 0.40810411830055543 -0.11265349416093989 0.25099694938812889 0.20243465833891444 0.017168906770830477 0.15509104896036241 0.35893734906061586
0.00012633495128293017 -0.32989355391429315 -0.5803357914494045 -0.07539856822879959 0.47661505196784459 0.10897050032708855 -0.057132648663562616 0.027907251317295684 0.15414089925585422 -0.036778314241540988 -0.52962643349064176
-0.0068715029069524184 -0.51024372845682553 -0.32066231352302643 0.017916909680191644 -0.55600371821465955 0.26862061531403475 -0.055963025445220575 0.052866621428440744 0.07567021895592034 0.08776553634930577 0.48559870688241441
0.055003831800020296 -0.39701362903995535 -0.52370339166495516 -0.020608429300087432 -0.40924963791411073 -0.016662231186845101 0.012759332933009935 -0.058569259638737874 0.12406251559756153 0.14688795908982555 -0.59694318985125905
0.00096466130214527648 0.35748776061907689 -0.26958357557326357 0.47341341186276087 -0.06400713833785017 -0.038865079860021974 -0.067397650850374607 0.543427169056376 0.12819000354409854 0.02863104620260952 0.50268345334905284
-0.010912923234746996 0.41804473539674031 -0.071999650636756465 0.40779301017507769 -0.069272870413676038 0.036208023970713397 0.080305417983128444 0.4346316505160267 0.11493822767886444 0.26113033092437904 -0.60891476349362517
0.0015864758781902731 0.41713754304228212 -0.052947627955707337 0.32560638935904873 0.0060907464490427346 -0.029943207050103577 -0.073361153045410063 -0.51255356374693128 -0.068720575352881175 -0.2716299236196994 0.60797922741842569
-0.038835265711677849 0.41168185090068893 0.039211421613628075 0.44843457816630727 -0.2782055217299752 0.11349651266661737 -0.21456774458369254 -0.56115599220690193 0.015376342890082936 0.17271646825439141 -0.38091498218764042
0.020161397258529581 0.41397030608783819 -0.050589232326250254 -0.37452161100901726 0.21730155909236162 0.066145799769486924 -0.078438114787647492 0.63203993166534267 -0.045643753153481015 -0.049610304437467112 0.47289492935278432
0.066450586578988738 0.50016119458361918 0.11178912189839393 -0.32319186297416008 0.05779128885296974 -0.2626121237651885 -0.19103633882039134 0.48702232618778191 -0.0072860433078091027 0.24312478895220163 -0.47256742577893524
-0.016655360616305039 0.55774962337804801 0.11616886400210959 -0.48042860267908105 0.051643765533721478 -0.12371166327482035 -0.10293257220136598 -0.32016302670893471 -0.15357028593180103 0.10065825408739285 0.52871926413876191
0.074943886158915618 0.49454334783387466 0.054898081602637233 -0.61416332707001109 -0.097787062828661439 -0.058544104686829683 0.089067535526739933 -0.5154733380021278 -0.068629053805699933 -0.035323623600799603 -0.27750078202168937
-0.16583603039540853 -0.63530897266995379 0.072173568923618453 0.23489379244102052 0.038203945856275102 -0.052250927273605426 -0.18147521449815959 0.43113432572930599 -0.11532569699915697 0.019308631828609764 0.52136762620885091
0.1711029100108919 -0.4802785982438369 0.011555030735207406 0.4124681533153064 -0.0027160122209605657 0.12061428431372832 -0.22129218454519894 0.55455269563224086 -0.061499458575702833 0.008491040649956141 -0.44145710931756083
0.1140470478835659 -0.52669870364554583 -0.052627477554493457 0.60045538787295072 0.0015919424370192501 -0.027419191052809089 0.027506052044138366 -0.44153460027461194 0.01854746003724109 0.020845204520892582 0.38603517837751561
-0.013267392966234054 -0.62932898607798793 0.075211173843096363 0.3371304556721183 0.13531351128525185 0.31268971017697961 -0.041511695733193729 -0.29635234809525396 0.042159308789048451 -0.058182012273598011 -0.52312546161746498
0.062661180640244576 -0.30908379310444128 0.039441106362424858 -0.6332072844675487 -0.1162206247916444 -0.025421033831474808 0.1513353480257624 0.49622122052081097 0.036492435347953482 0.13498125418440893 0.44180395272450712
-0.011671234702088289 -0.56951325052748614 -0.23285373791302286 -0.48457542125411135 0.05380622598535794 0.12775053244097614 -0.1557067997942545 0.43884387051497692 0.12238444401527498 0.042310333843292615 -0.36561217490552217
-0.10232763859983003 -0.47022283272222681 -0.080151372895087752 -0.45730485693847611 -0.057510584552647057 0.063548319435525566 0.12821467630433808 -0.41396637413056564 -0.21440255359306848 0.11150137786518301 0.54709554612189648
-0.12580748753262358 -0.60941636264702548 0.001001943797591101 -0.43339847061924858 -0.05436282235438377 -0.19570476187101971 0.033963617786239887 -0.48209462107738488 0.29444553721231187 -0.1554239689909237 -0.19816591279273638
0.20497994302992364 0.52514240902820797 0.1949091604076077 0.011344596047270639 0.1148832146897155 0.40332141395212345 0.49889287864513537 -0.1192018156324971 -0.18509744529853994 -0.031916598303002398 0.41211790283758259
0.058816124893174226 0.55831717821921945 -0.017368556579738896 0.0060511380344626638 0.019295485710266364 0.25553850500904762 0.45546070024990204 0.0011654659609443613 -0.0047564194250867258 -0.11298603618444841 -0.63133017505596145
-0.024622078147535378 0.44104642601569954 0.13192687880098047 0.11129171949502566 0.14318268096346951 0.4463390314222298 -0.29619054414369911 -0.020268560627829474 0.061828957858752517 0.091677373986481861 0.67453260126424175
0.028793330389712438 0.34344705634719674 0.16349774319939972 -0.09390470351972055 -0.0072006587556133379 0.45954997829319044 -0.60218980739412553 0.1583995643520599 0.070735509194653309 -0.072630023074511857 -0.48623637006313819
-0.041573118015371613 0.4588656031187392 -0.036326187988931752 -0.073520739724753814 -0.061827491585169571 -0.44175198038992675 0.42759923858188154 -0.088174890695921257 -0.0085758794823477414 0.0425658597500237 0.62411567343333074
0.11762004296677293 0.16249188167221001 -0.070205079791241784 -0.054524508732001334 0.044010435693473605 -0.35678118368263695 0.67430013917315001 -0.31634429189802044 0.042168629669181307 0.01484433594188447 -0.51563317463010827
0.19360833378209799 0.43823464283185765 0.15716274472138744 -0.2356384881896644 0.0072410568682182153 -0.53942993973889308 -0.26816192504800268 -0.10006640808772974 -0.24134776521309942 0.097899955607054459 0.49944593653563485
0.16616614098705051 0.36749868786342216 -0.093215402984504411 0.13223562726779492 0.0090775591789849647 -0.33639461068823689 -0.59470327483302077 0.17543838738873713 -0.062574827955183987 0.087070773473048438 -0.54951512972931849
-0.15523191981146423 -0.44281403098982175 0.017464564800789544 0.15783055078593228 0.035041580972412188 0.48873145713733773 0.48306567638655612 0.3113423987863258 -0.081900335823449188 0.12564766060229915 0.40216340589969196
0.032336347840375285 -0.58445734214683787 0.14413690113732611 -0.15560105891041942 -0.16396061610349816 0.49089052942620798 0.37306546030174187 0.087205466117940333 0.11431373007301447 -0.093370480436114872 -0.41946625372135604
-0.075487483378577053 -0.48013406343451115 0.00077095331189077189 0.21395652413093119 -4.8762885734492165e-05 0.37110720806382408 -0.57971101956209548 0.13682576801274735 -0.19030376734740068 -0.053618015055158619 0.43173811245015037
-0.26107727704996786 -0.49391090595031051 0.10676962526298107 0.024538509413307128 -0.095967352995069755 0.51745694708750867 -0.38888345799150564 0.21568986186690633 -0.079088540396591897 -0.041414184839643424 -0.4395392630913611
-0.015847436653066569 -0.46624433907592422 -0.01227673430811369 -0.079402744137820794 -0.18333197038862437 -0.54021303994058967 0.31698912162308729 -0.12021115296538938 -0.062641019284136817 0.057450789350708999 0.572984734650274
-0.10798369561523265 -0.40004182288546652 0.08187922371433258 -0.0059639306922667102 -0.17113241818048594 -0.6553037200662063 0.5111037642213736 0.092791417871029486 0.026605136528623112 -0.111072379193852 -0.28279816804960634
0.12746226172154074 -0.45303735686974889 -0.026386797369507092 -0.21199295951158473 0.077723967548789005 -0.62098271765033353 -0.3755966014417102 0.075257004726335591 0.0072642947968674836 0.16618468780565071 0.40841908891796763
0.06799394118550002 -0.40933743427101354 0.026913565989702296 -0.053532245928145004 0.14527952231104566 -0.4543989550031306 -0.52858312366078331 -0.023030537039693436 0.012683504182254399 0.27197533696488868 -0.49252727652019085
-0.038376426078409617 -0.15834238042746385 0.42458391313849309 -0.27937542775706276 0.030415203690470047 0.60588579282428456 -0.1531847217827918 0.38560169245754383 -0.051276826827977205 -0.080096441634805157 0.40732193145451068
0.029549598817442138 0.012362989790740677 0.44077917510498771 0.080123315286826619 -0.07349945546125633 0.59279564934457107 -0.11258832639645638 0.50157494336968989 0.065288339404403026 -0.031327515094081992 -0.41468248513556322
-0.16017675010411359 -0.18690636477309192 0.47927158205764503 -0.092753362777149823 0.068258176325073597 0.5074336230951263 0.071326988286841281 -0.47257500058194779 0.02099230800136434 0.0074914245583229322 0.45830716174414826
-0.055491990789717713 0.22387356831108488 0.26524378137990973 -0.024475032682052797 0.10856319946095115 0.508863510024404 0.15379383362201379 -0.40793981032918447 -0.14488655393868605 -0.040596775263704137 -0.62642819994568721
0.10666653140773751 0.15801603586043197 0.41393512716474545 0.056841607139329862 -0.050277742914231274 -0.63314083390519782 -0.054509538036010982 0.28541504612403029 -0.068349655277493329 0.019101692891176587 0.54425652991568185
0.12022011384470313 -0.03607173684977677 0.41811071845984837 0.036188302524253181 0.049039587031927317 -0.67747810948681331 -0.07904292404127633 0.47157914284130675 -0.11193439664769869 0.019133420612464036 -0.32435821128185838
-0.23081135187473323 -0.028572204261544568 0.51624721020564024 -0.0048405591845881437 -0.18769989559753106 -0.45935228432963193 -0.07296486003677069 -0.40312456047388706 0.044388862915728744 -0.072011322347242335 0.50808471759175522
-0.082520829172643806 -0.083745405667028108 0.27757286352115668 -0.033312869359847952 0.081212252621071415 -0.45324991274247478 -0.010350700779667836 -0.53582668237151088 -0.066393388005052734 0.072870283884121381 -0.63170731655183598
0.24320286459976179 -0.018511038684795356 -0.25603172421635234 0.13338786494953006 -0.062689715893532505 0.59110111463330883 0.019783539867632659 0.55714203065821755 0.085362999496536612 -0.079811539525258018 0.42353188696559979
-0.054899779366923591 -0.15446901161030299 -0.47548751373345371 0.012498088906124799 0.014518164995047227 0.44496349691320963 -0.053474427221214114 0.50692774804515717 -0.22739214127253851 -0.054265774581122486 -0.48393207552986856
0.08599497868154389 0.059893436815244942 -0.38975137713568109 -0.013099417087645988 0.090866114645104135 0.33745435685737885 -0.0075916810432169668 -0.71596749546338212 0.17498978011610455 0.16125603500515648 0.3814653264141602
-0.1033423968417517 -0.23301499653671262 -0.60638127382769591 -0.0029760064685782142 -0.031942054736801791 0.26337883364445508 -0.067443262227228101 -0.51655023697576463 0.033105821164694148 0.058094646482537711 -0.47019658163728312
-0.0031842047480704428 -0.014693325790546533 -0.61439938100988567 0.0031049285063209408 -0.020273176535036234 -0.34182740208873713 -0.19017666104255809 0.45919382429413957 -0.075200324964597623 0.011751580266174398 0.50219660826882617
-0.1984472302420649 -0.17828225080594076 -0.40616825365696946 -0.15724926983732107 -0.1349750450890646 -0.45411042640524935 -0.042254818304822306 0.58862779382688202 0.019523903705578136 -0.020343172323603845 -0.40698456203568334
0.22649309117140284 -0.026358171208907294 -0.31222466240299751 0.11002434475918078 -0.0030653833797527979 -0.42516576947735629 -0.1188215524438363 -0.54379955376443767 0.015518222130198015 -0.02034296007222626 0.58919439479437286
-0.14048589286302193 -0.042024216339769341 -0.48319619874422742 -0.028168006113149846 0.1006037874870464 -0.53876168316133266 0.069960748017508609 -0.47838095294712457 -0.044841114893069939 0.084601877377154994 -0.44825144411626178
0.067733983937625822 -0.0022980232264360164 -0.038623905540262536 0.46548939660523458 0.29184054258074321 -0.11108282515783252 0.53253420492895953 0.0093554145579395846 -0.20514328971631485 0.1109830485779745 0.58450246890074697
-0.18621798246347532 -0.15234534227162352 0.050100924337308547 0.29791654960596459 0.43072377168696835 -0.022769361853209574 0.51134836805780426 -0.022972319275703292 0.035631134741734051 -0.11947438882348504 -0.62230168479230008
0.20395271865288911 -0.15960965681149969 -0.059233840114444977 0.43804070143574764 0.35839404309584305 0.11692082461388809 -0.44213350455429568 0.068290474222499009 -0.28662240430088826 0.11371072466481937 0.54790037091846489
-0.079573078559129082 0.11088168631400309 0.014914749787533294 0.46045988841231944 0.54221607639501579 2.3018491744276313e-05 -0.4869754580361193 -0.010095312187192396 -0.126747760966024 -0.082910859825794381 -0.46361959248420548
-0.10460523773959991 0.13937582256724673 0.096681258654669033 0.41247162457789466 -0.40536980905720377 -0.22955080756877763 0.44418310558605972 -0.029136868390022497 0.14354082837965546 0.083817924284643144 0.58936979892310093
0.12977925391265058 0.067789971560105536 0.13682033661781745 0.35007948832981106 -0.62818205651070158 -0.051857733077276112 0.52184042891632676 0.020187882450739845 0.086973334330747915 0.068100147784141321 -0.39377343344123883
0.08852355123750788 -0.092127501384388508 0.12097330863044276 0.36411042190862669 -0.51149639022103011 -0.17435035591521872 -0.43842780955051519 -0.19044790244810356 0.15795574592098005 -0.16598203176381182 0.51327298733962823
-0.024216004222158003 -0.11160706585255432 0.14053781524373568 0.43514888067116825 -0.32727362340248661 -0.1292257871171639 -0.59624860736431451 -0.24468234801470917 0.05804806009282526 0.10121792439431208 -0.47439244806835956
-0.031719265696259331 -0.13890993882640634 0.3230669358537987 -0.49158249722539799 0.31851807230661461 -0.052534100831942689 0.2105535796388496 0.21433743316349338 0.27066049250481994 0.19795440491586924 0.57161379666701084
-0.074211229964478126 -0.16653261266240288 0.0538344932834409 -0.56511436971357398 0.4240270608197671 -0.079475114665508134 0.43174129316017612 0.095633637241941918 0.18581312110710541 0.010726425686046013 -0.47770705208243019
-0.15264493305413065 -0.16776221989078316 -0.14607220503574009 -0.43436000739356967 0.56807042438152977 0.11952366598441803 -0.494302506716224 -0.05935535590612874 -0.16920827160117877 -0.05485571410888488 0.34937247763177537
0.27549331684235223 0.031005609631025801 -0.058875798455850094 -0.31141257594356259 0.52503490192693436 0.071846318643446608 -0.61613115071493907 0.043790815192223859 -0.058800008791138191 0.063088348691375015 -0.39102631567707918
-0.14211630142430492 -0.24635331190287471 0.14178169673431815 -0.43640906074114028 -0.35966106907032225 -0.036415954823829463 0.6126676985841143 0.19326349607321269 -0.13220706412152611 0.068196131774051386 0.37819832150899779
-0.16515899783445748 -0.034951234162551616 0.051578756979488875 -0.55292832450573215 -0.54481096130845597 0.11731060098901887 0.40871122112400221 0.034106964904750438 -0.12012195339787743 -0.071645310294686182 -0.4059058687470376
0.012451604487742371 0.0076541746490113773 0.16061135784244834 -0.4281205303564431 -0.6084958273634854 -0.10184847099320715 -0.45291253048333047 0.1256652610738227 -0.082992655045728683 -0.051931017720268605 0.42374138564748581
-0.10484360252265197 -0.12038458497755918 -0.044667634688028139 -0.41903834210862556 -0.485263074078154 -0.052248650574455865 -0.49619409608786486 -0.1813888421860077 0.11336884113008021 0.079939999588175575 -0.51025824606573889
