1 0 0 0 0 0 0 0 0 0 0
-1 0 0 0 0 0 0 0 0 0 0
0 1 0 0 0 0 0 0 0 0 0
0 -1 0 0 0 0 0 0 0 0 0
0 0 1 0 0 0 0 0 0 0 0
0 0 -1 0 0 0 0 0 0 0 0
0 0 0 1 0 0 0 0 0 0 0
0 0 0 -1 0 0 0 0 0 0 0
0 0 0 0 1 0 0 0 0 0 0
0 0 0 0 -1 0 0 0 0 0 0
0 0 0 0 0 1 0 0 0 0 0
0 0 0 0 0 -1 0 0 0 0 0
0 0 0 0 0 0 1 0 0 0 0
0 0 0 0 0 0 -1 0 0 0 0
0 0 0 0 0 0 0 1 0 0 0
0 0 0 0 0 0 0 -1 0 0 0
0.5 0.5 0.5 0.5 0 0 0 0 0 0 0
0.5 0.5 0.5 -0.5 0 0 0 0 0 0 0
0.5 0.5 -0.5 0.5 0 0 0 0 0 0 0
0.5 0.5 -0.5 -0.5 0 0 0 0 0 0 0
0.5 -0.5 0.5 0.5 0 0 0 0 0 0 0
0.5 -0.5 0.5 -0.5 0 0 0 0 0 0 0
0.5 -0.5 -0.5 0.5 0 0 0 0 0 0 0
0.5 -0.5 -0.5 -0.5 0 0 0 0 0 0 0
-0.5 0.5 0.5 0.5 0 0 0 0 0 0 0
-0.5 0.5 0.5 -0.5 0 0 0 0 0 0 0
-0.5 0.5 -0.5 0.5 0 0 0 0 0 0 0
-0.5 0.5 -0.5 -0.5 0 0 0 0 0 0 0
-0.5 -0.5 0.5 0.5 0 0 0 0 0 0 0
-0.5 -0.5 0.5 -0.5 0 0 0 0 0 0 0
-0.5 -0.5 -0.5 0.5 0 0 0 0 0 0 0
-0.5 -0.5 -0.5 -0.5 0 0 0 0 0 0 0
0.5 0.5 0 0 0.5 0.5 0 0 0 0 0
0.5 0.5 0 0 0.5 -0.5 0 0 0 0 0
0.5 0.5 0 0 -0.5 0.5 0 0 0 0 0
0.5 0.5 0 0 -0.5 -0.5 0 0 0 0 0
0.5 -0.5 0 0 0.5 0.5 0 0 0 0 0
0.5 -0.5 0 0 0.5 -0.5 0 0 0 0 0
0.5 -0.5 0 0 -0.5 0.5 0 0 0 0 0
0.5 -0.5 0 0 -0.5 -0.5 0 0 0 0 0
-0.5 0.5 0 0 0.5 0.5 0 0 0 0 0
-0.5 0.5 0 0 0.5 -0.5 0 0 0 0 0
-0.5 0.5 0 0 -0.5 0.5 0 0 0 0 0
-0.5 0.5 0 0 -0.5 -0.5 0 0 0 0 0
-0.5 -0.5 0 0 0.5 0.5 0 0 0 0 0
-0.5 -0.5 0 0 0.5 -0.5 0 0 0 0 0
-0.5 -0.5 0 0 -0.5 0.5 0 0 0 0 0
-0.5 -0.5 0 0 -0.5 -0.5 0 0 0 0 0
0.5 0.5 0 0 0 0 0.5 0.5 0 0 0
0.5 0.5 0 0 0 0 0.5 -0.5 0 0 0
0.5 0.5 0 0 0 0 -0.5 0.5 0 0 0
0.5 0.5 0 0 0 0 -0.5 -0.5 0 0 0
0.5 -0.5 0 0 0 0 0.5 0.5 0 0 0
0.5 -0.5 0 0 0 0 0.5 -0.5 0 0 0
0.5 -0.5 0 0 0 0 -0.5 0.5 0 0 0
0.5 -0.5 0 0 0 0 -0.5 -0.5 0 0 0
-0.5 0.5 0 0 0 0 0.5 0.5 0 0 0
-0.5 0.5 0 0 0 0 0.5 -0.5 0 0 0
-0.5 0.5 0 0 0 0 -0.5 0.5 0 0 0
-0.5 0.5 0 0 0 0 -0.5 -0.5 0 0 0
-0.5 -0.5 0 0 0 0 0.5 0.5 0 0 0
-0.5 -0.5 0 0 0 0 0.5 -0.5 0 0 0
-0.5 -0.5 0 0 0 0 -0.5 0.5 0 0 0
-0.5 -0.5 0 0 0 0 -0.5 -0.5 0 0 0
0 0 0.5 0.5 0.5 0.5 0 0 0 0 0
0 0 0.5 0.5 0.5 -0.5 0 0 0 0 0
0 0 0.5 0.5 -0.5 0.5 0 0 0 0 0
0 0 0.5 0.5 -0.5 -0.5 0 0 0 0 0
0 0 0.5 -0.5 0.5 0.5 0 0 0 0 0
0 0 0.5 -0.5 0.5 -0.5 0 0 0 0 0
0 0 0.5 -0.5 -0.5 0.5 0 0 0 0 0
0 0 0.5 -0.5 -0.5 -0.5 0 0 0 0 0
0 0 -0.5 0.5 0.5 0.5 0 0 0 0 0
0 0 -0.5 0.5 0.5 -0.5 0 0 0 0 0
0 0 -0.5 0.5 -0.5 0.5 0 0 0 0 0
0 0 -0.5 0.5 -0.5 -0.5 0 0 0 0 0
0 0 -0.5 -0.5 0.5 0.5 0 0 0 0 0
0 0 -0.5 -0.5 0.5 -0.5 0 0 0 0 0
0 0 -0.5 -0.5 -0.5 0.5 0 0 0 0 0
0 0 -0.5 -0.5 -0.5 -0.5 0 0 0 0 0
0 0 0.5 0.5 0 0 0.5 0.5 0 0 0
0 0 0.5 0.5 0 0 0.5 -0.5 0 0 0
0 0 0.5 0.5 0 0 -0.5 0.5 0 0 0
0 0 0.5 0.5 0 0 -0.5 -0.5 0 0 0
0 0 0.5 -0.5 0 0 0.5 0.5 0 0 0
0 0 0.5 -0.5 0 0 0.5 -0.5 0 0 0
0 0 0.5 -0.5 0 0 -0.5 0.5 0 0 0
0 0 0.5 -0.5 0 0 -0.5 -0.5 0 0 0
0 0 -0.5 0.5 0 0 0.5 0.5 0 0 0
0 0 -0.5 0.5 0 0 0.5 -0.5 0 0 0
0 0 -0.5 0.5 0 0 -0.5 0.5 0 0 0
0 0 -0.5 0.5 0 0 -0.5 -0.5 0 0 0
0 0 -0.5 -0.5 0 0 0.5 0.5 0 0 0
0 0 -0.5 -0.5 0 0 0.5 -0.5 0 0 0
0 0 -0.5 -0.5 0 0 -0.5 0.5 0 0 0
0 0 -0.5 -0.5 0 0 -0.5 -0.5 0 0 0
0 0 0 0 0.5 0.5 0.5 0.5 0 0 0
0 0 0 0 0.5 0.5 0.5 -0.5 0 0 0
0 0 0 0 0.5 0.5 -0.5 0.5 0 0 0
0 0 0 0 0.5 0.5 -0.5 -0.5 0 0 0
0 0 0 0 0.5 -0.5 0.5 0.5 0 0 0
0 0 0 0 0.5 -0.5 0.5 -0.5 0 0 0
0 0 0 0 0.5 -0.5 -0.5 0.5 0 0 0
0 0 0 0 0.5 -0.5 -0.5 -0.5 0 0 0
0 0 0 0 -0.5 0.5 0.5 0.5 0 0 0
0 0 0 0 -0.5 0.5 0.5 -0.5 0 0 0
0 0 0 0 -0.5 0.5 -0.5 0.5 0 0 0
0 0 0 0 -0.5 0.5 -0.5 -0.5 0 0 0
0 0 0 0 -0.5 -0.5 0.5 0.5 0 0 0
0 0 0 0 -0.5 -0.5 0.5 -0.5 0 0 0
0 0 0 0 -0.5 -0.5 -0.5 0.5 0 0 0
0 0 0 0 -0.5 -0.5 -0.5 -0.5 0 0 0
0.5 0 0.5 0 0.5 0 0 0 0.5 0 0
0.5 0 0.5 0 0.5 0 0 0 -0.5 0 0
0.5 0 0.5 0 -0.5 0 0 0 0.5 0 0
0.5 0 0.5 0 -0.5 0 0 0 -0.5 0 0
0.5 0 -0.5 0 0.5 0 0 0 0.5 0 0
0.5 0 -0.5 0 0.5 0 0 0 -0.5 0 0
0.5 0 -0.5 0 -0.5 0 0 0 0.5 0 0
0.5 0 -0.5 0 -0.5 0 0 0 -0.5 0 0
-0.5 0 0.5 0 0.5 0 0 0 0.5 0 0
-0.5 0 0.5 0 0.5 0 0 0 -0.5 0 0
-0.5 0 0.5 0 -0.5 0 0 0 0.5 0 0
-0.5 0 0.5 0 -0.5 0 0 0 -0.5 0 0
-0.5 0 -0.5 0 0.5 0 0 0 0.5 0 0
-0.5 0 -0.5 0 0.5 0 0 0 -0.5 0 0
-0.5 0 -0.5 0 -0.5 0 0 0 0.5 0 0
-0.5 0 -0.5 0 -0.5 0 0 0 -0.5 0 0
0.5 0 0 0.5 0 0 0.5 0 0.5 0 0
0.5 0 0 0.5 0 0 0.5 0 -0.5 0 0
0.5 0 0 0.5 0 0 -0.5 0 0.5 0 0
0.5 0 0 0.5 0 0 -0.5 0 -0.5 0 0
0.5 0 0 -0.5 0 0 0.5 0 0.5 0 0
0.5 0 0 -0.5 0 0 0.5 0 -0.5 0 0
0.5 0 0 -0.5 0 0 -0.5 0 0.5 0 0
0.5 0 0 -0.5 0 0 -0.5 0 -0.5 0 0
-0.5 0 0 0.5 0 0 0.5 0 0.5 0 0
-0.5 0 0 0.5 0 0 0.5 0 -0.5 0 0
-0.5 0 0 0.5 0 0 -0.5 0 0.5 0 0
-0.5 0 0 0.5 0 0 -0.5 0 -0.5 0 0
-0.5 0 0 -0.5 0 0 0.5 0 0.5 0 0
-0.5 0 0 -0.5 0 0 0.5 0 -0.5 0 0
-0.5 0 0 -0.5 0 0 -0.5 0 0.5 0 0
-0.5 0 0 -0.5 0 0 -0.5 0 -0.5 0 0
0.5 0 0 0 0 0.5 0 0.5 0.5 0 0
0.5 0 0 0 0 0.5 0 0.5 -0.5 0 0
0.5 0 0 0 0 0.5 0 -0.5 0.5 0 0
0.5 0 0 0 0 0.5 0 -0.5 -0.5 0 0
0.5 0 0 0 0 -0.5 0 0.5 0.5 0 0
0.5 0 0 0 0 -0.5 0 0.5 -0.5 0 0
0.5 0 0 0 0 -0.5 0 -0.5 0.5 0 0
0.5 0 0 0 0 -0.5 0 -0.5 -0.5 0 0
-0.5 0 0 0 0 0.5 0 0.5 0.5 0 0
-0.5 0 0 0 0 0.5 0 0.5 -0.5 0 0
-0.5 0 0 0 0 0.5 0 -0.5 0.5 0 0
-0.5 0 0 0 0 0.5 0 -0.5 -0.5 0 0
-0.5 0 0 0 0 -0.5 0 0.5 0.5 0 0
-0.5 0 0 0 0 -0.5 0 0.5 -0.5 0 0
-0.5 0 0 0 0 -0.5 0 -0.5 0.5 0 0
-0.5 0 0 0 0 -0.5 0 -0.5 -0.5 0 0
0 0.5 0.5 0 0 0 0 0.5 0.5 0 0
0 0.5 0.5 0 0 0 0 0.5 -0.5 0 0
0 0.5 0.5 0 0 0 0 -0.5 0.5 0 0
0 0.5 0.5 0 0 0 0 -0.5 -0.5 0 0
0 0.5 -0.5 0 0 0 0 0.5 0.5 0 0
0 0.5 -0.5 0 0 0 0 0.5 -0.5 0 0
0 0.5 -0.5 0 0 0 0 -0.5 0.5 0 0
0 0.5 -0.5 0 0 0 0 -0.5 -0.5 0 0
0 -0.5 0.5 0 0 0 0 0.5 0.5 0 0
0 -0.5 0.5 0 0 0 0 0.5 -0.5 0 0
0 -0.5 0.5 0 0 0 0 -0.5 0.5 0 0
0 -0.5 0.5 0 0 0 0 -0.5 -0.5 0 0
0 -0.5 -0.5 0 0 0 0 0.5 0.5 0 0
0 -0.5 -0.5 0 0 0 0 0.5 -0.5 0 0
0 -0.5 -0.5 0 0 0 0 -0.5 0.5 0 0
0 -0.5 -0.5 0 0 0 0 -0.5 -0.5 0 0
0 0.5 0 0.5 0 0.5 0 0 0.5 0 0
0 0.5 0 0.5 0 0.5 0 0 -0.5 0 0
0 0.5 0 0.5 0 -0.5 0 0 0.5 0 0
0 0.5 0 0.5 0 -0.5 0 0 -0.5 0 0
0 0.5 0 -0.5 0 0.5 0 0 0.5 0 0
0 0.5 0 -0.5 0 0.5 0 0 -0.5 0 0
0 0.5 0 -0.5 0 -0.5 0 0 0.5 0 0
0 0.5 0 -0.5 0 -0.5 0 0 -0.5 0 0
0 -0.5 0 0.5 0 0.5 0 0 0.5 0 0
0 -0.5 0 0.5 0 0.5 0 0 -0.5 0 0
0 -0.5 0 0.5 0 -0.5 0 0 0.5 0 0
0 -0.5 0 0.5 0 -0.5 0 0 -0.5 0 0
0 -0.5 0 -0.5 0 0.5 0 0 0.5 0 0
0 -0.5 0 -0.5 0 0.5 0 0 -0.5 0 0
0 -0.5 0 -0.5 0 -0.5 0 0 0.5 0 0
0 -0.5 0 -0.5 0 -0.5 0 0 -0.5 0 0
0 0.5 0 0 0.5 0 0.5 0 0.5 0 0
0 0.5 0 0 0.5 0 0.5 0 -0.5 0 0
0 0.5 0 0 0.5 0 -0.5 0 0.5 0 0
0 0.5 0 0 0.5 0 -0.5 0 -0.5 0 0
0 0.5 0 0 -0.5 0 0.5 0 0.5 0 0
0 0.5 0 0 -0.5 0 0.5 0 -0.5 0 0
0 0.5 0 0 -0.5 0 -0.5 0 0.5 0 0
0 0.5 0 0 -0.5 0 -0.5 0 -0.5 0 0
0 -0.5 0 0 0.5 0 0.5 0 0.5 0 0
0 -0.5 0 0 0.5 0 0.5 0 -0.5 0 0
0 -0.5 0 0 0.5 0 -0.5 0 0.5 0 0
0 -0.5 0 0 0.5 0 -0.5 0 -0.5 0 0
0 -0.5 0 0 -0.5 0 0.5 0 0.5 0 0
0 -0.5 0 0 -0.5 0 0.5 0 -0.5 0 0
0 -0.5 0 0 -0.5 0 -0.5 0 0.5 0 0
0 -0.5 0 0 -0.5 0 -0.5 0 -0.5 0 0
0 0 0.5 0 0 0.5 0.5 0 0.5 0 0
0 0 0.5 0 0 0.5 0.5 0 -0.5 0 0
0 0 0.5 0 0 0.5 -0.5 0 0.5 0 0
0 0 0.5 0 0 0.5 -0.5 0 -0.5 0 0
0 0 0.5 0 0 -0.5 0.5 0 0.5 0 0
0 0 0.5 0 0 -0.5 0.5 0 -0.5 0 0
0 0 0.5 0 0 -0.5 -0.5 0 0.5 0 0
0 0 0.5 0 0 -0.5 -0.5 0 -0.5 0 0
0 0 -0.5 0 0 0.5 0.5 0 0.5 0 0
0 0 -0.5 0 0 0.5 0.5 0 -0.5 0 0
0 0 -0.5 0 0 0.5 -0.5 0 0.5 0 0
0 0 -0.5 0 0 0.5 -0.5 0 -0.5 0 0
0 0 -0.5 0 0 -0.5 0.5 0 0.5 0 0
0 0 -0.5 0 0 -0.5 0.5 0 -0.5 0 0
0 0 -0.5 0 0 -0.5 -0.5 0 0.5 0 0
0 0 -0.5 0 0 -0.5 -0.5 0 -0.5 0 0
0 0 0 0.5 0.5 0 0 0.5 0.5 0 0
0 0 0 0.5 0.5 0 0 0.5 -0.5 0 0
0 0 0 0.5 0.5 0 0 -0.5 0.5 0 0
0 0 0 0.5 0.5 0 0 -0.5 -0.5 0 0
0 0 0 0.5 -0.5 0 0 0.5 0.5 0 0
0 0 0 0.5 -0.5 0 0 0.5 -0.5 0 0
0 0 0 0.5 -0.5 0 0 -0.5 0.5 0 0
0 0 0 0.5 -0.5 0 0 -0.5 -0.5 0 0
0 0 0 -0.5 0.5 0 0 0.5 0.5 0 0
0 0 0 -0.5 0.5 0 0 0.5 -0.5 0 0
0 0 0 -0.5 0.5 0 0 -0.5 0.5 0 0
0 0 0 -0.5 0.5 0 0 -0.5 -0.5 0 0
0 0 0 -0.5 -0.5 0 0 0.5 0.5 0 0
0 0 0 -0.5 -0.5 0 0 0.5 -0.5 0 0
0 0 0 -0.5 -0.5 0 0 -0.5 0.5 0 0
0 0 0 -0.5 -0.5 0 0 -0.5 -0.5 0 0
0.5 0 0.5 0 0 0.5 0 0 0 0.5 0
0.5 0 0.5 0 0 0.5 0 0 0 -0.5 0
0.5 0 0.5 0 0 -0.5 0 0 0 0.5 0
0.5 0 0.5 0 0 -0.5 0 0 0 -0.5 0
0.5 0 -0.5 0 0 0.5 0 0 0 0.5 0
0.5 0 -0.5 0 0 0.5 0 0 0 -0.5 0
0.5 0 -0.5 0 0 -0.5 0 0 0 0.5 0
0.5 0 -0.5 0 0 -0.5 0 0 0 -0.5 0
-0.5 0 0.5 0 0 0.5 0 0 0 0.5 0
-0.5 0 0.5 0 0 0.5 0 0 0 -0.5 0
-0.5 0 0.5 0 0 -0.5 0 0 0 0.5 0
-0.5 0 0.5 0 0 -0.5 0 0 0 -0.5 0
-0.5 0 -0.5 0 0 0.5 0 0 0 0.5 0
-0.5 0 -0.5 0 0 0.5 0 0 0 -0.5 0
-0.5 0 -0.5 0 0 -0.5 0 0 0 0.5 0
-0.5 0 -0.5 0 0 -0.5 0 0 0 -0.5 0
0.5 0 0 0.5 0 0 0 0.5 0 0.5 0
0.5 0 0 0.5 0 0 0 0.5 0 -0.5 0
0.5 0 0 0.5 0 0 0 -0.5 0 0.5 0
0.5 0 0 0.5 0 0 0 -0.5 0 -0.5 0
0.5 0 0 -0.5 0 0 0 0.5 0 0.5 0
0.5 0 0 -0.5 0 0 0 0.5 0 -0.5 0
0.5 0 0 -0.5 0 0 0 -0.5 0 0.5 0
0.5 0 0 -0.5 0 0 0 -0.5 0 -0.5 0
-0.5 0 0 0.5 0 0 0 0.5 0 0.5 0
-0.5 0 0 0.5 0 0 0 0.5 0 -0.5 0
-0.5 0 0 0.5 0 0 0 -0.5 0 0.5 0
-0.5 0 0 0.5 0 0 0 -0.5 0 -0.5 0
-0.5 0 0 -0.5 0 0 0 0.5 0 0.5 0
-0.5 0 0 -0.5 0 0 0 0.5 0 -0.5 0
-0.5 0 0 -0.5 0 0 0 -0.5 0 0.5 0
-0.5 0 0 -0.5 0 0 0 -0.5 0 -0.5 0
0.5 0 0 0 0.5 0 0.5 0 0 0.5 0
0.5 0 0 0 0.5 0 0.5 0 0 -0.5 0
0.5 0 0 0 0.5 0 -0.5 0 0 0.5 0
0.5 0 0 0 0.5 0 -0.5 0 0 -0.5 0
0.5 0 0 0 -0.5 0 0.5 0 0 0.5 0
0.5 0 0 0 -0.5 0 0.5 0 0 -0.5 0
0.5 0 0 0 -0.5 0 -0.5 0 0 0.5 0
0.5 0 0 0 -0.5 0 -0.5 0 0 -0.5 0
-0.5 0 0 0 0.5 0 0.5 0 0 0.5 0
-0.5 0 0 0 0.5 0 0.5 0 0 -0.5 0
-0.5 0 0 0 0.5 0 -0.5 0 0 0.5 0
-0.5 0 0 0 0.5 0 -0.5 0 0 -0.5 0
-0.5 0 0 0 -0.5 0 0.5 0 0 0.5 0
-0.5 0 0 0 -0.5 0 0.5 0 0 -0.5 0
-0.5 0 0 0 -0.5 0 -0.5 0 0 0.5 0
-0.5 0 0 0 -0.5 0 -0.5 0 0 -0.5 0
0 0.5 0.5 0 0 0 0.5 0 0 0.5 0
0 0.5 0.5 0 0 0 0.5 0 0 -0.5 0
0 0.5 0.5 0 0 0 -0.5 0 0 0.5 0
0 0.5 0.5 0 0 0 -0.5 0 0 -0.5 0
0 0.5 -0.5 0 0 0 0.5 0 0 0.5 0
0 0.5 -0.5 0 0 0 0.5 0 0 -0.5 0
0 0.5 -0.5 0 0 0 -0.5 0 0 0.5 0
0 0.5 -0.5 0 0 0 -0.5 0 0 -0.5 0
0 -0.5 0.5 0 0 0 0.5 0 0 0.5 0
0 -0.5 0.5 0 0 0 0.5 0 0 -0.5 0
0 -0.5 0.5 0 0 0 -0.5 0 0 0.5 0
0 -0.5 0.5 0 0 0 -0.5 0 0 -0.5 0
0 -0.5 -0.5 0 0 0 0.5 0 0 0.5 0
0 -0.5 -0.5 0 0 0 0.5 0 0 -0.5 0
0 -0.5 -0.5 0 0 0 -0.5 0 0 0.5 0
0 -0.5 -0.5 0 0 0 -0.5 0 0 -0.5 0
0 0.5 0 0.5 0.5 0 0 0 0 0.5 0
0 0.5 0 0.5 0.5 0 0 0 0 -0.5 0
0 0.5 0 0.5 -0.5 0 0 0 0 0.5 0
0 0.5 0 0.5 -0.5 0 0 0 0 -0.5 0
0 0.5 0 -0.5 0.5 0 0 0 0 0.5 0
0 0.5 0 -0.5 0.5 0 0 0 0 -0.5 0
0 0.5 0 -0.5 -0.5 0 0 0 0 0.5 0
0 0.5 0 -0.5 -0.5 0 0 0 0 -0.5 0
0 -0.5 0 0.5 0.5 0 0 0 0 0.5 0
0 -0.5 0 0.5 0.5 0 0 0 0 -0.5 0
0 -0.5 0 0.5 -0.5 0 0 0 0 0.5 0
0 -0.5 0 0.5 -0.5 0 0 0 0 -0.5 0
0 -0.5 0 -0.5 0.5 0 0 0 0 0.5 0
0 -0.5 0 -0.5 0.5 0 0 0 0 -0.5 0
0 -0.5 0 -0.5 -0.5 0 0 0 0 0.5 0
0 -0.5 0 -0.5 -0.5 0 0 0 0 -0.5 0
0 0.5 0 0 0 0.5 0 0.5 0 0.5 0
0 0.5 0 0 0 0.5 0 0.5 0 -0.5 0
0 0.5 0 0 0 0.5 0 -0.5 0 0.5 0
0 0.5 0 0 0 0.5 0 -0.5 0 -0.5 0
0 0.5 0 0 0 -0.5 0 0.5 0 0.5 0
0 0.5 0 0 0 -0.5 0 0.5 0 -0.5 0
0 0.5 0 0 0 -0.5 0 -0.5 0 0.5 0
0 0.5 0 0 0 -0.5 0 -0.5 0 -0.5 0
0 -0.5 0 0 0 0.5 0 0.5 0 0.5 0
0 -0.5 0 0 0 0.5 0 0.5 0 -0.5 0
0 -0.5 0 0 0 0.5 0 -0.5 0 0.5 0
0 -0.5 0 0 0 0.5 0 -0.5 0 -0.5 0
0 -0.5 0 0 0 -0.5 0 0.5 0 0.5 0
0 -0.5 0 0 0 -0.5 0 0.5 0 -0.5 0
0 -0.5 0 0 0 -0.5 0 -0.5 0 0.5 0
0 -0.5 0 0 0 -0.5 0 -0.5 0 -0.5 0
0 0 0.5 0 0.5 0 0 0.5 0 0.5 0
0 0 0.5 0 0.5 0 0 0.5 0 -0.5 0
0 0 0.5 0 0.5 0 0 -0.5 0 0.5 0
0 0 0.5 0 0.5 0 0 -0.5 0 -0.5 0
0 0 0.5 0 -0.5 0 0 0.5 0 0.5 0
0 0 0.5 0 -0.5 0 0 0.5 0 -0.5 0
0 0 0.5 0 -0.5 0 0 -0.5 0 0.5 0
0 0 0.5 0 -0.5 0 0 -0.5 0 -0.5 0
0 0 -0.5 0 0.5 0 0 0.5 0 0.5 0
0 0 -0.5 0 0.5 0 0 0.5 0 -0.5 0
0 0 -0.5 0 0.5 0 0 -0.5 0 0.5 0
0 0 -0.5 0 0.5 0 0 -0.5 0 -0.5 0
0 0 -0.5 0 -0.5 0 0 0.5 0 0.5 0
0 0 -0.5 0 -0.5 0 0 0.5 0 -0.5 0
0 0 -0.5 0 -0.5 0 0 -0.5 0 0.5 0
0 0 -0.5 0 -0.5 0 0 -0.5 0 -0.5 0
0 0 0 0.5 0 0.5 0.5 0 0 0.5 0
0 0 0 0.5 0 0.5 0.5 0 0 -0.5 0
0 0 0 0.5 0 0.5 -0.5 0 0 0.5 0
0 0 0 0.5 0 0.5 -0.5 0 0 -0.5 0
0 0 0 0.5 0 -0.5 0.5 0 0 0.5 0
0 0 0 0.5 0 -0.5 0.5 0 0 -0.5 0
0 0 0 0.5 0 -0.5 -0.5 0 0 0.5 0
0 0 0 0.5 0 -0.5 -0.5 0 0 -0.5 0
0 0 0 -0.5 0 0.5 0.5 0 0 0.5 0
0 0 0 -0.5 0 0.5 0.5 0 0 -0.5 0
0 0 0 -0.5 0 0.5 -0.5 0 0 0.5 0
0 0 0 -0.5 0 0.5 -0.5 0 0 -0.5 0
0 0 0 -0.5 0 -0.5 0.5 0 0 0.5 0
0 0 0 -0.5 0 -0.5 0.5 0 0 -0.5 0
0 0 0 -0.5 0 -0.5 -0.5 0 0 0.5 0
0 0 0 -0.5 0 -0.5 -0.5 0 0 -0.5 0
0.5 0.5 0 0 0 0 0 0 0.5 0.35355339059327379 0.35355339059327379
0.5 0.5 0 0 0 0 0 0 -0.5 -0.35355339059327379 -0.35355339059327379
0.5 0.5 0 0 0 0 0 0 0.5 -0.35355339059327379 -0.35355339059327379
0.5 0.5 0 0 0 0 0 0 -0.5 0.35355339059327379 0.35355339059327379
0.5 0.5 0 0 0 0 0 0 0 0.5 -0.5
0.5 0.5 0 0 0 0 0 0 0 -0.5 0.5
0.5 -0.5 0 0 0 0 0 0 0.5 0.35355339059327379 0.35355339059327379
0.5 -0.5 0 0 0 0 0 0 -0.5 -0.35355339059327379 -0.35355339059327379
0.5 -0.5 0 0 0 0 0 0 0.5 -0.35355339059327379 -0.35355339059327379
0.5 -0.5 0 0 0 0 0 0 -0.5 0.35355339059327379 0.35355339059327379
0.5 -0.5 0 0 0 0 0 0 0 0.5 -0.5
0.5 -0.5 0 0 0 0 0 0 0 -0.5 0.5
-0.5 0.5 0 0 0 0 0 0 0.5 0.35355339059327379 0.35355339059327379
-0.5 0.5 0 0 0 0 0 0 -0.5 -0.35355339059327379 -0.35355339059327379
-0.5 0.5 0 0 0 0 0 0 0.5 -0.35355339059327379 -0.35355339059327379
-0.5 0.5 0 0 0 0 0 0 -0.5 0.35355339059327379 0.35355339059327379
-0.5 0.5 0 0 0 0 0 0 0 0.5 -0.5
-0.5 0.5 0 0 0 0 0 0 0 -0.5 0.5
-0.5 -0.5 0 0 0 0 0 0 0.5 0.35355339059327379 0.35355339059327379
-0.5 -0.5 0 0 0 0 0 0 -0.5 -0.35355339059327379 -0.35355339059327379
-0.5 -0.5 0 0 0 0 0 0 0.5 -0.35355339059327379 -0.35355339059327379
-0.5 -0.5 0 0 0 0 0 0 -0.5 0.35355339059327379 0.35355339059327379
-0.5 -0.5 0 0 0 0 0 0 0 0.5 -0.5
-0.5 -0.5 0 0 0 0 0 0 0 -0.5 0.5
0 0 0.5 0.5 0 0 0 0 0.5 0.35355339059327379 0.35355339059327379
0 0 0.5 0.5 0 0 0 0 -0.5 -0.35355339059327379 -0.35355339059327379
0 0 0.5 0.5 0 0 0 0 0.5 -0.35355339059327379 -0.35355339059327379
0 0 0.5 0.5 0 0 0 0 -0.5 0.35355339059327379 0.35355339059327379
0 0 0.5 0.5 0 0 0 0 0 0.5 -0.5
0 0 0.5 0.5 0 0 0 0 0 -0.5 0.5
0 0 0.5 -0.5 0 0 0 0 0.5 0.35355339059327379 0.35355339059327379
0 0 0.5 -0.5 0 0 0 0 -0.5 -0.35355339059327379 -0.35355339059327379
0 0 0.5 -0.5 0 0 0 0 0.5 -0.35355339059327379 -0.35355339059327379
0 0 0.5 -0.5 0 0 0 0 -0.5 0.35355339059327379 0.35355339059327379
0 0 0.5 -0.5 0 0 0 0 0 0.5 -0.5
0 0 0.5 -0.5 0 0 0 0 0 -0.5 0.5
0 0 -0.5 0.5 0 0 0 0 0.5 0.35355339059327379 0.35355339059327379
0 0 -0.5 0.5 0 0 0 0 -0.5 -0.35355339059327379 -0.35355339059327379
0 0 -0.5 0.5 0 0 0 0 0.5 -0.35355339059327379 -0.35355339059327379
0 0 -0.5 0.5 0 0 0 0 -0.5 0.35355339059327379 0.35355339059327379
0 0 -0.5 0.5 0 0 0 0 0 0.5 -0.5
0 0 -0.5 0.5 0 0 0 0 0 -0.5 0.5
0 0 -0.5 -0.5 0 0 0 0 0.5 0.35355339059327379 0.35355339059327379
0 0 -0.5 -0.5 0 0 0 0 -0.5 -0.35355339059327379 -0.35355339059327379
0 0 -0.5 -0.5 0 0 0 0 0.5 -0.35355339059327379 -0.35355339059327379
0 0 -0.5 -0.5 0 0 0 0 -0.5 0.35355339059327379 0.35355339059327379
0 0 -0.5 -0.5 0 0 0 0 0 0.5 -0.5
0 0 -0.5 -0.5 0 0 0 0 0 -0.5 0.5
0 0 0 0 0.5 0.5 0 0 0.5 0.35355339059327379 0.35355339059327379
0 0 0 0 0.5 0.5 0 0 -0.5 -0.35355339059327379 -0.35355339059327379
0 0 0 0 0.5 0.5 0 0 0.5 -0.35355339059327379 -0.35355339059327379
0 0 0 0 0.5 0.5 0 0 -0.5 0.35355339059327379 0.35355339059327379
0 0 0 0 0.5 0.5 0 0 0 0.5 -0.5
0 0 0 0 0.5 0.5 0 0 0 -0.5 0.5
0 0 0 0 0.5 -0.5 0 0 0.5 0.35355339059327379 0.35355339059327379
0 0 0 0 0.5 -0.5 0 0 -0.5 -0.35355339059327379 -0.35355339059327379
0 0 0 0 0.5 -0.5 0 0 0.5 -0.35355339059327379 -0.35355339059327379
0 0 0 0 0.5 -0.5 0 0 -0.5 0.35355339059327379 0.35355339059327379
0 0 0 0 0.5 -0.5 0 0 0 0.5 -0.5
0 0 0 0 0.5 -0.5 0 0 0 -0.5 0.5
0 0 0 0 -0.5 0.5 0 0 0.5 0.35355339059327379 0.35355339059327379
0 0 0 0 -0.5 0.5 0 0 -0.5 -0.35355339059327379 -0.35355339059327379
0 0 0 0 -0.5 0.5 0 0 0.5 -0.35355339059327379 -0.35355339059327379
0 0 0 0 -0.5 0.5 0 0 -0.5 0.35355339059327379 0.35355339059327379
0 0 0 0 -0.5 0.5 0 0 0 0.5 -0.5
0 0 0 0 -0.5 0.5 0 0 0 -0.5 0.5
0 0 0 0 -0.5 -0.5 0 0 0.5 0.35355339059327379 0.35355339059327379
0 0 0 0 -0.5 -0.5 0 0 -0.5 -0.35355339059327379 -0.35355339059327379
0 0 0 0 -0.5 -0.5 0 0 0.5 -0.35355339059327379 -0.35355339059327379
0 0 0 0 -0.5 -0.5 0 0 -0.5 0.35355339059327379 0.35355339059327379
0 0 0 0 -0.5 -0.5 0 0 0 0.5 -0.5
0 0 0 0 -0.5 -0.5 0 0 0 -0.5 0.5
0 0 0 0 0 0 0.5 0.5 0.5 0.35355339059327379 0.35355339059327379
0 0 0 0 0 0 0.5 0.5 -0.5 -0.35355339059327379 -0.35355339059327379
0 0 0 0 0 0 0.5 0.5 0.5 -0.35355339059327379 -0.35355339059327379
0 0 0 0 0 0 0.5 0.5 -0.5 0.35355339059327379 0.35355339059327379
0 0 0 0 0 0 0.5 0.5 0 0.5 -0.5
0 0 0 0 0 0 0.5 0.5 0 -0.5 0.5
0 0 0 0 0 0 0.5 -0.5 0.5 0.35355339059327379 0.35355339059327379
0 0 0 0 0 0 0.5 -0.5 -0.5 -0.35355339059327379 -0.35355339059327379
0 0 0 0 0 0 0.5 -0.5 0.5 -0.35355339059327379 -0.35355339059327379
0 0 0 0 0 0 0.5 -0.5 -0.5 0.35355339059327379 0.35355339059327379
0 0 0 0 0 0 0.5 -0.5 0 0.5 -0.5
0 0 0 0 0 0 0.5 -0.5 0 -0.5 0.5
0 0 0 0 0 0 -0.5 0.5 0.5 0.35355339059327379 0.35355339059327379
0 0 0 0 0 0 -0.5 0.5 -0.5 -0.35355339059327379 -0.35355339059327379
0 0 0 0 0 0 -0.5 0.5 0.5 -0.35355339059327379 -0.35355339059327379
0 0 0 0 0 0 -0.5 0.5 -0.5 0.35355339059327379 0.35355339059327379
0 0 0 0 0 0 -0.5 0.5 0 0.5 -0.5
0 0 0 0 0 0 -0.5 0.5 0 -0.5 0.5
0 0 0 0 0 0 -0.5 -0.5 0.5 0.35355339059327379 0.35355339059327379
0 0 0 0 0 0 -0.5 -0.5 -0.5 -0.35355339059327379 -0.35355339059327379
0 0 0 0 0 0 -0.5 -0.5 0.5 -0.35355339059327379 -0.35355339059327379
0 0 0 0 0 0 -0.5 -0.5 -0.5 0.35355339059327379 0.35355339059327379
0 0 0 0 0 0 -0.5 -0.5 0 0.5 -0.5
0 0 0 0 0 0 -0.5 -0.5 0 -0.5 0.5
0 0 0 0 0 0 0 0 1 0 0
0 0 0 0 0 0 0 0 0 0.70710678118654757 0.70710678118654757
0 0 0 0 0 0 0 0 0 -0.70710678118654757 -0.70710678118654757
0 0 0 0 0 0 0 0 -1 0 0
0 0 0 0 0 0 0 0 0.5 0.85355339059327373 -0.14644660940672621
0 0 0 0 0 0 0 0 0.50000000000000011 -0.14644660940672624 0.85355339059327384
0 0 0 0 0 0 0 0 -0.50000000000000011 0.14644660940672624 -0.85355339059327384
0 0 0 0 0 0 0 0 -0.5 -0.85355339059327373 0.14644660940672621
0 0 0 0 0 0 0 0 0.50000000000000011 0.14644660940672624 -0.85355339059327384
0 0 0 0 0 0 0 0 0.5 -0.85355339059327373 0.14644660940672621
0 0 0 0 0 0 0 0 -0.5 0.85355339059327373 -0.14644660940672621
0 0 0 0 0 0 0 0 -0.50000000000000011 -0.14644660940672624 0.85355339059327384
0.49999947504287157 7.2642200982414967e-18 0.49999947504287151 -3.651760444541604e-18 1.0308866741258817e-17 -2.7570332553976654e-17 0.49999947504287151 2.8019751053325222e-17 2.9125583004143044e-17 4.0696586053362939e-06 0.50000157485151631
0.49999947504287162 1.6356193240397735e-17 0.49999947504287162 2.28878358933099e-17 -1.4734232703307288e-17 2.1699222919092049e-17 0.49999947504287162 2.786409784836696e-17 -5.4103621727242909e-17 -4.0696586053880036e-06 -0.50000157485151631
0.49999947504287162 7.4949296868858234e-18 0.49999947504287162 1.0200371201035369e-17 -2.7421239524352862e-17 2.4029571466686698e-17 -0.49999947504287162 -2.7687528107581176e-17 -2.4034229775737527e-17 4.069658605443447e-06 0.50000157485151642
0.49999947504287157 2.7626318447707428e-17 0.49999947504287162 6.2810357357309705e-18 -2.7836363143728533e-17 -7.4580978975070772e-18 -0.49999947504287162 2.7651525638359279e-17 -5.5217048804904912e-17 -4.069658605360243e-06 -0.50000157485151631
0.49999947504287157 2.7924033376796741e-17 -0.49999947504287157 1.6663132005489802e-17 2.4003784263406927e-17 2.7822568063191708e-17 0.49999947504287157 2.7598323832990957e-17 5.3421958537879955e-17 4.0696586053326966e-06 0.50000157485151631
0.49999947504287162 1.0274121833944081e-17 -0.49999947504287162 1.2359708094310231e-17 1.5295875457416688e-17 -2.7639874225208884e-17 0.49999947504287162 -2.753346395059107e-17 -5.3115315149285961e-17 -4.069658605443314e-06 -0.50000157485151642
0.49999947504287157 2.108201790175264e-17 -0.49999947504287157 2.7819600240500535e-17 2.2557649888435937e-18 2.7825697423805532e-17 -0.49999947504287157 2.7622997464368079e-17 -5.4511409487986818e-17 4.0696586053330939e-06 0.50000157485151631
0.49999947504287162 2.7654176310719835e-17 -0.49999947504287162 -2.2712006951624715e-17 -4.6311864822328827e-18 -2.7827046538995953e-17 -0.49999947504287162 -2.7916788610631967e-17 -5.5025828505159044e-17 -4.0696586054432327e-06 -0.50000157485151642
-0.49999947504287162 2.1893359044033708e-17 0.49999947504287157 2.7582926619223296e-17 2.6953471304251902e-17 -5.1420778494370536e-17 0.49999947504287157 -2.7725487961274598e-17 -4.4040325112153563e-17 4.0696586053378728e-06 0.50000157485151631
-0.49999947504287157 2.7816006631917885e-17 0.49999947504287157 5.6186029713323575e-18 -3.1978692419237695e-17 1.0688595959618907e-17 0.49999947504287157 -2.7707919237339165e-17 -5.0624199633712985e-17 -4.0696586053322053e-06 -0.50000157485151631
-0.49999947504287162 2.1273485467506074e-17 0.49999947504287162 2.7704114004937791e-17 -2.7334310281744679e-17 -2.7670875867130058e-17 -0.49999947504287162 7.7244093368483001e-18 -1.8989823074410997e-17 4.0696586054433538e-06 0.50000157485151642
-0.49999947504287157 5.5311391061819149e-17 0.49999947504287157 -1.6961870421561353e-17 -2.8316849644211305e-17 -1.7268944570216232e-17 -0.49999947504287157 -2.7557499434848003e-17 -5.333491474381464e-17 -4.0696586053327279e-06 -0.50000157485151631
-0.49999947504287157 2.7673706200520308e-17 -0.49999947504287157 2.7251770586927376e-17 -2.7560465352143377e-17 -2.7286337018869369e-17 0.49999947504287162 -2.7505537575409064e-17 -5.2423045354671373e-17 4.0696586053328872e-06 0.50000157485151631
-0.49999947504287157 3.6171737233498442e-17 -0.49999947504287157 5.8739698757309231e-18 2.7806155717144634e-17 -1.6625065296060715e-17 0.49999947504287157 -2.7579365827506246e-17 -5.5053501675602236e-17 -4.069658605333038e-06 -0.50000157485151631
-0.49999947504287162 2.7524651527929849e-17 -0.49999947504287162 2.7833439068259126e-17 -2.7460409107963139e-17 2.7446381811464316e-17 -0.49999947504287157 -2.7782125153247569e-17 4.753280545538725e-17 4.0696586053603497e-06 0.50000157485151631
-0.49999947504287162 3.9834593277250725e-17 -0.49999947504287157 -1.5704076698272743e-17 -4.0687678083856388e-18 -2.7887743238258765e-17 -0.49999947504287157 -2.7683648223643066e-17 5.5351148364128625e-17 -4.0696586053329439e-06 -0.50000157485151631
0.49999947504287162 2.7458845065548639e-17 -2.7982468475028683e-17 0.49999947504287162 2.7484466574371856e-17 0.49999947504287162 2.7856189163858741e-17 2.7549411587276091e-17 -3.4289998886891321e-17 4.0696586053879901e-06 0.50000157485151631
0.49999947504287151 2.6942656125962389e-17 3.3554631097050892e-17 0.49999947504287162 1.3243037952181581e-18 0.49999947504287162 2.7742798795010185e-17 -1.8553464298553008e-17 5.2412231477182175e-17 -4.0696586053568252e-06 -0.50000157485151631
0.49999947504287162 2.7830647200339082e-17 -2.0590307688716837e-18 0.49999947504287157 2.8058907918603745e-17 -0.49999947504287157 2.7799695025363193e-17 -2.4906586869960389e-17 3.6437239649476557e-17 4.0696586053325086e-06 0.50000157485151631
0.49999947504287162 2.7454050923891369e-17 2.7928029100794336e-17 0.49999947504287162 2.7322337643441673e-17 -0.49999947504287162 2.7542171518426354e-17 -2.7927078159494374e-17 9.900840290814626e-18 -4.0696586053880621e-06 -0.50000157485151631
0.49999947504287162 2.7627616334467269e-17 -2.8011328959885466e-17 -0.49999947504287157 2.5131841040307549e-18 0.49999947504287157 -8.6945372059793876e-18 2.7573917420564826e-17 -3.0802426859069623e-17 4.0696586053506088e-06 0.50000157485151631
0.49999947504287162 2.7331846672401315e-17 2.8139381492066332e-17 -0.49999947504287162 2.352376947627763e-17 0.49999947504287162 2.7836687389698323e-17 -2.7753078609591804e-17 -4.1539066041246057e-17 -4.069658605387841e-06 -0.50000157485151631
0.49999947504287162 9.5112893065244005e-18 7.6922560078787516e-18 -0.49999947504287162 9.9124037979273974e-18 -0.49999947504287157 2.3500765535382949e-17 -6.4408337770009821e-18 1.1745087962302858e-17 4.0696586053602396e-06 0.50000157485151631
0.49999947504287157 2.7734741602232717e-17 2.8001103248146935e-17 -0.49999947504287157 -2.7681939014093704e-17 -0.49999947504287157 -2.7602952364427739e-17 -1.7231713483442382e-17 4.0956623175672815e-17 -4.0696586053325221e-06 -0.50000157485151631
-0.49999947504287157 2.771457085817931e-17 -2.8212710049823573e-17 0.49999947504287157 -2.7706076463537152e-17 0.49999947504287157 2.7689645036377441e-17 -9.5803498518143109e-18 3.6711464030188132e-17 4.0696586053324306e-06 0.50000157485151631
-0.49999947504287162 2.765922555235048e-17 2.7611073043849695e-17 0.49999947504287162 -2.753549038892553e-17 0.49999947504287157 2.759117829277465e-17 -2.7760800167814847e-17 -2.1018503022249775e-17 -4.0696586053602599e-06 -0.50000157485151631
-0.49999947504287151 2.7877411045900447e-17 2.7135680294305697e-17 0.49999947504287157 -2.7594306724098776e-17 -0.49999947504287157 2.7686065366062672e-17 2.7930910909651633e-17 -5.2382519673859642e-17 4.0696586053328592e-06 0.50000157485151631
-0.49999947504287157 2.7872823850526277e-17 -4.2734991430422793e-19 0.49999947504287157 -2.7801796991623354e-17 -0.49999947504287157 2.7679896129548312e-17 -2.7915510754400725e-17 2.7522367653571392e-17 -4.0696586053327864e-06 -0.50000157485151631
-0.49999947504287162 2.7625494001566747e-17 -2.7434490867674632e-17 -0.49999947504287162 -2.7654896539054672e-17 0.49999947504287162 2.7769865609528945e-17 -2.7069924474493679e-17 5.2716712090304457e-17 4.0696586054432869e-06 0.50000157485151642
-0.49999947504287162 2.7860083171789801e-17 2.7672576240057431e-17 -0.49999947504287157 -2.7738545526196603e-17 0.49999947504287157 2.7778899048297687e-17 -2.7766469567751944e-17 -3.1990711914931163e-17 -4.069658605341576e-06 -0.50000157485151631
-0.49999947504287151 1.9024816281012967e-17 -6.355306692375719e-18 -0.49999947504287157 -2.7719084163013321e-17 -0.49999947504287157 -2.7247175717171413e-17 -2.7519900084941144e-17 -5.497100904839688e-17 4.0696586053322739e-06 0.50000157485151631
-0.49999947504287157 2.7737347401947294e-17 -4.5998978629970281e-18 -0.49999947504287157 -2.7840054156231173e-17 -0.49999947504287157 2.7855719764667975e-17 -2.7972501560707056e-17 5.2577640597930677e-17 -4.069658605333043e-06 -0.50000157485151631
0.49999947504287162 2.7913743228669781e-17 -2.7176484985591508e-17 -8.4520165834570108e-18 0.49999947504287157 -2.7600178748824002e-19 2.7579445180769409e-17 0.49999947504287151 -4.9311546537496196e-17 4.0696586053325509e-06 0.50000157485151631
0.49999947504287157 3.758016941616061e-17 2.766137490175858e-17 3.1064099573326502e-19 0.49999947504287157 1.7181399324231603e-18 -2.7481477418026466e-17 0.49999947504287157 5.2064677282067719e-17 -4.0696586053326805e-06 -0.50000157485151631
0.49999947504287157 2.7577141399909197e-17 -1.7057011403882017e-17 2.7845217009682534e-17 0.49999947504287162 -2.2145064279390873e-17 2.758378616204973e-17 -0.49999947504287157 -5.3241196161288842e-17 4.0696586053384564e-06 0.50000157485151631
0.49999947504287157 2.7810279435373739e-17 2.8023271638053788e-17 2.0592163491458648e-17 0.49999947504287157 -1.5395554634485216e-17 -2.3533263494995586e-17 -0.49999947504287151 -1.3610299865502537e-17 -4.0696586053327118e-06 -0.50000157485151631
0.49999947504287157 8.8807049155632021e-18 -3.3499183787271929e-17 -4.1314655393854082e-18 -0.49999947504287157 1.1022669395471081e-17 -2.7411911787909592e-17 0.49999947504287157 -5.2233121713052026e-17 4.0696586053329253e-06 0.50000157485151631
0.49999947504287162 2.3897286079446472e-17 2.7912211820941996e-17 1.3248573926706737e-17 -0.49999947504287162 -2.4757939359795143e-17 -2.7465230066472284e-17 0.49999947504287162 2.8745369448652079e-17 -4.0696586053880892e-06 -0.50000157485151631
0.49999947504287162 2.7721802380643459e-17 -2.777573171937152e-17 1.2105521300927114e-17 -0.49999947504287162 -2.7309722813008616e-17 -2.7760006352387371e-17 -0.49999947504287162 -4.9524812993988727e-17 4.0696586054433962e-06 0.50000157485151642
0.49999947504287162 1.5320148246174609e-17 4.2513379122401489e-17 5.0904837322169611e-20 -0.49999947504287157 -2.7849799734815117e-17 -2.7844752436129311e-17 -0.49999947504287162 4.4943950791548148e-17 -4.069658605360176e-06 -0.50000157485151631
-0.49999947504287162 1.7849117665938677e-17 -2.7675465966202735e-17 -1.8432012376234799e-19 0.49999947504287162 -2.7335173462739374e-17 2.7690453491908995e-17 0.49999947504287162 -4.2560743821573409e-17 4.0696586054434639e-06 0.50000157485151642
-0.49999947504287162 2.7459648378003807e-17 2.7263876696702727e-17 -6.2376948248953104e-18 0.49999947504287162 -2.7530286285203739e-17 -1.2177535058707264e-17 0.49999947504287162 -5.3028600861106335e-17 -4.0696586054432149e-06 -0.50000157485151642
-0.49999947504287157 5.2254180185590052e-17 -2.4896297231848995e-17 3.0130297598894072e-17 0.49999947504287157 -2.7989068672162424e-17 2.7657421837201854e-17 -0.49999947504287157 3.0025784484940517e-17 4.0696586053330176e-06 0.50000157485151631
-0.49999947504287162 2.7704747330443276e-17 2.7644447006385414e-17 1.2402164220169731e-17 0.49999947504287162 -2.759619410447767e-17 1.6082921925679129e-17 -0.49999947504287162 3.0945179266293237e-17 -4.0696586053877978e-06 -0.50000157485151631
-0.49999947504287151 7.6837039359910935e-19 -2.134075135994836e-17 2.4490920825222798e-18 -0.49999947504287157 -2.7345247336777319e-17 -2.7346667149881179e-17 0.49999947504287151 5.5365359711629429e-17 4.0696586053328813e-06 0.50000157485151631
-0.49999947504287162 1.9736168328033841e-17 2.6740779159464708e-17 5.0950856487407961e-18 -0.49999947504287157 -2.7749381359154802e-17 -9.9424350360823574e-19 0.49999947504287157 -5.4062542343460287e-17 -4.0696586053350674e-06 -0.50000157485151631
-0.49999947504287157 3.5028114032782402e-17 -2.7878806366636846e-17 1.7532420294690517e-20 -0.49999947504287157 -2.7842694012126062e-17 -1.9948208436632356e-17 -0.49999947504287157 5.1079056859004803e-17 4.0696586053325687e-06 0.50000157485151631
-0.49999947504287157 2.7716402152688269e-17 4.1191440115232582e-17 1.0232419747911839e-17 -0.49999947504287157 -2.786025381442515e-17 -1.0071029342287967e-17 -0.49999947504287157 4.6048733493609239e-17 -4.0696586053327262e-06 -0.50000157485151631
2.7439527877552703e-17 0.49999947504287162 0.49999947504287162 2.7328885986429852e-17 0.49999947504287162 -2.7955395941963004e-17 2.776735662888227e-17 -2.7578938533231753e-17 -7.9061760462223477e-18 4.069658605387968e-06 0.50000157485151631
1.7219687258912552e-17 0.49999947504287157 0.49999947504287157 1.6206544513649227e-17 0.49999947504287151 -2.7802215717820978e-17 2.7948027406293796e-17 2.1445059295802083e-17 -4.83525223328599e-17 -4.0696586053878732e-06 -0.50000157485151642
2.7601049867805373e-18 0.49999947504287157 0.49999947504287151 2.7614426538927093e-17 -0.49999947504287157 -2.77863059215845e-17 -2.7778767501116545e-17 2.7733923739661924e-17 5.4333667147981562e-17 4.0696586053324696e-06 0.50000157485151631
-9.6383937836085074e-18 0.49999947504287151 0.49999947504287157 1.3227707793513552e-17 -0.49999947504287151 -2.5129964858772221e-17 -2.5315268989919224e-17 -1.5902512571040414e-17 -5.0697090324651931e-17 -4.0696586053327754e-06 -0.50000157485151631
1.8505756578777847e-17 0.49999947504287157 -0.49999947504287157 2.7669031377115783e-17 0.49999947504287157 2.7726746358294116e-17 4.7904076515773778e-18 -2.7662457089028928e-17 5.4450641078405858e-17 4.0696586053327135e-06 0.50000157485151631
-2.7460608069505014e-17 0.49999947504287157 -0.49999947504287157 6.7588948142198969e-18 0.49999947504287151 -2.8012960872024096e-17 -2.2655679621141692e-17 -2.7566331778469394e-17 -5.5005063316039555e-17 -4.0696586053326797e-06 -0.50000157485151631
-2.7420175985225474e-17 0.49999947504287157 -0.49999947504287151 1.7685911779094673e-17 -0.49999947504287157 2.7664183656185716e-17 -2.7199598034410315e-17 2.7295447061299389e-17 2.7570343486815449e-17 4.0696586053321409e-06 0.50000157485151631
-2.7691568575393248e-17 0.49999947504287162 -0.49999947504287157 7.5174831774665674e-18 -0.49999947504287162 -2.7985557469785923e-17 2.7423847331945397e-17 -1.2107708268003436e-17 5.1489183798965415e-17 -4.0696586053602311e-06 -0.50000157485151631
-4.4692475367645281e-18 -0.49999947504287157 0.49999947504287151 7.0677651683240065e-18 0.49999947504287157 4.0672046745037162e-18 2.7871362471220479e-17 2.7648809674095754e-17 -2.5687882915594232e-17 4.0696586053327161e-06 0.50000157485151631
1.7586928178062295e-17 -0.49999947504287162 0.49999947504287162 1.3743743650818421e-17 0.49999947504287157 2.7807065256437788e-17 2.7633521001271518e-17 -2.7705779918124071e-17 -5.3152625308498337e-17 -4.0696586053601735e-06 -0.50000157485151631
-4.460133297088888e-18 -0.49999947504287162 0.49999947504287162 -1.7810342439992756e-17 -0.49999947504287162 -2.7964509837856153e-17 2.769150614239344e-17 2.7817104035669336e-17 2.360364281489429e-17 4.0696586054431675e-06 0.50000157485151642
-2.7781520029560438e-17 -0.49999947504287157 0.49999947504287157 1.7358013126721557e-17 -0.49999947504287157 2.7592881537854738e-17 2.7825609008697322e-17 -1.0024159472666358e-17 3.8612900232367234e-17 -4.0696586053324188e-06 -0.50000157485151631
-1.0258957005584004e-17 -0.49999947504287162 -0.49999947504287162 2.2216838636961664e-17 0.49999947504287162 2.7894147452331441e-17 2.7837728516959422e-17 -2.7494898671954253e-17 5.18963841803134e-17 4.0696586054430514e-06 0.50000157485151642
-7.2022204395733888e-18 -0.49999947504287162 -0.49999947504287162 2.7158637824967123e-17 0.49999947504287162 -2.7762714723615006e-17 2.7795318881533153e-17 -2.7743551495527392e-17 5.3261064010031211e-17 -4.0696586054430836e-06 -0.50000157485151642
-1.7338144841803144e-17 -0.49999947504287157 -0.49999947504287162 -2.7794212128453944e-17 -0.49999947504287162 2.7729406312609836e-17 -2.7320804068984991e-17 2.7786103407493016e-17 5.0515844689470515e-17 4.0696586053601396e-06 0.50000157485151631
-2.2601071077570005e-17 -0.49999947504287162 -0.49999947504287162 1.8259073416259699e-17 -0.49999947504287162 -2.7846288333084739e-17 -2.760170704594143e-17 -2.7630620598362935e-17 3.6007553278426588e-17 -4.0696586054433132e-06 -0.50000157485151642
2.7826799644020641e-17 0.49999947504287157 -2.0593505363566787e-17 0.49999947504287157 -6.9592265648199927e-18 -2.7692161827929658e-17 -2.760753813965453e-17 0.49999947504287157 3.1562248287796563e-17 4.0696586053331235e-06 0.50000157485151631
1.0690215195319705e-17 0.49999947504287162 2.7531471333805644e-17 0.49999947504287162 -2.7881166693880478e-17 -7.0678701198811379e-18 -2.7368227074995172e-17 0.49999947504287157 5.300268108472878e-17 -4.0696586053600803e-06 -0.50000157485151631
-2.8876759153828052e-17 0.49999947504287157 -2.7593794572429402e-17 0.49999947504287157 2.8270728927898457e-17 -2.1431903216639429e-17 1.9782697677638702e-17 -0.49999947504287157 -5.2760768312676132e-17 4.0696586053328203e-06 0.50000157485151631
-4.5257185656074891e-18 0.49999947504287157 2.6742401905576665e-17 0.49999947504287157 -2.7806943790647837e-17 -3.5832139814655033e-17 3.0741488996936535e-18 -0.49999947504287157 4.6212178596999231e-17 -4.0696586053327279e-06 -0.50000157485151631
2.7913144909748187e-17 0.49999947504287162 8.1908213696146805e-18 -0.49999947504287157 -2.7959893012247109e-17 -2.763184381870723e-17 -2.7577951810938423e-17 0.49999947504287157 5.102263521834613e-17 4.0696586053448312e-06 0.50000157485151631
2.3422721559329679e-17 0.49999947504287157 2.3101954536801517e-17 -0.49999947504287157 -2.7712854445547423e-17 -2.7764942806163947e-17 2.7605620444884505e-17 0.49999947504287157 8.9449283822875886e-18 -4.0696586053328372e-06 -0.50000157485151631
-1.0425101964790715e-17 0.49999947504287157 -1.3980289554709353e-17 -0.49999947504287151 -2.7627133019977173e-17 -2.7689956398375681e-17 -2.7641316161849701e-17 -0.49999947504287157 5.1256071180364504e-17 4.069658605332711e-06 0.50000157485151631
9.472100219723866e-18 0.49999947504287162 1.7018431634737438e-17 -0.49999947504287157 -2.7767328130832098e-17 -2.7727199625408883e-17 1.1573426952592981e-17 -0.49999947504287157 5.5057135517818226e-17 -4.0696586053406494e-06 -0.50000157485151631
9.2739129353814753e-18 -0.49999947504287157 -2.7695372364959851e-17 0.49999947504287157 9.914433197108879e-18 2.7611749287966686e-17 2.1250042057132784e-17 0.49999947504287157 2.6829476706857224e-17 4.069658605332722e-06 0.50000157485151631
-1.0339944130277083e-17 -0.49999947504287157 2.8117783271724529e-17 0.49999947504287157 5.1094743857574439e-18 2.5506425397691256e-17 2.7624499496934997e-17 0.49999947504287157 -5.3637712339921325e-17 -4.0696586053329338e-06 -0.50000157485151631
-1.083280399435261e-17 -0.49999947504287162 -1.1357770608715804e-17 0.49999947504287162 -6.46409983095721e-18 -2.7437696137735991e-17 2.6892878603748692e-17 -0.49999947504287162 9.2397285687225031e-18 4.069658605443558e-06 0.50000157485151642
1.0400051366410712e-17 -0.49999947504287157 2.795918611082288e-17 0.49999947504287157 -2.0786675997677975e-17 2.1579310160161781e-17 2.7899838953444158e-17 -0.49999947504287157 -2.7647057006256209e-17 -4.0696586053330024e-06 -0.50000157485151631
2.7827065267652542e-17 -0.49999947504287162 2.2805664450997549e-17 -0.49999947504287162 -2.7985408806327399e-17 1.2506443042075525e-17 -2.7340106999874534e-17 0.49999947504287162 -5.3148502135217014e-17 4.0696586053879604e-06 0.50000157485151631
-1.0351549071771252e-17 -0.49999947504287157 2.7688215423262349e-17 -0.49999947504287157 -2.5033339084712523e-17 2.7543728528121827e-17 2.7594402509958547e-17 0.49999947504287157 5.2335554874111823e-17 -4.0696586053332692e-06 -0.50000157485151631
-9.9481545625637332e-18 -0.49999947504287157 -2.777755376285542e-17 -0.49999947504287157 -2.7919830407379684e-17 -1.4234468257830681e-17 -8.0815909132101626e-18 -0.49999947504287162 5.6178352929033031e-18 4.0696586053328203e-06 0.50000157485151631
9.795099873921974e-18 -0.49999947504287162 2.7518859777221628e-17 -0.49999947504287162 -2.7652043655995192e-17 5.0324513070045398e-20 2.7678255576189149e-17 -0.49999947504287162 -5.4082668311751093e-17 -4.0696586053878867e-06 -0.50000157485151631
2.3394143373709342e-17 0.49999947504287157 -2.0389493230410847e-17 2.1501068642674315e-17 2.0741468336615968e-17 0.49999947504287151 0.49999947504287157 -1.7821930643514685e-17 -4.9047088250132288e-17 4.0696586053330329e-06 0.50000157485151631
-2.7162475012802792e-17 0.49999947504287162 2.7388344427715903e-17 1.1655076009857928e-17 -4.3054310666527412e-18 0.49999947504287162 0.49999947504287162 8.0688645429668991e-18 -5.0819059748521931e-17 -4.0696586053878952e-06 -0.50000157485151631
-3.808704255411989e-18 0.49999947504287162 -4.5289077264740322e-17 4.8726284432697486e-17 -2.756028171313413e-17 0.49999947504287157 -0.49999947504287157 1.0114509093012941e-17 -4.715341008063239e-17 4.0696586053599101e-06 0.50000157485151631
-2.7278647237884463e-17 0.49999947504287162 2.7596639814211019e-17 -7.5026124455295754e-19 -2.7735207568007244e-17 0.49999947504287162 -0.49999947504287162 -2.7617474731874105e-17 -4.9336400042128512e-17 -4.069658605387885e-06 -0.50000157485151631
1.6631020944620484e-18 0.49999947504287157 1.9857018738810065e-17 6.1920556922514844e-17 6.2639928096024335e-18 -0.49999947504287157 0.49999947504287157 -2.7787378460345598e-17 -5.2218117551258013e-17 4.0696586053328863e-06 0.50000157485151631
-2.7554573695742151e-17 0.49999947504287157 2.7646357639118227e-17 -2.7657879233990292e-17 -2.7640157552510539e-17 -0.49999947504287151 0.49999947504287157 5.7911407188939577e-18 -2.1069366418895988e-17 -4.0696586053328372e-06 -0.50000157485151631
2.7727767877519479e-17 0.49999947504287162 -2.8731222676239731e-17 2.755373866509051e-17 3.700401101943824e-18 -0.49999947504287157 -0.49999947504287157 -2.8081888930404906e-17 -3.333170118453944e-17 4.0696586053600956e-06 0.50000157485151631
-2.7997584469147045e-17 0.49999947504287162 2.769837405262983e-17 1.6126838912257205e-17 -2.7832393355676217e-17 -0.49999947504287162 -0.49999947504287157 1.0534241804720734e-17 -4.9943149678145765e-17 -4.0696586053603175e-06 -0.50000157485151631
8.748140575622197e-18 -0.49999947504287157 8.6108134982421768e-18 -1.8972895811810058e-17 -2.8175362559157444e-18 0.49999947504287157 0.49999947504287157 2.7952903010621262e-17 -5.0791183755258459e-17 4.0696586053326517e-06 0.50000157485151631
-2.7778498720937776e-17 -0.49999947504287157 2.7384324642894469e-17 7.8169671751937243e-18 -1.0287199294336297e-17 0.49999947504287157 0.49999947504287151 8.5673173828845612e-18 5.2577759206121291e-17 -4.0696586053325221e-06 -0.50000157485151631
-6.3742004418521029e-18 -0.49999947504287157 -2.812108112065095e-17 -3.70751789801397e-18 -2.7342456718443887e-17 0.49999947504287157 -0.49999947504287157 2.7560079280747133e-17 5.2421210357586717e-17 4.0696586053327245e-06 0.50000157485151631
-2.7889887366457821e-17 -0.49999947504287162 2.7634814257440621e-17 1.5415914827499606e-17 -2.7145230218928022e-17 0.49999947504287162 -0.49999947504287162 4.3490131311001293e-18 -3.0616402606637234e-18 -4.069658605443026e-06 -0.50000157485151642
2.7775617285983391e-17 -0.49999947504287151 -1.0147161126554824e-17 -1.3834112379196595e-18 -2.0876349369725803e-17 -0.49999947504287157 0.49999947504287151 1.7337994979502564e-17 -4.9552095583905768e-17 4.0696586053331786e-06 0.50000157485151631
-2.759513790391866e-17 -0.49999947504287157 2.5885128908394788e-17 2.3282154118684908e-17 4.565900596805711e-18 -0.49999947504287157 0.49999947504287162 2.7802313376708622e-17 5.2348844185761175e-17 -4.0696586053881324e-06 -0.50000157485151642
2.7556003714770046e-19 -0.49999947504287162 -2.7571785335166694e-17 1.0612366678235396e-17 -2.4123156917449403e-17 -0.49999947504287162 -0.49999947504287162 -2.5913178342901528e-17 -5.2973554022503885e-17 4.0696586054435402e-06 0.50000157485151642
-2.2539134715760126e-17 -0.49999947504287162 2.7502620740691724e-17 -1.2219769592969985e-17 -2.7646097964841829e-17 -0.49999947504287162 -0.49999947504287162 -2.7667845898274062e-17 4.7843584319524238e-17 -4.0696586054431726e-06 -0.50000157485151642
2.6889561032302876e-18 2.775580130934206e-17 0.49999947504287162 1.2759387000265742e-17 -2.5838298609163888e-18 0.49999947504287162 2.8017316015314022e-17 0.49999947504287162 -4.9690063212086023e-17 4.0696586054430464e-06 0.50000157485151642
7.0919133037091988e-18 9.9169828027451977e-18 0.49999947504287162 -2.7121226988377135e-18 -2.8152923590109564e-17 0.49999947504287162 2.7963399329447468e-17 0.49999947504287162 2.7288104662042332e-17 -4.0696586053879824e-06 -0.50000157485151631
-6.5398053359094453e-18 2.7541364660139448e-17 0.49999947504287162 3.5443304324904303e-18 2.7611344573692709e-17 0.49999947504287162 2.7405361807499066e-17 -0.49999947504287162 2.3761832993955545e-17 4.0696586054433657e-06 0.50000157485151642
-2.1684418241648924e-18 1.808089475522004e-17 0.49999947504287162 1.0648774017187427e-17 -2.7895997982890807e-17 0.49999947504287157 2.752730081321481e-17 -0.49999947504287157 5.5401652154573275e-17 -4.0696586053395e-06 -0.50000157485151631
2.7732334061578535e-17 2.782489513564538e-17 0.49999947504287162 -4.0156476687061764e-18 -2.7574684407540575e-17 -0.49999947504287162 2.8025080011332093e-17 0.49999947504287162 -5.2589552539804832e-17 4.0696586053881053e-06 0.50000157485151631
1.3599815589420584e-17 4.3285225239558907e-17 0.49999947504287157 -1.0396483021038626e-18 -2.7858633783940344e-17 -0.49999947504287157 2.7682418448376703e-17 0.49999947504287157 -5.2272147893814862e-17 -4.0696586053330354e-06 -0.50000157485151631
9.7345809471503829e-18 1.7808903803437182e-17 0.49999947504287157 -2.7756157713348543e-17 2.7589290289629561e-17 -0.49999947504287157 2.8016191566375894e-17 -0.49999947504287157 -3.3498093818656765e-17 4.0696586053329626e-06 0.50000157485151631
-2.1559962110648807e-17 4.3229482255350022e-17 0.49999947504287157 9.3637092013546452e-18 -2.790474177755164e-17 -0.49999947504287157 2.776887013910118e-17 -0.49999947504287157 -2.1394560126452338e-17 -4.0696586053329541e-06 -0.50000157485151631
1.734094732909649e-17 6.4052687996253078e-17 -0.49999947504287157 2.7619448807849919e-17 -2.7692376537812897e-17 0.49999947504287157 2.7703189533927105e-17 0.49999947504287157 -5.1531300621327029e-17 4.0696586053330557e-06 0.50000157485151631
-2.7516543143014725e-17 2.5103269211806034e-17 -0.49999947504287162 -7.9621543046728882e-18 -7.3087071332179778e-18 0.49999947504287162 2.7752876099821463e-17 0.49999947504287162 -5.3991674923056976e-17 -4.0696586054430828e-06 -0.50000157485151642
2.6239351995353786e-19 4.6619629471267672e-17 -0.49999947504287157 4.5000741882783056e-17 1.6846052290677957e-17 0.49999947504287157 8.5908934252282123e-18 -0.49999947504287157 2.2222944525794522e-17 4.0696586053327254e-06 0.50000157485151631
-2.7210759976276803e-17 2.7791067643655284e-17 -0.49999947504287162 1.6546283941945043e-17 -2.3942096429574308e-17 0.49999947504287162 2.7358856508448605e-17 -0.49999947504287162 -5.2295781050096449e-17 -4.0696586054434224e-06 -0.50000157485151642
1.3698241753424369e-17 2.7270606803929542e-17 -0.49999947504287162 1.0121692101763007e-17 -3.3356536516042512e-18 -0.49999947504287162 2.7608305154488212e-17 0.49999947504287162 5.2471383096628096e-17 4.0696586054429557e-06 0.50000157485151642
-2.7282321951042044e-17 2.7890818847301323e-17 -0.49999947504287162 -1.2184169016909155e-17 -2.7351433994206531e-17 -0.49999947504287162 2.7748495357313072e-17 0.49999947504287162 1.6919346483364324e-17 -4.0696586053603133e-06 -0.50000157485151631
-1.0087988498647089e-17 2.7647426785044861e-17 -0.49999947504287162 -2.4074388358157656e-17 2.7174013474074058e-17 -0.49999947504287162 2.7162565130405497e-17 -0.49999947504287162 5.2364467884579162e-17 4.0696586053717363e-06 0.50000157485151631
-2.7734173243729313e-17 2.7771846363998523e-17 -0.49999947504287151 4.5256012992457365e-18 2.3114841993543908e-17 -0.49999947504287157 2.7580234476174767e-17 -0.49999947504287157 -5.0120519466812532e-17 -4.069658605333259e-06 -0.50000157485151631
1.7350684817705672e-17 2.3488881700417568e-17 1.6552364010622059e-17 0.49999947504287157 0.49999947504287157 -2.7671191788978265e-17 0.49999947504287157 -2.7279608735727379e-17 5.0429913872983672e-17 4.0696586053328381e-06 0.50000157485151631
-1.7802462433882345e-17 3.0214084162249292e-17 2.7697998268086835e-17 0.49999947504287162 0.49999947504287157 1.6083768733436987e-17 0.49999947504287157 -2.7685543141514998e-17 -2.1399123827989668e-17 -4.06965860535362e-06 -0.50000157485151631
1.0132699724340014e-17 2.790262192621803e-17 -1.0373016368037738e-17 0.49999947504287162 0.49999947504287162 -1.3424096700183749e-17 -0.49999947504287157 9.3501710815866954e-19 3.3321587174334764e-18 4.0696586053599465e-06 0.50000157485151631
-1.7619051725956662e-17 4.4426920753200474e-17 2.7437301210848742e-17 0.49999947504287162 0.49999947504287157 -1.1453080340807318e-17 -0.49999947504287162 -2.8020024562791425e-17 5.4094525295377916e-17 -4.0696586053600592e-06 -0.50000157485151631
1.7942101057520887e-17 -7.0048724578514691e-18 2.7590433156649822e-17 0.49999947504287162 -0.49999947504287162 -1.0424097612087075e-17 0.49999947504287162 -2.7669392483968651e-17 1.0305455463330612e-17 4.069658605443242e-06 0.50000157485151642
-2.7545084764540307e-17 2.7626376171312145e-17 2.7497227868563956e-17 0.49999947504287162 -0.49999947504287162 -5.2055348311782339e-18 0.49999947504287162 -2.7794029891861387e-17 4.8626249381758589e-17 -4.0696586053878706e-06 -0.50000157485151631
-2.7649841983759551e-17 2.7613277221223769e-17 -2.7502095509182732e-17 0.49999947504287162 -0.49999947504287162 2.4374702589946003e-17 -0.49999947504287157 5.5336473158549388e-17 -4.8462677861561646e-17 4.0696586053601921e-06 0.50000157485151631
-1.7372899462229707e-17 2.0264140120622914e-18 2.3030643990391922e-17 0.49999947504287157 -0.49999947504287151 -1.4062355739915308e-17 -0.49999947504287151 -2.7654391302112596e-17 2.5486296962978828e-17 -4.0696586053328669e-06 -0.50000157485151631
1.6574699058722338e-17 1.094983668871572e-17 8.5061561461604239e-19 -0.49999947504287162 0.49999947504287162 -2.7712295936595402e-17 0.49999947504287162 -2.7756211215157454e-17 -8.3109271663901784e-18 4.0696586054434368e-06 0.50000157485151642
5.3387700189019274e-18 2.6536533084441321e-17 2.7758990724846806e-17 -0.49999947504287157 0.49999947504287162 2.7658866415443502e-17 0.49999947504287162 -2.7941863561043883e-17 -5.0480002695364185e-17 -4.0696586053602972e-06 -0.50000157485151631
-1.4941170310273074e-17 3.2582007763269607e-17 -2.3290968081527173e-17 -0.49999947504287162 0.49999947504287157 2.6396364082486345e-17 -0.49999947504287162 -2.7632559604564224e-17 5.2081269459760737e-17 4.0696586054154255e-06 0.50000157485151642
1.5741943854073386e-17 1.6667857112076653e-17 1.3079808817684203e-17 -0.49999947504287162 0.49999947504287157 -1.3057408825723866e-17 -0.49999947504287151 -2.7794580852883413e-17 5.4646770405037797e-17 -4.0696586053328228e-06 -0.50000157485151631
1.7419186942871774e-17 2.7532796034082071e-17 2.735045143165213e-17 -0.49999947504287162 -0.49999947504287162 -2.3024763325493746e-17 0.49999947504287162 -2.7319292734468262e-17 -2.6626171430119378e-17 4.0696586054430489e-06 0.50000157485151642
-1.7725276542888296e-17 2.6706764053813523e-17 2.7798754101176771e-17 -0.49999947504287162 -0.49999947504287162 1.8438489154508892e-17 0.49999947504287162 5.8047874648414656e-18 4.9455921188135711e-17 -4.069658605388112e-06 -0.50000157485151631
-1.2975233461311405e-17 2.6243424907431033e-17 -2.604613302823702e-17 -0.49999947504287151 -0.49999947504287157 -2.2322525695295148e-17 -0.49999947504287151 -2.781773522521279e-17 1.3422425560328435e-17 4.0696586053410644e-06 0.50000157485151631
-1.7427066380516626e-17 2.7855185134673757e-17 2.763063620737531e-17 -0.49999947504287151 -0.49999947504287157 -2.1565639944403587e-18 -0.49999947504287157 2.7658616005910377e-17 3.9456721734484727e-17 -4.0696586053332251e-06 -0.50000157485151631
