1 0 0 0 0 0 0 0 0 0 0
-1 0 0 0 0 0 0 0 0 0 0
0 1 0 0 0 0 0 0 0 0 0
0 -1 0 0 0 0 0 0 0 0 0
0 0 1 0 0 0 0 0 0 0 0
0 0 -1 0 0 0 0 0 0 0 0
0 0 0 1 0 0 0 0 0 0 0
0 0 0 -1 0 0 0 0 0 0 0
0 0 0 0 1 0 0 0 0 0 0
0 0 0 0 -1 0 0 0 0 0 0
0 0 0 0 0 1 0 0 0 0 0
0 0 0 0 0 -1 0 0 0 0 0
0 0 0 0 0 0 1 0 0 0 0
0 0 0 0 0 0 -1 0 0 0 0
0 0 0 0 0 0 0 1 0 0 0
0 0 0 0 0 0 0 -1 0 0 0
0.5 0.5 0.5 0.5 0 0 0 0 0 0 0
0.5 0.5 0.5 -0.5 0 0 0 0 0 0 0
0.5 0.5 -0.5 0.5 0 0 0 0 0 0 0
0.5 0.5 -0.5 -0.5 0 0 0 0 0 0 0
0.5 -0.5 0.5 0.5 0 0 0 0 0 0 0
0.5 -0.5 0.5 -0.5 0 0 0 0 0 0 0
0.5 -0.5 -0.5 0.5 0 0 0 0 0 0 0
0.5 -0.5 -0.5 -0.5 0 0 0 0 0 0 0
-0.5 0.5 0.5 0.5 0 0 0 0 0 0 0
-0.5 0.5 0.5 -0.5 0 0 0 0 0 0 0
-0.5 0.5 -0.5 0.5 0 0 0 0 0 0 0
-0.5 0.5 -0.5 -0.5 0 0 0 0 0 0 0
-0.5 -0.5 0.5 0.5 0 0 0 0 0 0 0
-0.5 -0.5 0.5 -0.5 0 0 0 0 0 0 0
-0.5 -0.5 -0.5 0.5 0 0 0 0 0 0 0
-0.5 -0.5 -0.5 -0.5 0 0 0 0 0 0 0
0.5 0.5 0 0 0.5 0.5 0 0 0 0 0
0.5 0.5 0 0 0.5 -0.5 0 0 0 0 0
0.5 0.5 0 0 -0.5 0.5 0 0 0 0 0
0.5 0.5 0 0 -0.5 -0.5 0 0 0 0 0
0.5 -0.5 0 0 0.5 0.5 0 0 0 0 0
0.5 -0.5 0 0 0.5 -0.5 0 0 0 0 0
0.5 -0.5 0 0 -0.5 0.5 0 0 0 0 0
0.5 -0.5 0 0 -0.5 -0.5 0 0 0 0 0
-0.5 0.5 0 0 0.5 0.5 0 0 0 0 0
-0.5 0.5 0 0 0.5 -0.5 0 0 0 0 0
-0.5 0.5 0 0 -0.5 0.5 0 0 0 0 0
-0.5 0.5 0 0 -0.5 -0.5 0 0 0 0 0
-0.5 -0.5 0 0 0.5 0.5 0 0 0 0 0
-0.5 -0.5 0 0 0.5 -0.5 0 0 0 0 0
-0.5 -0.5 0 0 -0.5 0.5 0 0 0 0 0
-0.5 -0.5 0 0 -0.5 -0.5 0 0 0 0 0
0.5 0.5 0 0 0 0 0.5 0.5 0 0 0
0.5 0.5 0 0 0 0 0.5 -0.5 0 0 0
0.5 0.5 0 0 0 0 -0.5 0.5 0 0 0
0.5 0.5 0 0 0 0 -0.5 -0.5 0 0 0
0.5 -0.5 0 0 0 0 0.5 0.5 0 0 0
0.5 -0.5 0 0 0 0 0.5 -0.5 0 0 0
0.5 -0.5 0 0 0 0 -0.5 0.5 0 0 0
0.5 -0.5 0 0 0 0 -0.5 -0.5 0 0 0
-0.5 0.5 0 0 0 0 0.5 0.5 0 0 0
-0.5 0.5 0 0 0 0 0.5 -0.5 0 0 0
-0.5 0.5 0 0 0 0 -0.5 0.5 0 0 0
-0.5 0.5 0 0 0 0 -0.5 -0.5 0 0 0
-0.5 -0.5 0 0 0 0 0.5 0.5 0 0 0
-0.5 -0.5 0 0 0 0 0.5 -0.5 0 0 0
-0.5 -0.5 0 0 0 0 -0.5 0.5 0 0 0
-0.5 -0.5 0 0 0 0 -0.5 -0.5 0 0 0
0 0 0.5 0.5 0.5 0.5 0 0 0 0 0
0 0 0.5 0.5 0.5 -0.5 0 0 0 0 0
0 0 0.5 0.5 -0.5 0.5 0 0 0 0 0
0 0 0.5 0.5 -0.5 -0.5 0 0 0 0 0
0 0 0.5 -0.5 0.5 0.5 0 0 0 0 0
0 0 0.5 -0.5 0.5 -0.5 0 0 0 0 0
0 0 0.5 -0.5 -0.5 0.5 0 0 0 0 0
0 0 0.5 -0.5 -0.5 -0.5 0 0 0 0 0
0 0 -0.5 0.5 0.5 0.5 0 0 0 0 0
0 0 -0.5 0.5 0.5 -0.5 0 0 0 0 0
0 0 -0.5 0.5 -0.5 0.5 0 0 0 0 0
0 0 -0.5 0.5 -0.5 -0.5 0 0 0 0 0
0 0 -0.5 -0.5 0.5 0.5 0 0 0 0 0
0 0 -0.5 -0.5 0.5 -0.5 0 0 0 0 0
0 0 -0.5 -0.5 -0.5 0.5 0 0 0 0 0
0 0 -0.5 -0.5 -0.5 -0.5 0 0 0 0 0
0 0 0.5 0.5 0 0 0.5 0.5 0 0 0
0 0 0.5 0.5 0 0 0.5 -0.5 0 0 0
0 0 0.5 0.5 0 0 -0.5 0.5 0 0 0
0 0 0.5 0.5 0 0 -0.5 -0.5 0 0 0
0 0 0.5 -0.5 0 0 0.5 0.5 0 0 0
0 0 0.5 -0.5 0 0 0.5 -0.5 0 0 0
0 0 0.5 -0.5 0 0 -0.5 0.5 0 0 0
0 0 0.5 -0.5 0 0 -0.5 -0.5 0 0 0
0 0 -0.5 0.5 0 0 0.5 0.5 0 0 0
0 0 -0.5 0.5 0 0 0.5 -0.5 0 0 0
0 0 -0.5 0.5 0 0 -0.5 0.5 0 0 0
0 0 -0.5 0.5 0 0 -0.5 -0.5 0 0 0
0 0 -0.5 -0.5 0 0 0.5 0.5 0 0 0
0 0 -0.5 -0.5 0 0 0.5 -0.5 0 0 0
0 0 -0.5 -0.5 0 0 -0.5 0.5 0 0 0
0 0 -0.5 -0.5 0 0 -0.5 -0.5 0 0 0
0 0 0 0 0.5 0.5 0.5 0.5 0 0 0
0 0 0 0 0.5 0.5 0.5 -0.5 0 0 0
0 0 0 0 0.5 0.5 -0.5 0.5 0 0 0
0 0 0 0 0.5 0.5 -0.5 -0.5 0 0 0
0 0 0 0 0.5 -0.5 0.5 0.5 0 0 0
0 0 0 0 0.5 -0.5 0.5 -0.5 0 0 0
0 0 0 0 0.5 -0.5 -0.5 0.5 0 0 0
0 0 0 0 0.5 -0.5 -0.5 -0.5 0 0 0
0 0 0 0 -0.5 0.5 0.5 0.5 0 0 0
0 0 0 0 -0.5 0.5 0.5 -0.5 0 0 0
0 0 0 0 -0.5 0.5 -0.5 0.5 0 0 0
0 0 0 0 -0.5 0.5 -0.5 -0.5 0 0 0
0 0 0 0 -0.5 -0.5 0.5 0.5 0 0 0
0 0 0 0 -0.5 -0.5 0.5 -0.5 0 0 0
0 0 0 0 -0.5 -0.5 -0.5 0.5 0 0 0
0 0 0 0 -0.5 -0.5 -0.5 -0.5 0 0 0
0.5 0 0.5 0 0.5 0 0 0 0.5 0 0
0.5 0 0.5 0 0.5 0 0 0 -0.5 0 0
0.5 0 0.5 0 -0.5 0 0 0 0.5 0 0
0.5 0 0.5 0 -0.5 0 0 0 -0.5 0 0
0.5 0 -0.5 0 0.5 0 0 0 0.5 0 0
0.5 0 -0.5 0 0.5 0 0 0 -0.5 0 0
0.5 0 -0.5 0 -0.5 0 0 0 0.5 0 0
0.5 0 -0.5 0 -0.5 0 0 0 -0.5 0 0
-0.5 0 0.5 0 0.5 0 0 0 0.5 0 0
-0.5 0 0.5 0 0.5 0 0 0 -0.5 0 0
-0.5 0 0.5 0 -0.5 0 0 0 0.5 0 0
-0.5 0 0.5 0 -0.5 0 0 0 -0.5 0 0
-0.5 0 -0.5 0 0.5 0 0 0 0.5 0 0
-0.5 0 -0.5 0 0.5 0 0 0 -0.5 0 0
-0.5 0 -0.5 0 -0.5 0 0 0 0.5 0 0
-0.5 0 -0.5 0 -0.5 0 0 0 -0.5 0 0
0.5 0 0 0.5 0 0 0.5 0 0.5 0 0
0.5 0 0 0.5 0 0 0.5 0 -0.5 0 0
0.5 0 0 0.5 0 0 -0.5 0 0.5 0 0
0.5 0 0 0.5 0 0 -0.5 0 -0.5 0 0
0.5 0 0 -0.5 0 0 0.5 0 0.5 0 0
0.5 0 0 -0.5 0 0 0.5 0 -0.5 0 0
0.5 0 0 -0.5 0 0 -0.5 0 0.5 0 0
0.5 0 0 -0.5 0 0 -0.5 0 -0.5 0 0
-0.5 0 0 0.5 0 0 0.5 0 0.5 0 0
-0.5 0 0 0.5 0 0 0.5 0 -0.5 0 0
-0.5 0 0 0.5 0 0 -0.5 0 0.5 0 0
-0.5 0 0 0.5 0 0 -0.5 0 -0.5 0 0
-0.5 0 0 -0.5 0 0 0.5 0 0.5 0 0
-0.5 0 0 -0.5 0 0 0.5 0 -0.5 0 0
-0.5 0 0 -0.5 0 0 -0.5 0 0.5 0 0
-0.5 0 0 -0.5 0 0 -0.5 0 -0.5 0 0
0.5 0 0 0 0 0.5 0 0.5 0.5 0 0
0.5 0 0 0 0 0.5 0 0.5 -0.5 0 0
0.5 0 0 0 0 0.5 0 -0.5 0.5 0 0
0.5 0 0 0 0 0.5 0 -0.5 -0.5 0 0
0.5 0 0 0 0 -0.5 0 0.5 0.5 0 0
0.5 0 0 0 0 -0.5 0 0.5 -0.5 0 0
0.5 0 0 0 0 -0.5 0 -0.5 0.5 0 0
0.5 0 0 0 0 -0.5 0 -0.5 -0.5 0 0
-0.5 0 0 0 0 0.5 0 0.5 0.5 0 0
-0.5 0 0 0 0 0.5 0 0.5 -0.5 0 0
-0.5 0 0 0 0 0.5 0 -0.5 0.5 0 0
-0.5 0 0 0 0 0.5 0 -0.5 -0.5 0 0
-0.5 0 0 0 0 -0.5 0 0.5 0.5 0 0
-0.5 0 0 0 0 -0.5 0 0.5 -0.5 0 0
-0.5 0 0 0 0 -0.5 0 -0.5 0.5 0 0
-0.5 0 0 0 0 -0.5 0 -0.5 -0.5 0 0
0 0.5 0.5 0 0 0 0 0.5 0.5 0 0
0 0.5 0.5 0 0 0 0 0.5 -0.5 0 0
0 0.5 0.5 0 0 0 0 -0.5 0.5 0 0
0 0.5 0.5 0 0 0 0 -0.5 -0.5 0 0
0 0.5 -0.5 0 0 0 0 0.5 0.5 0 0
0 0.5 -0.5 0 0 0 0 0.5 -0.5 0 0
0 0.5 -0.5 0 0 0 0 -0.5 0.5 0 0
0 0.5 -0.5 0 0 0 0 -0.5 -0.5 0 0
0 -0.5 0.5 0 0 0 0 0.5 0.5 0 0
0 -0.5 0.5 0 0 0 0 0.5 -0.5 0 0
0 -0.5 0.5 0 0 0 0 -0.5 0.5 0 0
0 -0.5 0.5 0 0 0 0 -0.5 -0.5 0 0
0 -0.5 -0.5 0 0 0 0 0.5 0.5 0 0
0 -0.5 -0.5 0 0 0 0 0.5 -0.5 0 0
0 -0.5 -0.5 0 0 0 0 -0.5 0.5 0 0
0 -0.5 -0.5 0 0 0 0 -0.5 -0.5 0 0
0 0.5 0 0.5 0 0.5 0 0 0.5 0 0
0 0.5 0 0.5 0 0.5 0 0 -0.5 0 0
0 0.5 0 0.5 0 -0.5 0 0 0.5 0 0
0 0.5 0 0.5 0 -0.5 0 0 -0.5 0 0
0 0.5 0 -0.5 0 0.5 0 0 0.5 0 0
0 0.5 0 -0.5 0 0.5 0 0 -0.5 0 0
0 0.5 0 -0.5 0 -0.5 0 0 0.5 0 0
0 0.5 0 -0.5 0 -0.5 0 0 -0.5 0 0
0 -0.5 0 0.5 0 0.5 0 0 0.5 0 0
0 -0.5 0 0.5 0 0.5 0 0 -0.5 0 0
0 -0.5 0 0.5 0 -0.5 0 0 0.5 0 0
0 -0.5 0 0.5 0 -0.5 0 0 -0.5 0 0
0 -0.5 0 -0.5 0 0.5 0 0 0.5 0 0
0 -0.5 0 -0.5 0 0.5 0 0 -0.5 0 0
0 -0.5 0 -0.5 0 -0.5 0 0 0.5 0 0
0 -0.5 0 -0.5 0 -0.5 0 0 -0.5 0 0
0 0.5 0 0 0.5 0 0.5 0 0.5 0 0
0 0.5 0 0 0.5 0 0.5 0 -0.5 0 0
0 0.5 0 0 0.5 0 -0.5 0 0.5 0 0
0 0.5 0 0 0.5 0 -0.5 0 -0.5 0 0
0 0.5 0 0 -0.5 0 0.5 0 0.5 0 0
0 0.5 0 0 -0.5 0 0.5 0 -0.5 0 0
0 0.5 0 0 -0.5 0 -0.5 0 0.5 0 0
0 0.5 0 0 -0.5 0 -0.5 0 -0.5 0 0
0 -0.5 0 0 0.5 0 0.5 0 0.5 0 0
0 -0.5 0 0 0.5 0 0.5 0 -0.5 0 0
0 -0.5 0 0 0.5 0 -0.5 0 0.5 0 0
0 -0.5 0 0 0.5 0 -0.5 0 -0.5 0 0
0 -0.5 0 0 -0.5 0 0.5 0 0.5 0 0
0 -0.5 0 0 -0.5 0 0.5 0 -0.5 0 0
0 -0.5 0 0 -0.5 0 -0.5 0 0.5 0 0
0 -0.5 0 0 -0.5 0 -0.5 0 -0.5 0 0
0 0 0.5 0 0 0.5 0.5 0 0.5 0 0
0 0 0.5 0 0 0.5 0.5 0 -0.5 0 0
0 0 0.5 0 0 0.5 -0.5 0 0.5 0 0
0 0 0.5 0 0 0.5 -0.5 0 -0.5 0 0
0 0 0.5 0 0 -0.5 0.5 0 0.5 0 0
0 0 0.5 0 0 -0.5 0.5 0 -0.5 0 0
0 0 0.5 0 0 -0.5 -0.5 0 0.5 0 0
0 0 0.5 0 0 -0.5 -0.5 0 -0.5 0 0
0 0 -0.5 0 0 0.5 0.5 0 0.5 0 0
0 0 -0.5 0 0 0.5 0.5 0 -0.5 0 0
0 0 -0.5 0 0 0.5 -0.5 0 0.5 0 0
0 0 -0.5 0 0 0.5 -0.5 0 -0.5 0 0
0 0 -0.5 0 0 -0.5 0.5 0 0.5 0 0
0 0 -0.5 0 0 -0.5 0.5 0 -0.5 0 0
0 0 -0.5 0 0 -0.5 -0.5 0 0.5 0 0
0 0 -0.5 0 0 -0.5 -0.5 0 -0.5 0 0
0 0 0 0.5 0.5 0 0 0.5 0.5 0 0
0 0 0 0.5 0.5 0 0 0.5 -0.5 0 0
0 0 0 0.5 0.5 0 0 -0.5 0.5 0 0
0 0 0 0.5 0.5 0 0 -0.5 -0.5 0 0
0 0 0 0.5 -0.5 0 0 0.5 0.5 0 0
0 0 0 0.5 -0.5 0 0 0.5 -0.5 0 0
0 0 0 0.5 -0.5 0 0 -0.5 0.5 0 0
0 0 0 0.5 -0.5 0 0 -0.5 -0.5 0 0
0 0 0 -0.5 0.5 0 0 0.5 0.5 0 0
0 0 0 -0.5 0.5 0 0 0.5 -0.5 0 0
0 0 0 -0.5 0.5 0 0 -0.5 0.5 0 0
0 0 0 -0.5 0.5 0 0 -0.5 -0.5 0 0
0 0 0 -0.5 -0.5 0 0 0.5 0.5 0 0
0 0 0 -0.5 -0.5 0 0 0.5 -0.5 0 0
0 0 0 -0.5 -0.5 0 0 -0.5 0.5 0 0
0 0 0 -0.5 -0.5 0 0 -0.5 -0.5 0 0
0.5 0 0.5 0 0 0.5 0 0 0 0.5 0
0.5 0 0.5 0 0 0.5 0 0 0 -0.5 0
0.5 0 0.5 0 0 -0.5 0 0 0 0.5 0
0.5 0 0.5 0 0 -0.5 0 0 0 -0.5 0
0.5 0 -0.5 0 0 0.5 0 0 0 0.5 0
0.5 0 -0.5 0 0 0.5 0 0 0 -0.5 0
0.5 0 -0.5 0 0 -0.5 0 0 0 0.5 0
0.5 0 -0.5 0 0 -0.5 0 0 0 -0.5 0
-0.5 0 0.5 0 0 0.5 0 0 0 0.5 0
-0.5 0 0.5 0 0 0.5 0 0 0 -0.5 0
-0.5 0 0.5 0 0 -0.5 0 0 0 0.5 0
-0.5 0 0.5 0 0 -0.5 0 0 0 -0.5 0
-0.5 0 -0.5 0 0 0.5 0 0 0 0.5 0
-0.5 0 -0.5 0 0 0.5 0 0 0 -0.5 0
-0.5 0 -0.5 0 0 -0.5 0 0 0 0.5 0
-0.5 0 -0.5 0 0 -0.5 0 0 0 -0.5 0
0.5 0 0 0.5 0 0 0 0.5 0 0.5 0
0.5 0 0 0.5 0 0 0 0.5 0 -0.5 0
0.5 0 0 0.5 0 0 0 -0.5 0 0.5 0
0.5 0 0 0.5 0 0 0 -0.5 0 -0.5 0
0.5 0 0 -0.5 0 0 0 0.5 0 0.5 0
0.5 0 0 -0.5 0 0 0 0.5 0 -0.5 0
0.5 0 0 -0.5 0 0 0 -0.5 0 0.5 0
0.5 0 0 -0.5 0 0 0 -0.5 0 -0.5 0
-0.5 0 0 0.5 0 0 0 0.5 0 0.5 0
-0.5 0 0 0.5 0 0 0 0.5 0 -0.5 0
-0.5 0 0 0.5 0 0 0 -0.5 0 0.5 0
-0.5 0 0 0.5 0 0 0 -0.5 0 -0.5 0
-0.5 0 0 -0.5 0 0 0 0.5 0 0.5 0
-0.5 0 0 -0.5 0 0 0 0.5 0 -0.5 0
-0.5 0 0 -0.5 0 0 0 -0.5 0 0.5 0
-0.5 0 0 -0.5 0 0 0 -0.5 0 -0.5 0
0.5 0 0 0 0.5 0 0.5 0 0 0.5 0
0.5 0 0 0 0.5 0 0.5 0 0 -0.5 0
0.5 0 0 0 0.5 0 -0.5 0 0 0.5 0
0.5 0 0 0 0.5 0 -0.5 0 0 -0.5 0
0.5 0 0 0 -0.5 0 0.5 0 0 0.5 0
0.5 0 0 0 -0.5 0 0.5 0 0 -0.5 0
0.5 0 0 0 -0.5 0 -0.5 0 0 0.5 0
0.5 0 0 0 -0.5 0 -0.5 0 0 -0.5 0
-0.5 0 0 0 0.5 0 0.5 0 0 0.5 0
-0.5 0 0 0 0.5 0 0.5 0 0 -0.5 0
-0.5 0 0 0 0.5 0 -0.5 0 0 0.5 0
-0.5 0 0 0 0.5 0 -0.5 0 0 -0.5 0
-0.5 0 0 0 -0.5 0 0.5 0 0 0.5 0
-0.5 0 0 0 -0.5 0 0.5 0 0 -0.5 0
-0.5 0 0 0 -0.5 0 -0.5 0 0 0.5 0
-0.5 0 0 0 -0.5 0 -0.5 0 0 -0.5 0
0 0.5 0.5 0 0 0 0.5 0 0 0.5 0
0 0.5 0.5 0 0 0 0.5 0 0 -0.5 0
0 0.5 0.5 0 0 0 -0.5 0 0 0.5 0
0 0.5 0.5 0 0 0 -0.5 0 0 -0.5 0
0 0.5 -0.5 0 0 0 0.5 0 0 0.5 0
0 0.5 -0.5 0 0 0 0.5 0 0 -0.5 0
0 0.5 -0.5 0 0 0 -0.5 0 0 0.5 0
0 0.5 -0.5 0 0 0 -0.5 0 0 -0.5 0
0 -0.5 0.5 0 0 0 0.5 0 0 0.5 0
0 -0.5 0.5 0 0 0 0.5 0 0 -0.5 0
0 -0.5 0.5 0 0 0 -0.5 0 0 0.5 0
0 -0.5 0.5 0 0 0 -0.5 0 0 -0.5 0
0 -0.5 -0.5 0 0 0 0.5 0 0 0.5 0
0 -0.5 -0.5 0 0 0 0.5 0 0 -0.5 0
0 -0.5 -0.5 0 0 0 -0.5 0 0 0.5 0
0 -0.5 -0.5 0 0 0 -0.5 0 0 -0.5 0
0 0.5 0 0.5 0.5 0 0 0 0 0.5 0
0 0.5 0 0.5 0.5 0 0 0 0 -0.5 0
0 0.5 0 0.5 -0.5 0 0 0 0 0.5 0
0 0.5 0 0.5 -0.5 0 0 0 0 -0.5 0
0 0.5 0 -0.5 0.5 0 0 0 0 0.5 0
0 0.5 0 -0.5 0.5 0 0 0 0 -0.5 0
0 0.5 0 -0.5 -0.5 0 0 0 0 0.5 0
0 0.5 0 -0.5 -0.5 0 0 0 0 -0.5 0
0 -0.5 0 0.5 0.5 0 0 0 0 0.5 0
0 -0.5 0 0.5 0.5 0 0 0 0 -0.5 0
0 -0.5 0 0.5 -0.5 0 0 0 0 0.5 0
0 -0.5 0 0.5 -0.5 0 0 0 0 -0.5 0
0 -0.5 0 -0.5 0.5 0 0 0 0 0.5 0
0 -0.5 0 -0.5 0.5 0 0 0 0 -0.5 0
0 -0.5 0 -0.5 -0.5 0 0 0 0 0.5 0
0 -0.5 0 -0.5 -0.5 0 0 0 0 -0.5 0
0 0.5 0 0 0 0.5 0 0.5 0 0.5 0
0 0.5 0 0 0 0.5 0 0.5 0 -0.5 0
0 0.5 0 0 0 0.5 0 -0.5 0 0.5 0
0 0.5 0 0 0 0.5 0 -0.5 0 -0.5 0
0 0.5 0 0 0 -0.5 0 0.5 0 0.5 0
0 0.5 0 0 0 -0.5 0 0.5 0 -0.5 0
0 0.5 0 0 0 -0.5 0 -0.5 0 0.5 0
0 0.5 0 0 0 -0.5 0 -0.5 0 -0.5 0
0 -0.5 0 0 0 0.5 0 0.5 0 0.5 0
0 -0.5 0 0 0 0.5 0 0.5 0 -0.5 0
0 -0.5 0 0 0 0.5 0 -0.5 0 0.5 0
0 -0.5 0 0 0 0.5 0 -0.5 0 -0.5 0
0 -0.5 0 0 0 -0.5 0 0.5 0 0.5 0
0 -0.5 0 0 0 -0.5 0 0.5 0 -0.5 0
0 -0.5 0 0 0 -0.5 0 -0.5 0 0.5 0
0 -0.5 0 0 0 -0.5 0 -0.5 0 -0.5 0
0 0 0.5 0 0.5 0 0 0.5 0 0.5 0
0 0 0.5 0 0.5 0 0 0.5 0 -0.5 0
0 0 0.5 0 0.5 0 0 -0.5 0 0.5 0
0 0 0.5 0 0.5 0 0 -0.5 0 -0.5 0
0 0 0.5 0 -0.5 0 0 0.5 0 0.5 0
0 0 0.5 0 -0.5 0 0 0.5 0 -0.5 0
0 0 0.5 0 -0.5 0 0 -0.5 0 0.5 0
0 0 0.5 0 -0.5 0 0 -0.5 0 -0.5 0
0 0 -0.5 0 0.5 0 0 0.5 0 0.5 0
0 0 -0.5 0 0.5 0 0 0.5 0 -0.5 0
0 0 -0.5 0 0.5 0 0 -0.5 0 0.5 0
0 0 -0.5 0 0.5 0 0 -0.5 0 -0.5 0
0 0 -0.5 0 -0.5 0 0 0.5 0 0.5 0
0 0 -0.5 0 -0.5 0 0 0.5 0 -0.5 0
0 0 -0.5 0 -0.5 0 0 -0.5 0 0.5 0
0 0 -0.5 0 -0.5 0 0 -0.5 0 -0.5 0
0 0 0 0.5 0 0.5 0.5 0 0 0.5 0
0 0 0 0.5 0 0.5 0.5 0 0 -0.5 0
0 0 0 0.5 0 0.5 -0.5 0 0 0.5 0
0 0 0 0.5 0 0.5 -0.5 0 0 -0.5 0
0 0 0 0.5 0 -0.5 0.5 0 0 0.5 0
0 0 0 0.5 0 -0.5 0.5 0 0 -0.5 0
0 0 0 0.5 0 -0.5 -0.5 0 0 0.5 0
0 0 0 0.5 0 -0.5 -0.5 0 0 -0.5 0
0 0 0 -0.5 0 0.5 0.5 0 0 0.5 0
0 0 0 -0.5 0 0.5 0.5 0 0 -0.5 0
0 0 0 -0.5 0 0.5 -0.5 0 0 0.5 0
0 0 0 -0.5 0 0.5 -0.5 0 0 -0.5 0
0 0 0 -0.5 0 -0.5 0.5 0 0 0.5 0
0 0 0 -0.5 0 -0.5 0.5 0 0 -0.5 0
0 0 0 -0.5 0 -0.5 -0.5 0 0 0.5 0
0 0 0 -0.5 0 -0.5 -0.5 0 0 -0.5 0
0.5 0.5 0 0 0 0 0 0 0.5 0.35355339059327379 0.35355339059327379
0.5 0.5 0 0 0 0 0 0 -0.5 -0.35355339059327379 -0.35355339059327379
0.5 0.5 0 0 0 0 0 0 0.5 -0.35355339059327379 -0.35355339059327379
0.5 0.5 0 0 0 0 0 0 -0.5 0.35355339059327379 0.35355339059327379
0.5 0.5 0 0 0 0 0 0 0 0.5 -0.5
0.5 0.5 0 0 0 0 0 0 0 -0.5 0.5
0.5 -0.5 0 0 0 0 0 0 0.5 0.35355339059327379 0.35355339059327379
0.5 -0.5 0 0 0 0 0 0 -0.5 -0.35355339059327379 -0.35355339059327379
0.5 -0.5 0 0 0 0 0 0 0.5 -0.35355339059327379 -0.35355339059327379
0.5 -0.5 0 0 0 0 0 0 -0.5 0.35355339059327379 0.35355339059327379
0.5 -0.5 0 0 0 0 0 0 0 0.5 -0.5
0.5 -0.5 0 0 0 0 0 0 0 -0.5 0.5
-0.5 0.5 0 0 0 0 0 0 0.5 0.35355339059327379 0.35355339059327379
-0.5 0.5 0 0 0 0 0 0 -0.5 -0.35355339059327379 -0.35355339059327379
-0.5 0.5 0 0 0 0 0 0 0.5 -0.35355339059327379 -0.35355339059327379
-0.5 0.5 0 0 0 0 0 0 -0.5 0.35355339059327379 0.35355339059327379
-0.5 0.5 0 0 0 0 0 0 0 0.5 -0.5
-0.5 0.5 0 0 0 0 0 0 0 -0.5 0.5
-0.5 -0.5 0 0 0 0 0 0 0.5 0.35355339059327379 0.35355339059327379
-0.5 -0.5 0 0 0 0 0 0 -0.5 -0.35355339059327379 -0.35355339059327379
-0.5 -0.5 0 0 0 0 0 0 0.5 -0.35355339059327379 -0.35355339059327379
-0.5 -0.5 0 0 0 0 0 0 -0.5 0.35355339059327379 0.35355339059327379
-0.5 -0.5 0 0 0 0 0 0 0 0.5 -0.5
-0.5 -0.5 0 0 0 0 0 0 0 -0.5 0.5
0 0 0.5 0.5 0 0 0 0 0.5 0.35355339059327379 0.35355339059327379
0 0 0.5 0.5 0 0 0 0 -0.5 -0.35355339059327379 -0.35355339059327379
0 0 0.5 0.5 0 0 0 0 0.5 -0.35355339059327379 -0.35355339059327379
0 0 0.5 0.5 0 0 0 0 -0.5 0.35355339059327379 0.35355339059327379
0 0 0.5 0.5 0 0 0 0 0 0.5 -0.5
0 0 0.5 0.5 0 0 0 0 0 -0.5 0.5
0 0 0.5 -0.5 0 0 0 0 0.5 0.35355339059327379 0.35355339059327379
0 0 0.5 -0.5 0 0 0 0 -0.5 -0.35355339059327379 -0.35355339059327379
0 0 0.5 -0.5 0 0 0 0 0.5 -0.35355339059327379 -0.35355339059327379
0 0 0.5 -0.5 0 0 0 0 -0.5 0.35355339059327379 0.35355339059327379
0 0 0.5 -0.5 0 0 0 0 0 0.5 -0.5
0 0 0.5 -0.5 0 0 0 0 0 -0.5 0.5
0 0 -0.5 0.5 0 0 0 0 0.5 0.35355339059327379 0.35355339059327379
0 0 -0.5 0.5 0 0 0 0 -0.5 -0.35355339059327379 -0.35355339059327379
0 0 -0.5 0.5 0 0 0 0 0.5 -0.35355339059327379 -0.35355339059327379
0 0 -0.5 0.5 0 0 0 0 -0.5 0.35355339059327379 0.35355339059327379
0 0 -0.5 0.5 0 0 0 0 0 0.5 -0.5
0 0 -0.5 0.5 0 0 0 0 0 -0.5 0.5
0 0 -0.5 -0.5 0 0 0 0 0.5 0.35355339059327379 0.35355339059327379
0 0 -0.5 -0.5 0 0 0 0 -0.5 -0.35355339059327379 -0.35355339059327379
0 0 -0.5 -0.5 0 0 0 0 0.5 -0.35355339059327379 -0.35355339059327379
0 0 -0.5 -0.5 0 0 0 0 -0.5 0.35355339059327379 0.35355339059327379
0 0 -0.5 -0.5 0 0 0 0 0 0.5 -0.5
0 0 -0.5 -0.5 0 0 0 0 0 -0.5 0.5
0 0 0 0 0.5 0.5 0 0 0.5 0.35355339059327379 0.35355339059327379
0 0 0 0 0.5 0.5 0 0 -0.5 -0.35355339059327379 -0.35355339059327379
0 0 0 0 0.5 0.5 0 0 0.5 -0.35355339059327379 -0.35355339059327379
0 0 0 0 0.5 0.5 0 0 -0.5 0.35355339059327379 0.35355339059327379
0 0 0 0 0.5 0.5 0 0 0 0.5 -0.5
0 0 0 0 0.5 0.5 0 0 0 -0.5 0.5
0 0 0 0 0.5 -0.5 0 0 0.5 0.35355339059327379 0.35355339059327379
0 0 0 0 0.5 -0.5 0 0 -0.5 -0.35355339059327379 -0.35355339059327379
0 0 0 0 0.5 -0.5 0 0 0.5 -0.35355339059327379 -0.35355339059327379
0 0 0 0 0.5 -0.5 0 0 -0.5 0.35355339059327379 0.35355339059327379
0 0 0 0 0.5 -0.5 0 0 0 0.5 -0.5
0 0 0 0 0.5 -0.5 0 0 0 -0.5 0.5
0 0 0 0 -0.5 0.5 0 0 0.5 0.35355339059327379 0.35355339059327379
0 0 0 0 -0.5 0.5 0 0 -0.5 -0.35355339059327379 -0.35355339059327379
0 0 0 0 -0.5 0.5 0 0 0.5 -0.35355339059327379 -0.35355339059327379
0 0 0 0 -0.5 0.5 0 0 -0.5 0.35355339059327379 0.35355339059327379
0 0 0 0 -0.5 0.5 0 0 0 0.5 -0.5
0 0 0 0 -0.5 0.5 0 0 0 -0.5 0.5
0 0 0 0 -0.5 -0.5 0 0 0.5 0.35355339059327379 0.35355339059327379
0 0 0 0 -0.5 -0.5 0 0 -0.5 -0.35355339059327379 -0.35355339059327379
0 0 0 0 -0.5 -0.5 0 0 0.5 -0.35355339059327379 -0.35355339059327379
0 0 0 0 -0.5 -0.5 0 0 -0.5 0.35355339059327379 0.35355339059327379
0 0 0 0 -0.5 -0.5 0 0 0 0.5 -0.5
0 0 0 0 -0.5 -0.5 0 0 0 -0.5 0.5
0 0 0 0 0 0 0.5 0.5 0.5 0.35355339059327379 0.35355339059327379
0 0 0 0 0 0 0.5 0.5 -0.5 -0.35355339059327379 -0.35355339059327379
0 0 0 0 0 0 0.5 0.5 0.5 -0.35355339059327379 -0.35355339059327379
0 0 0 0 0 0 0.5 0.5 -0.5 0.35355339059327379 0.35355339059327379
0 0 0 0 0 0 0.5 0.5 0 0.5 -0.5
0 0 0 0 0 0 0.5 0.5 0 -0.5 0.5
0 0 0 0 0 0 0.5 -0.5 0.5 0.35355339059327379 0.35355339059327379
0 0 0 0 0 0 0.5 -0.5 -0.5 -0.35355339059327379 -0.35355339059327379
0 0 0 0 0 0 0.5 -0.5 0.5 -0.35355339059327379 -0.35355339059327379
0 0 0 0 0 0 0.5 -0.5 -0.5 0.35355339059327379 0.35355339059327379
0 0 0 0 0 0 0.5 -0.5 0 0.5 -0.5
0 0 0 0 0 0 0.5 -0.5 0 -0.5 0.5
0 0 0 0 0 0 -0.5 0.5 0.5 0.35355339059327379 0.35355339059327379
0 0 0 0 0 0 -0.5 0.5 -0.5 -0.35355339059327379 -0.35355339059327379
0 0 0 0 0 0 -0.5 0.5 0.5 -0.35355339059327379 -0.35355339059327379
0 0 0 0 0 0 -0.5 0.5 -0.5 0.35355339059327379 0.35355339059327379
0 0 0 0 0 0 -0.5 0.5 0 0.5 -0.5
0 0 0 0 0 0 -0.5 0.5 0 -0.5 0.5
0 0 0 0 0 0 -0.5 -0.5 0.5 0.35355339059327379 0.35355339059327379
0 0 0 0 0 0 -0.5 -0.5 -0.5 -0.35355339059327379 -0.35355339059327379
0 0 0 0 0 0 -0.5 -0.5 0.5 -0.35355339059327379 -0.35355339059327379
0 0 0 0 0 0 -0.5 -0.5 -0.5 0.35355339059327379 0.35355339059327379
0 0 0 0 0 0 -0.5 -0.5 0 0.5 -0.5
0 0 0 0 0 0 -0.5 -0.5 0 -0.5 0.5
0 0 0 0 0 0 0 0 1 0 0
0 0 0 0 0 0 0 0 0 0.70710678118654757 0.70710678118654757
0 0 0 0 0 0 0 0 0 -0.70710678118654757 -0.70710678118654757
0 0 0 0 0 0 0 0 -1 0 0
0 0 0 0 0 0 0 0 0.5 0.85355339059327373 -0.14644660940672621
0 0 0 0 0 0 0 0 0.5 -0.14644660940672621 0.85355339059327373
0 0 0 0 0 0 0 0 -0.5 0.14644660940672621 -0.85355339059327373
0 0 0 0 0 0 0 0 -0.5 -0.85355339059327373 0.14644660940672621
0 0 0 0 0 0 0 0 0.5 0.14644660940672621 -0.85355339059327373
0 0 0 0 0 0 0 0 0.5 -0.85355339059327373 0.14644660940672621
0 0 0 0 0 0 0 0 -0.5 0.85355339059327373 -0.14644660940672621
0 0 0 0 0 0 0 0 -0.5 -0.14644660940672621 0.85355339059327373
0.51996583923111306 0.094678549772206827 0.51822037270724686 -0.15016834497799866 0.10432800341908392 0.051437638641379402 0.41826730152327074 0.066964708346423374 0.042011226298859616 0.033894137373299639 0.48341792000932193
0.54497451589223156 -0.085150940315484494 0.4629258706099425 -0.055744021987975359 0.069240321983697117 0.0045927843474217137 0.44794729654452531 -0.090406505966160816 -0.029737306801711882 0.00094142233656149083 -0.51362798830786682
0.64141357493421247 0.11824913247276149 0.17096250173891905 -0.22188217188077175 -0.020528607436778736 -0.049590189834699219 -0.46431938954551716 0.02552648169913091 0.24875985579618223 -0.13061717938154582 0.44506052681390817
0.59237108680212336 0.061694494700515044 0.46074899304417566 -0.049035435988927283 -0.15722389642782686 0.015975885121380089 -0.38709396275003138 -0.11708754289213835 -0.065178797550081782 -0.0068728588598494303 -0.48762162915552748
0.44904859680621989 0.010538922990588071 -0.45596730297984683 -0.055881856065557213 0.065534842895118184 0.098362401694300328 0.49530870516299452 -0.090312022812603573 0.080755996945838307 -0.055346357138852935 0.55693233226142769
0.36219793568242281 0.10702134283432255 -0.48997873092822275 -0.14614278417991433 -0.036736082923409026 0.0063316634043485646 0.51955581962376984 -0.11494681459046906 -0.12959737661522766 0.023357649832792881 -0.54225502115216606
0.44873423245412208 0.077421415701016516 -0.59279672326424837 0.02593098338544645 0.12483405515527381 -0.030328317862130763 -0.50737819580380972 0.076679769681960691 0.025835001614304801 0.091321596864084753 0.38953856265306103
0.30099262074317323 -0.012333071940827858 -0.51709694580429999 0.086919898246761426 0.021707765193805777 -0.1828310253188247 -0.60110328452812389 0.099079701857856639 0.076207004693377975 -0.071776316727844833 -0.46723368182993946
-0.4173011552505978 0.052529099526247472 0.56553588701448165 0.028763523324357661 -0.010634502873622192 -0.02902845835707759 0.58566594216754997 -0.2524215494735097 -0.015549470434325367 0.0037007892837277265 0.30742446126245543
-0.40986119069893534 -0.069625728350223237 0.53764126678733948 -0.013426524278830402 0.071536373512696802 0.13030147069186079 0.48637830139423571 -0.093619683788655456 -0.16188946963337553 0.18744696057049795 -0.45733868449838527
-0.49028600983029719 0.014567221033648325 0.40142514954250214 0.08605015449685062 0.003426100855597422 0.0013884463244238975 -0.49291300694588092 0.047417443238009734 -0.10440086699607005 0.067242163164446783 0.57464274382906555
-0.57635988869292987 -0.24975356106161112 0.4844267874260591 0.25802408979206609 -0.10136306154470347 -0.12665721239314656 -0.36231131227845426 -0.085139373221763348 -0.051244898484913697 -0.035253647903760107 -0.36808031089459448
-0.50963842405643456 0.030975663181795107 -0.48413748033719201 -0.094155679417122939 -0.035651105457574155 -0.10594126613878001 0.46518550489884786 -0.12527762317538416 -0.12182518311243802 0.16240786385591036 0.4585308208522666
-0.48314313812628745 0.058557348360475943 -0.52514974721339569 -0.026161236238590943 0.048668250451953575 0.032329121080930945 0.34426406870150533 0.095395617666221649 -0.067589136007055781 -0.12089302067616775 -0.5800532910513525
-0.47663507554707141 0.17019800218293851 -0.55873659600166803 0.01674220662695481 -0.22359330045660128 -0.00016388425560009211 -0.34170334193945667 -0.024752423217783506 -0.065823716554233094 0.024213552768807434 0.50901655631554132
-0.44267077813584538 0.24925899760185369 -0.50010411049233006 -0.074862106455524186 -0.015919829077684574 -0.0091615484650321901 -0.51279533234451113 -0.0037945763442353 0.021983853149556851 -0.21114318469782031 -0.42169718653212812
0.38644765078591881 -0.12621759073570477 0.068614259181326964 0.59001083572707336 0.053043825514114948 0.46562137760047184 -0.10029555364956028 0.30894567982306043 0.094705109087726266 -0.12257423387323695 0.36440305128893968
0.45017108883631007 -0.16454002530652284 0.017846462880908527 0.39238153840754975 0.12977844944137662 0.54279249582913602 -0.28694027237751102 0.0044134605778892774 -0.17117952926203639 0.1174350089992941 -0.42317496657577047
0.48053416968121737 -0.10855164338119641 0.18634353496353534 0.630518454489014 -0.1085155976348855 -0.38664844482117267 -0.068619273515902551 -0.002402118091369566 -0.12898674709505442 0.19028918262678499 0.32587027231907351
0.46768407385813243 0.060594383114921269 -0.078245015740042001 0.47454378304326067 -0.068104828049877872 -0.51958611601100158 -0.14143713471273714 -0.052922274331534146 -0.024998954831859169 -0.040324246500550762 -0.49661012971084195
0.45618391664155861 0.088704585927207605 -0.038062302892614593 -0.50679514800608993 -0.078290307981167345 0.42869525988121054 -0.14891743295551657 0.061096527583281532 -0.13455264555833507 -0.087838397322653569 0.53300983624027687
0.55391757683201759 -0.048504913672661451 -0.24479055964291291 -0.45413683403199701 0.031466230961270394 0.33389515808774173 0.093384225480900196 -0.084992580779688645 -0.13652497743703715 0.011605195408266589 -0.52675013682485583
0.4811091970354337 -0.17681134484829372 0.19954739622544024 -0.52515761275134942 -0.16953421275035474 -0.39065631373893123 -0.039068018843739963 0.035770658701479829 -0.037394797415037082 -0.00657810135495263 0.4858603813045223
0.37563768539527082 0.074549457100354835 -0.05161154217534606 -0.55316861525918704 0.0084608666726161824 -0.40876523767267881 -0.025160961073663311 -0.0947349797438366 0.068074233135656109 -0.19334595560862242 -0.57087151238483935
-0.47543534366941231 -0.15679021083048303 0.0032248604279412202 0.47366819265119192 0.10353229341224657 0.3746069963114384 -0.072102669379570827 0.038381592055555802 -0.28310440669784886 0.35711614514070494 0.39950567218313626
-0.57998327047313392 0.1019992596122926 -0.0047180217609936554 0.28276475937342921 0.074258606060573232 0.59485362425632893 -0.053295459939135321 -0.033355139266424541 0.057564145234908042 -0.10764365493824385 -0.44160893858858469
-0.52725338538105304 -0.089696870206974158 -0.18500688538608606 0.52375720777639301 -0.11634144630154986 -0.42065472837249346 0.019148588014529302 0.10393709278709509 0.017890921225849555 0.034938906233379738 0.44968104941231102
-0.41832035327610068 0.21339150143677577 -0.037028495740453901 0.4273205283398902 -0.018872103675511443 -0.55574233056354738 -0.08387396509621102 0.016523436818381348 -0.034784215385621001 0.17204218830044843 -0.49817285077996692
-0.58429845426060667 0.14475680882826147 -0.045730522489416184 -0.41509127755414776 -0.09620240694779969 0.51064208485738249 -0.05569162496151215 -0.017443006443909774 -0.21307320516228326 -0.0053362313700651663 0.38000527580518012
-0.35170872715056772 -0.0102674515990793 -0.081376764833952286 -0.64332502753458676 -0.048731726547041533 0.4999026504199145 -0.13240579549890905 -0.11659638347819896 -0.023726946158175912 -0.066016335567549808 -0.40912309254038182
-0.3493440462318908 0.001847899809272531 0.054625393992068325 -0.63458883199451688 0.073520323010911451 -0.48411454718479652 0.055902072713947717 0.18458649326199328 -0.26307615321457872 0.030097994029997032 0.35381365676414606
-0.39111378531616209 -0.14370102235410512 -0.05420596654493031 -0.4337283055259567 0.067129387046574521 -0.44772729490715302 -0.086750514568400008 -0.06056676443316434 0.096781138550271442 -0.0006017606872718151 -0.6401519135718009
0.56262977402445558 0.046742194086230093 0.098079298601160589 -0.037801234442863971 0.5608885224151231 -0.11915119176639007 0.06400754137751459 0.41282478805818923 0.075725629785975426 0.1129277697388036 0.38524428390850696
0.46297883207120855 0.0043823211581512905 0.13383502234888717 0.079936429667030018 0.33157565323109761 0.051480056298655458 0.083821114564161664 0.70766616224559775 -0.1889010698821193 -0.06033861048260325 -0.31874033594180357
0.43470672118330833 -0.18545107809564929 0.079947146144286566 0.15745826635164309 0.54083086748095133 0.083510177618811549 0.018082695751269449 -0.40940001385977659 -0.00023476909936221292 0.15310418203564871 0.5045840212280418
0.43709737385377861 -0.010615649230884854 0.12504460690507208 0.06362652884996188 0.37486923130353944 0.074862431712069771 0.084595393476433356 -0.46964810673029517 -0.028284661667520573 -0.021274586569509479 -0.64345864337959913
0.40028629929566817 0.021559012400212112 -0.079546870576975376 0.068234927131781101 -0.50912304461945523 -0.050714658016613158 -0.043675267468490646 0.56560294433778335 -0.14697388268183581 0.051708840165324843 0.46952612345542599
0.52123686903255761 0.13555209177373131 -0.11501292713403488 -0.26154319304189377 -0.38995897407278196 -0.13716019586566372 -0.037437712474252129 0.34269979610106721 0.12070247171050215 0.099231795314236301 -0.56050267823738498
0.54380700181388186 0.013007763491452943 -0.014950345608417218 0.0061583050648173522 -0.46864787832035287 0.065963256941370743 0.033286766365888294 -0.48438430144351408 0.10792737918803239 -0.065584679454786701 0.47767718234596473
0.49765844244280349 0.16037684878392375 -0.054815192123790872 0.18903755432486097 -0.43277051314346826 -0.021036825230425455 -0.072929771312095729 -0.38829201896410426 0.0053070346438619988 -0.11968659141903389 -0.57419516318716879
-0.47116976415486261 -0.067450455758941694 0.10878807705246338 0.13724831522302494 0.50240427777422703 0.035707404366695637 -0.042728706737959733 0.42117744730015649 0.088274202341443619 0.21262392279237841 0.50682838785428075
-0.49918074796202738 0.0042682818478139437 -0.054165247552732373 -0.08782356305091478 0.44702372213461289 0.021957579912149496 0.20607836428791723 0.47354532716039255 0.15236226923670504 0.19839911974481603 -0.45885861220265567
-0.3320572772667077 0.09277521324326192 -0.054182413934061043 0.034411686980369387 0.54366573606133506 -0.030150000839409569 -0.025795297256238529 -0.5219832970186421 0.056342499807700119 -0.11482870219926104 0.53947873291100623
-0.60519701796595948 0.027743374362463075 0.066338390641665648 0.017441483736136094 0.47365819013072141 0.062758032327175348 -0.070753298123741065 -0.46867915861064635 0.05435178739946836 0.10658040910873734 -0.40123752589468437
-0.20069381237389577 -0.011361642846178431 0.12431823153213449 0.15753083764102638 -0.5348042659430462 -0.10203936003609808 -0.14706904488535938 0.53834942868381319 0.13807641897129491 0.033784807237662161 0.53966504739175669
-0.54724992904726277 0.06753883611973506 -0.25711924864412838 0.027973952227201566 -0.49821280872623236 -0.16496663176827514 0.26190653199347147 0.33457681708700449 -0.12971590630300303 -0.14456434638391685 -0.36792857152528774
-0.47174758371000647 0.06240406584015476 0.054830884036788222 0.024234403669221194 -0.51089793585983878 -0.057126389536586997 0.15614772358990764 -0.5093277457901455 -0.077616321173159808 -0.015142070716167378 0.46436586070208663
-0.56779990088181798 0.10761932136467449 -0.15479062749843878 0.13702178583957031 -0.52176860243734113 -0.23126110911988093 0.22333541094214576 -0.27182686432183478 -0.11146745453926941 0.008071377264137326 -0.40162592108909401
-0.18667491678769152 0.27433439608760241 0.36165991616312632 -0.071465210742363894 0.45220990369152064 0.076541590544127402 0.033842589402299512 -0.15703824745772862 0.071504680064149589 0.23618314677220814 0.67596878705153496
0.10974715988175636 0.46361704198885612 0.57030202537020824 -0.10698167318592117 0.54454394177218379 -0.0096611787799674512 0.12522727856242927 0.05160220982600508 -0.12068440346607037 0.014172896350871383 -0.3264867872581545
-0.15566397511765534 0.49729464167232129 0.46841066962934047 -0.20617357974924641 -0.44186156830661732 0.18071991484674424 0.1102853071655808 0.03343812123055119 -0.0071724841242996841 0.032998380262316121 0.47352723055834739
0.098028741910666628 0.57162152863872773 0.55923434702501618 -0.058229503816300536 -0.44836290752066421 -0.018181311301699213 0.19615438750157504 0.019707422167421863 -0.20640817812992723 0.043704424539899804 -0.25053196977637726
0.076158372410876612 0.56088720878230913 -0.45912337065301584 -0.21912308200807332 0.26191860462966399 -0.1384890800800293 -0.01409758297295517 0.034456826743299661 0.076629481315294096 -0.03784245383666153 0.56949584946786225
-0.033900127377061759 0.41954876622693754 -0.40171677170432757 -0.11081300802228929 0.17420704292803119 -0.12844621492028307 0.011410311898445864 -0.37325784386173766 -0.043278209085808823 -0.04024291484962754 -0.67777805657420032
-0.16409426730457771 0.41000832291773281 -0.52175400174012676 0.13945694536247502 -0.41970440669914127 -0.17498057997123515 -0.09459904148128763 0.0780501934749354 0.20986050026739875 0.042780575394307616 0.49558889990630478
0.20292279710623823 0.45191991840179374 -0.48810107907984063 -0.15412065894386512 -0.51033887164460279 0.2375976882103715 -0.15504681341583298 0.0012205021864356931 -0.15358396477990674 0.014010814795067274 -0.3575907134629937
-0.026056700587374481 -0.36749187603880312 0.52268726877593052 0.047806379255869905 0.62913923237183556 0.083291580564601231 -0.032613430286241252 -0.072809623968967299 -0.09039998313320044 0.050890908914679671 0.41097780806441131
0.28928222797265862 -0.24635914865875502 0.4189133972682974 -0.034886769896811408 0.62080504100672651 -0.19962959607220582 -0.047862844088448715 0.10077693490860018 -0.096679174881194374 -0.050542321158528872 -0.47887194031566038
0.07496627243231839 -0.45709096077062067 0.51830820066620753 0.067532730212369996 -0.46929649472999041 0.12598961516410687 -0.082697679603333477 -0.16292265589231217 -0.2015795143389956 -0.18389754573009612 0.41023890846076716
0.10462180411865772 -0.40551798776218007 0.36241375041568263 -0.10866517147960764 -0.47692698076044948 -0.041000371709993107 -0.057397112858933751 -0.14550344484049307 -0.048327773216429712 0.10331045897530247 -0.64408300135995122
-0.028950846793547355 -0.75659517037995616 -0.47932247746948337 -0.089940444025313537 0.25039041010557628 0.012116827057475523 0.21867634037435515 0.013102196471832141 0.13979066885382763 -0.0086036507796070898 0.24173877943077915
0.051793609725122307 -0.48415676959690912 -0.59437956402158243 0.082876437564537414 0.47027902139247441 -0.055481708145880354 0.091665570591147091 -0.092088227260468808 0.067944556900027861 -0.099309851273327532 -0.38360366097126353
-0.12100515206548652 -0.29433503850706366 -0.43008539624319353 0.157515871058553 -0.54845283806440093 -0.052337903808907203 0.092304298301387394 -0.30161665293118955 -0.11727225131591164 0.11357707715056124 0.50917084228631548
0.08947403544650602 -0.40921187481074195 -0.3293372262452246 -0.06681000651054525 -0.5063126623549421 -0.15492939856319121 -0.050434437998039497 -0.050181388157026108 -0.057534429350525731 -0.32441341182942746 -0.56359714845340669
-0.055665322930622277 0.46545361733630741 -0.06048951019096465 0.34381319845336467 -0.24125812107556818 0.21126649066964273 -0.11507693615703367 0.61138903391945909 0.16310699652263658 0.028628276011756496 0.37561425965825662
0.01554406158642474 0.35430003874501848 0.030653018677835667 0.49020573502374137 0.06254142342485039 0.11173913364958916 0.20372302653718516 0.44420589249152831 0.12266708516910006 -0.093073488472626975 -0.5950291558836972
-0.067923569983399879 0.34999435266251833 0.10772972858737023 0.55937401385043584 0.13982534773879496 -0.0027804721173827797 0.030154167935102331 -0.52147940419710137 -0.12648909128517707 0.04912669280078006 0.48740489949488003
-0.12962316313204914 0.55642437024339031 -0.20394354303386139 0.46692680174450168 -0.073805143905436771 -0.061974376895821248 -0.12686498507758795 -0.37635611893828774 0.06626839960306144 0.13856986464443077 -0.47260593025612113
-0.15719960456217524 0.45870173522361918 -0.1442976777023485 -0.45049164739612491 0.14516818886770416 0.038279838742872656 -0.074178786935003918 0.45817788682893734 0.023064273969944916 -0.17685525097019048 0.52090123844294367
0.019364462491744387 0.38058455592304596 -0.045803579650005401 -0.42347160964503749 -0.088464309009700023 -0.088693724797403853 0.080199441525924092 0.46116841346813758 0.17503815040117476 -0.10637154181885253 -0.62976203085576343
0.082728392972112957 0.45928559224176868 -0.068628266063026966 -0.50959301205743857 -0.0065001620089542985 -0.16008558559657374 -0.033222196120938158 -0.57424790641663614 -0.024126286319447091 -0.19371118953677899 0.35096689175838075
0.15898648846944208 0.41403338611290907 0.078741740414786543 -0.51874968989090886 -0.099437614195115251 -0.1644020673368127 0.10734408495997266 -0.45662312358655405 0.16946131142762674 -0.13063872714599517 -0.47462746200594436
0.0051987279692463058 -0.40204214975655278 0.25528101187315949 0.49881090844865955 -0.1695639572906362 -0.25627384686098215 0.1851427424767815 0.57906132744120442 -0.100202116177282 -0.014573246979009739 0.22379331043526043
-0.22917840281480931 -0.4234760945801252 0.044378794083110761 0.55013483323477275 -0.13592130716185774 0.069057324434281045 0.2226347367167347 0.37272059444457806 -0.0049228876963234207 -0.062973706741420929 -0.49780230917625451
-0.0044817607239738344 -0.4964623375993687 -0.10638117321896792 0.46574607794525497 -0.07596968551646241 -0.022780587289734179 -0.013358675454914055 -0.40541624805405463 -0.072334979871181163 -0.042904194911243483 0.58937631620598219
-0.028530307240687617 -0.46962197868818317 0.084887799034883901 0.45941390128299775 0.0039017164604314299 0.017411438630116065 -0.13546302825559625 -0.39375466854514507 0.13344920357360898 0.055516596263762534 -0.60479088334545128
0.023440196389553258 -0.51007137771645317 -0.027234236134433269 -0.40678612409441472 -0.12325172874805669 0.12873912672369631 -0.011125426745031088 0.48991333962801281 0.059131458125886924 0.12986014489036576 0.5299031034333912
-0.1788902848164706 -0.49202692994030955 -0.25682822222270901 -0.54978923851636996 0.080205141742747593 0.10383483479252364 0.14823102287210177 0.4439141143291338 0.033807521666840458 0.0075276854545605525 -0.34674557589543686
0.16449434997357712 -0.48209229398756404 0.39678696005518843 -0.44449406942121417 -0.042187934121787382 0.060056888248573158 0.07691058921242197 -0.38614897242450735 -0.071885145432426342 0.15270179625992525 0.44341349496851162
0.18939360626113794 -0.35109726670199659 -0.16285980439788231 -0.64837461382251305 -0.12842571266944361 0.0284726167057287 0.0040266995048955524 -0.49140385227350503 -0.10441126653171549 0.051051063179768832 -0.3487722436467206
-0.12979821680129752 0.37904673858524024 0.02215148646853924 -0.014100899385030917 -0.020533000164083038 0.56757509141051987 0.52104887703500202 0.079915484571956116 -0.074526825744410746 0.2134167490665301 0.43271700591725532
-0.078468516386492257 0.50474497783402483 -0.06673781456794621 0.27875802915978204 0.02529977567370827 0.55790154382106072 0.26466724624934579 0.095781822732041916 -0.14179107783668105 -0.15124747036875782 -0.47203558920477423
-0.10087866477792547 0.57431466168713463 0.12763871174236227 -0.20746397304003952 -0.017163253126285343 0.2969524905966574 -0.48822780889271983 0.10350183694462871 -0.15847918359820748 0.20594055083020765 0.44223486842657456
-0.14523639826613685 0.48842137289028614 0.094204239388525249 -0.1689295711970405 -0.0017301206786908346 0.33676615069723759 -0.36129622949193818 0.01672069203337246 -0.053687109661197475 0.12339683049153903 -0.66377801131083503
-0.043577672707115725 0.63449361581672725 -0.015143793777425248 0.1415828571041044 0.018601917391881845 -0.51722139412548862 0.41286806169540241 0.0060265548174216416 -0.045517605254548524 -0.089412961713504824 0.35611361993072987
-0.18106133464445892 0.51217800381915979 0.044779588004400232 0.087529875335861082 -0.21994832641080966 -0.40711674664065728 0.49674812715950262 -0.17458029771416761 0.0091266861441417074 0.095388057687799427 -0.44122933164101674
0.074286020840939035 0.537610244129891 0.092308108338260364 -0.0060679230061990918 -0.22225062598596396 -0.52260121895066958 -0.40474654740573957 -0.05184640475694853 0.070172613730887831 0.082048188735984393 0.44297619895878715
0.2096514002460737 0.35759317875598756 0.10273557453731209 -0.055546504832167609 -0.090264655660235657 -0.40571203524562266 -0.54152958381823346 0.094642497252568444 -0.13377251397214926 0.0017573237206733663 -0.56716291018121168
-0.025155969585327457 -0.45058058017925168 -0.11348044259483586 0.062898278764738136 -0.12497451496941456 0.31312512088341143 0.49816256059354852 0.094379135348872129 0.064199741299686836 0.031834741761400789 0.6353234824749433
-0.13141566053583756 -0.52759341792746695 -0.10827530435875309 0.094375903450733628 0.029016452775284609 0.56324677174512916 0.54844746781000764 -0.025870265118749916 -0.089444126514961711 -0.10797257121598297 -0.21102998118492844
0.099577690049457893 -0.37548746791249615 -0.037069280808776042 -0.022325252865486658 -0.037567438859993196 0.40046467910187644 -0.68892575964392544 -0.0079718173704335996 -0.041547261157833706 0.028765333001658504 0.45629130328514855
0.082310616225401242 -0.4116243278398164 0.07678676681455536 -0.25275039266967958 -0.10949099586591723 0.57686947943198363 -0.5299666933024938 -0.028784521701497878 0.067971146711052755 -0.088002813294801169 -0.33939197917170572
-0.1384627576633381 -0.58506653299523792 -0.1289771392196612 -0.16012237088735476 -0.0030586355870699977 -0.43188532391654694 0.43018972155770152 -0.10079433791971724 0.24277147110998643 -0.010524066111687196 0.39426541073262861
0.048256813124149797 -0.4834056336117285 -0.070531101414880379 0.007844875746789489 0.098858101620876201 -0.3840469766243873 0.55666390256989606 -0.063129662180765655 -0.086131677489801092 0.21755954300724389 -0.48278174699828608
0.048646455464266089 -0.35942084574602806 0.14713241810058483 -0.14240307524884446 -0.051401643362287752 -0.48176619788249703 -0.4679552432329866 -0.25323605179366038 -0.01123950811883081 -0.30347494071204034 0.46524060611129375
0.049598245169967796 -0.33695550438621386 -0.11438963578689998 0.088968238892528584 -0.082270959396411075 -0.50869312602135841 -0.48544034178206125 -0.080682885360564213 0.015393027198478274 0.076820488706616605 -0.59090022205137116
-0.0556183387143055 0.09052120276892571 0.44177181662206183 0.050808234930277335 -0.15235899901443564 0.51797227494128439 -0.1588671335915007 0.44115176937625555 0.13783731969927551 0.19029804520900398 0.47370247296112106
0.1011015513187449 -0.069583668409893551 0.42292252028509025 0.13420505136032865 0.00018435123454527805 0.46356312777296138 -0.16187809044530727 0.495455964110461 0.074120403132045237 -0.09114026435694153 -0.53636724129486124
0.17909737914058926 0.020201124271573882 0.43946332720571052 -0.12884291679462237 -0.070210710596087592 0.4438371848755755 0.15514960074077341 -0.54134803975648704 0.20333417194782605 -0.1052389255576215 0.43164502075565581
0.10926705205658381 -0.031113259057860099 0.4321757370402316 -0.017078121495388308 0.058123241754428512 0.31747754187132204 -0.032193750609264229 -0.55388511947408992 -0.052298808260584216 0.095253149951575716 -0.61336885690960019
-0.035800713453926804 0.0036970551105301778 0.48081157090804438 -0.021721418295668534 0.14895213331124826 -0.49837915479146605 0.12635461041134524 0.32497720272536151 -0.016015524244893685 0.035754683840408412 0.61104334520757597
0.097460053145629208 -0.044155235963406134 0.59464191217429585 -0.023249702485506639 -0.08610415704546491 -0.40449223570900694 0.010277813283790221 0.55705890196948704 -0.059807955356248561 0.041505097050572648 -0.3842713726965607
0.033423846487582551 -0.003484109326741106 0.41701416766529981 0.1086399696005011 0.016495752135692671 -0.44121416447551554 -0.042167039432872706 -0.4993107118920892 -0.12468513873548481 0.010280992582811573 0.59286075162111251
0.0096970561938779041 0.08961486067989835 0.46711664000485659 0.14221880889698474 -0.019817795889366215 -0.60535865081021001 0.045098553212037283 -0.45171274535185318 -0.10159634179619879 0.067911964821648574 -0.4069238531726625
0.045082572284347422 -0.033647123249198087 -0.40185301112843813 0.025747281491111645 0.17965210465226675 0.35256181472235726 -0.001062350104072321 0.45863481536411255 -0.17460384285799882 -0.1622718915004662 0.64105090643883889
-0.23368831252244493 0.076030094836605722 -0.66318210414211021 -0.10092223629135084 -0.26217414422109536 0.43189465180304487 0.10372822647616829 0.36735972403572403 0.078740767625887498 0.041431292562757523 -0.28410517732307938
-0.051751550066788658 0.13778505296932447 -0.35746914108554079 -0.031263403634295042 -0.18135818655759348 0.61902328592219202 -0.14879714157761886 -0.50603682533419569 0.096317218717922468 0.12170356857409705 0.36220467349568491
-0.0033537556042456005 -0.027098850416355177 -0.31283736180624899 0.26248392793911518 -0.1917709340607929 0.53270443965957293 -0.29953489696458335 -0.4351897757564907 -0.1161998878097126 0.20874129729346069 -0.41922861010710483
-0.08368546863249908 -0.056713942081077218 -0.53861097191686247 0.021389182274201324 -0.017963132943084714 -0.39876849488683713 0.17494898632432734 0.55293576282704138 -0.13925430756086205 -0.1844384423621736 0.38746303235545071
0.10930834758524831 -0.034773100314540506 -0.50172338734976296 0.014351707961172702 -0.14691090013330246 -0.55068464970048003 0.052964318739670196 0.40097618711798144 -0.047039296113061672 0.032965872152736803 -0.49314016862654991
-0.090760867833527076 -0.060809141543157544 -0.4713392614077111 0.0079110886073702862 -0.15798357568570695 -0.59111362917696231 0.085726553493371466 -0.30363096505658838 -0.15107444606391776 0.044770738645089167 0.51681581198234883
0.090986515888848735 0.049548731698466242 -0.29697936151514737 0.057252471190493079 -0.060080912492940362 -0.51860099295469853 0.044698634406465113 -0.41570914358552857 0.26429414931782147 0.18476085096411698 -0.58858733859938173
0.033724742234386561 -0.12816698534251747 -0.15943267639926448 0.47282676311438993 0.45435761419713322 -0.10000842767168738 0.55950541832307599 -0.094134665181734301 -0.11244588940930317 0.062843583779501722 0.42250250867307199
-0.021927158986812651 -0.00916193069333659 0.030573650545016207 0.55014435027016229 0.54564644904687121 -0.25900854470533663 0.38588582403705562 0.083462433526870605 -0.096215250991613627 0.074479397904919448 -0.40043454977865045
-0.035168604483948242 0.028036707001188425 0.20573773445658952 0.48168860592191298 0.5953274891449819 0.15193030181558334 -0.33819112650437533 -0.011086458028869321 -0.083424900977672495 -0.1101472767095894 0.4610198083117627
0.047111519134625815 -0.017571571108509588 0.08537795688421794 0.35844359907907214 0.53099301609314464 0.0040257593329733089 -0.42293128382855028 -2.7500839455137256e-05 -0.0099208665966105201 0.25038460669873708 -0.58143701212629362
0.021842505747287681 0.15333487495999662 0.088432784227865685 0.47630629607969943 -0.29906938479860556 -0.13169070304857994 0.35253788011074361 0.070014143070834992 -0.17926198504296409 -0.2930799887958116 0.62235252196963442
0.081934285819649094 0.078806562676615038 -0.052460213695732512 0.46809256132168797 -0.5522900488549759 0.18664578593940717 0.5335321440886045 0.079879419732071411 -0.20985163394166839 0.086879476265520866 -0.28762755238463328
0.14915479546315599 0.096774021996130624 -0.00011738123923136298 0.46905376131267768 -0.43719242599443303 0.046940446181163054 -0.48198651147247629 -0.037921394084164471 0.20617881335200802 -0.14321701665788261 0.50819850623177354
-0.068728011322170698 0.12225543726243415 0.16945430957904367 0.64095609355674887 -0.40409653523130845 -0.16615171068389528 -0.247039734462453 0.061207627413984861 -0.012848515833247335 0.00254695265306138 -0.53380110105172807
0.042376091792990948 0.031008025263497465 -0.035999839510868825 -0.67346564794391717 0.41303790615960317 0.047670135297683505 0.46915097984618709 -0.015342168002871089 0.045318680586044054 0.10280286622340977 0.3695372944112667
0.15764644994149041 -0.21020812260718272 -0.13558116728591399 -0.54529395253713064 0.18516169223645537 -0.10748910889947313 0.58219587937392925 0.13348253884400782 0.010467459156906377 0.18503289073540879 -0.42222892501513054
-0.062773147612030109 0.030469183699756652 -0.017293928565679809 -0.43260897836209616 0.33587695075810964 0.12602433696015328 -0.58335425090888859 0.10785461710545874 -0.19432225920026727 -0.052867724683068551 0.53525242258555839
0.10125632947776103 -0.13676007272053239 0.18729690228818885 -0.41380836772996532 0.4089657869829606 0.1367343461975466 -0.4564868063168297 0.13010656017327554 0.26094928606697243 0.086325515198449915 -0.52718355557890062
-0.038261550470572232 0.052358569930381717 0.025876239715574879 -0.44936059145627233 -0.43453794210275365 0.059838871952928779 0.58540543199029738 -0.23641103243496045 0.065063824450978122 -0.018968408285930993 0.44453728912813273
0.085306761981223278 0.0051945774967272727 -0.099881616087741404 -0.54697605353593648 -0.59388297892986075 0.1201703079052082 0.38901405487846197 -0.053115100318990291 -0.027302938795580257 -0.13168472821260035 -0.37968311774431546
0.1479059127250657 0.12769004903755793 -0.17562044288930168 -0.31440259066365256 -0.55305146312117914 -0.21455723803987894 -0.60523238344492458 -0.10840448138887054 -0.00077927163201411108 -0.11574664524142089 0.29794491339975626
-0.026463784836833398 0.19249500263228814 -0.070273277135588244 -0.37044262628541696 -0.40889419059957466 0.26595129843007154 -0.60682225055013894 0.10959772386444529 -0.12820817227566911 -0.059273736773171826 -0.4265666428754657
