1 0 0 0 0 0 0 0 0 0 0
-1 0 0 0 0 0 0 0 0 0 0
0 1 0 0 0 0 0 0 0 0 0
0 -1 0 0 0 0 0 0 0 0 0
0 0 1 0 0 0 0 0 0 0 0
0 0 -1 0 0 0 0 0 0 0 0
0 0 0 1 0 0 0 0 0 0 0
0 0 0 -1 0 0 0 0 0 0 0
0 0 0 0 1 0 0 0 0 0 0
0 0 0 0 -1 0 0 0 0 0 0
0 0 0 0 0 1 0 0 0 0 0
0 0 0 0 0 -1 0 0 0 0 0
0 0 0 0 0 0 1 0 0 0 0
0 0 0 0 0 0 -1 0 0 0 0
0 0 0 0 0 0 0 1 0 0 0
0 0 0 0 0 0 0 -1 0 0 0
0.5 0.5 0.5 0.5 0 0 0 0 0 0 0
0.5 0.5 0.5 -0.5 0 0 0 0 0 0 0
0.5 0.5 -0.5 0.5 0 0 0 0 0 0 0
0.5 0.5 -0.5 -0.5 0 0 0 0 0 0 0
0.5 -0.5 0.5 0.5 0 0 0 0 0 0 0
0.5 -0.5 0.5 -0.5 0 0 0 0 0 0 0
0.5 -0.5 -0.5 0.5 0 0 0 0 0 0 0
0.5 -0.5 -0.5 -0.5 0 0 0 0 0 0 0
-0.5 0.5 0.5 0.5 0 0 0 0 0 0 0
-0.5 0.5 0.5 -0.5 0 0 0 0 0 0 0
-0.5 0.5 -0.5 0.5 0 0 0 0 0 0 0
-0.5 0.5 -0.5 -0.5 0 0 0 0 0 0 0
-0.5 -0.5 0.5 0.5 0 0 0 0 0 0 0
-0.5 -0.5 0.5 -0.5 0 0 0 0 0 0 0
-0.5 -0.5 -0.5 0.5 0 0 0 0 0 0 0
-0.5 -0.5 -0.5 -0.5 0 0 0 0 0 0 0
0.5 0.5 0 0 0.5 0.5 0 0 0 0 0
0.5 0.5 0 0 0.5 -0.5 0 0 0 0 0
0.5 0.5 0 0 -0.5 0.5 0 0 0 0 0
0.5 0.5 0 0 -0.5 -0.5 0 0 0 0 0
0.5 -0.5 0 0 0.5 0.5 0 0 0 0 0
0.5 -0.5 0 0 0.5 -0.5 0 0 0 0 0
0.5 -0.5 0 0 -0.5 0.5 0 0 0 0 0
0.5 -0.5 0 0 -0.5 -0.5 0 0 0 0 0
-0.5 0.5 0 0 0.5 0.5 0 0 0 0 0
-0.5 0.5 0 0 0.5 -0.5 0 0 0 0 0
-0.5 0.5 0 0 -0.5 0.5 0 0 0 0 0
-0.5 0.5 0 0 -0.5 -0.5 0 0 0 0 0
-0.5 -0.5 0 0 0.5 0.5 0 0 0 0 0
-0.5 -0.5 0 0 0.5 -0.5 0 0 0 0 0
-0.5 -0.5 0 0 -0.5 0.5 0 0 0 0 0
-0.5 -0.5 0 0 -0.5 -0.5 0 0 0 0 0
0.5 0.5 0 0 0 0 0.5 0.5 0 0 0
0.5 0.5 0 0 0 0 0.5 -0.5 0 0 0
0.5 0.5 0 0 0 0 -0.5 0.5 0 0 0
0.5 0.5 0 0 0 0 -0.5 -0.5 0 0 0
0.5 -0.5 0 0 0 0 0.5 0.5 0 0 0
0.5 -0.5 0 0 0 0 0.5 -0.5 0 0 0
0.5 -0.5 0 0 0 0 -0.5 0.5 0 0 0
0.5 -0.5 0 0 0 0 -0.5 -0.5 0 0 0
-0.5 0.5 0 0 0 0 0.5 0.5 0 0 0
-0.5 0.5 0 0 0 0 0.5 -0.5 0 0 0
-0.5 0.5 0 0 0 0 -0.5 0.5 0 0 0
-0.5 0.5 0 0 0 0 -0.5 -0.5 0 0 0
-0.5 -0.5 0 0 0 0 0.5 0.5 0 0 0
-0.5 -0.5 0 0 0 0 0.5 -0.5 0 0 0
-0.5 -0.5 0 0 0 0 -0.5 0.5 0 0 0
-0.5 -0.5 0 0 0 0 -0.5 -0.5 0 0 0
0 0 0.5 0.5 0.5 0.5 0 0 0 0 0
0 0 0.5 0.5 0.5 -0.5 0 0 0 0 0
0 0 0.5 0.5 -0.5 0.5 0 0 0 0 0
0 0 0.5 0.5 -0.5 -0.5 0 0 0 0 0
0 0 0.5 -0.5 0.5 0.5 0 0 0 0 0
0 0 0.5 -0.5 0.5 -0.5 0 0 0 0 0
0 0 0.5 -0.5 -0.5 0.5 0 0 0 0 0
0 0 0.5 -0.5 -0.5 -0.5 0 0 0 0 0
0 0 -0.5 0.5 0.5 0.5 0 0 0 0 0
0 0 -0.5 0.5 0.5 -0.5 0 0 0 0 0
0 0 -0.5 0.5 -0.5 0.5 0 0 0 0 0
0 0 -0.5 0.5 -0.5 -0.5 0 0 0 0 0
0 0 -0.5 -0.5 0.5 0.5 0 0 0 0 0
0 0 -0.5 -0.5 0.5 -0.5 0 0 0 0 0
0 0 -0.5 -0.5 -0.5 0.5 0 0 0 0 0
0 0 -0.5 -0.5 -0.5 -0.5 0 0 0 0 0
0 0 0.5 0.5 0 0 0.5 0.5 0 0 0
0 0 0.5 0.5 0 0 0.5 -0.5 0 0 0
0 0 0.5 0.5 0 0 -0.5 0.5 0 0 0
0 0 0.5 0.5 0 0 -0.5 -0.5 0 0 0
0 0 0.5 -0.5 0 0 0.5 0.5 0 0 0
0 0 0.5 -0.5 0 0 0.5 -0.5 0 0 0
0 0 0.5 -0.5 0 0 -0.5 0.5 0 0 0
0 0 0.5 -0.5 0 0 -0.5 -0.5 0 0 0
0 0 -0.5 0.5 0 0 0.5 0.5 0 0 0
0 0 -0.5 0.5 0 0 0.5 -0.5 0 0 0
0 0 -0.5 0.5 0 0 -0.5 0.5 0 0 0
0 0 -0.5 0.5 0 0 -0.5 -0.5 0 0 0
0 0 -0.5 -0.5 0 0 0.5 0.5 0 0 0
0 0 -0.5 -0.5 0 0 0.5 -0.5 0 0 0
0 0 -0.5 -0.5 0 0 -0.5 0.5 0 0 0
0 0 -0.5 -0.5 0 0 -0.5 -0.5 0 0 0
0 0 0 0 0.5 0.5 0.5 0.5 0 0 0
0 0 0 0 0.5 0.5 0.5 -0.5 0 0 0
0 0 0 0 0.5 0.5 -0.5 0.5 0 0 0
0 0 0 0 0.5 0.5 -0.5 -0.5 0 0 0
0 0 0 0 0.5 -0.5 0.5 0.5 0 0 0
0 0 0 0 0.5 -0.5 0.5 -0.5 0 0 0
0 0 0 0 0.5 -0.5 -0.5 0.5 0 0 0
0 0 0 0 0.5 -0.5 -0.5 -0.5 0 0 0
0 0 0 0 -0.5 0.5 0.5 0.5 0 0 0
0 0 0 0 -0.5 0.5 0.5 -0.5 0 0 0
0 0 0 0 -0.5 0.5 -0.5 0.5 0 0 0
0 0 0 0 -0.5 0.5 -0.5 -0.5 0 0 0
0 0 0 0 -0.5 -0.5 0.5 0.5 0 0 0
0 0 0 0 -0.5 -0.5 0.5 -0.5 0 0 0
0 0 0 0 -0.5 -0.5 -0.5 0.5 0 0 0
0 0 0 0 -0.5 -0.5 -0.5 -0.5 0 0 0
0.5 0 0.5 0 0.5 0 0 0 0.5 0 0
0.5 0 0.5 0 0.5 0 0 0 -0.5 0 0
0.5 0 0.5 0 -0.5 0 0 0 0.5 0 0
0.5 0 0.5 0 -0.5 0 0 0 -0.5 0 0
0.5 0 -0.5 0 0.5 0 0 0 0.5 0 0
0.5 0 -0.5 0 0.5 0 0 0 -0.5 0 0
0.5 0 -0.5 0 -0.5 0 0 0 0.5 0 0
0.5 0 -0.5 0 -0.5 0 0 0 -0.5 0 0
-0.5 0 0.5 0 0.5 0 0 0 0.5 0 0
-0.5 0 0.5 0 0.5 0 0 0 -0.5 0 0
-0.5 0 0.5 0 -0.5 0 0 0 0.5 0 0
-0.5 0 0.5 0 -0.5 0 0 0 -0.5 0 0
-0.5 0 -0.5 0 0.5 0 0 0 0.5 0 0
-0.5 0 -0.5 0 0.5 0 0 0 -0.5 0 0
-0.5 0 -0.5 0 -0.5 0 0 0 0.5 0 0
-0.5 0 -0.5 0 -0.5 0 0 0 -0.5 0 0
0.5 0 0 0.5 0 0 0.5 0 0.5 0 0
0.5 0 0 0.5 0 0 0.5 0 -0.5 0 0
0.5 0 0 0.5 0 0 -0.5 0 0.5 0 0
0.5 0 0 0.5 0 0 -0.5 0 -0.5 0 0
0.5 0 0 -0.5 0 0 0.5 0 0.5 0 0
0.5 0 0 -0.5 0 0 0.5 0 -0.5 0 0
0.5 0 0 -0.5 0 0 -0.5 0 0.5 0 0
0.5 0 0 -0.5 0 0 -0.5 0 -0.5 0 0
-0.5 0 0 0.5 0 0 0.5 0 0.5 0 0
-0.5 0 0 0.5 0 0 0.5 0 -0.5 0 0
-0.5 0 0 0.5 0 0 -0.5 0 0.5 0 0
-0.5 0 0 0.5 0 0 -0.5 0 -0.5 0 0
-0.5 0 0 -0.5 0 0 0.5 0 0.5 0 0
-0.5 0 0 -0.5 0 0 0.5 0 -0.5 0 0
-0.5 0 0 -0.5 0 0 -0.5 0 0.5 0 0
-0.5 0 0 -0.5 0 0 -0.5 0 -0.5 0 0
0.5 0 0 0 0 0.5 0 0.5 0.5 0 0
0.5 0 0 0 0 0.5 0 0.5 -0.5 0 0
0.5 0 0 0 0 0.5 0 -0.5 0.5 0 0
0.5 0 0 0 0 0.5 0 -0.5 -0.5 0 0
0.5 0 0 0 0 -0.5 0 0.5 0.5 0 0
0.5 0 0 0 0 -0.5 0 0.5 -0.5 0 0
0.5 0 0 0 0 -0.5 0 -0.5 0.5 0 0
0.5 0 0 0 0 -0.5 0 -0.5 -0.5 0 0
-0.5 0 0 0 0 0.5 0 0.5 0.5 0 0
-0.5 0 0 0 0 0.5 0 0.5 -0.5 0 0
-0.5 0 0 0 0 0.5 0 -0.5 0.5 0 0
-0.5 0 0 0 0 0.5 0 -0.5 -0.5 0 0
-0.5 0 0 0 0 -0.5 0 0.5 0.5 0 0
-0.5 0 0 0 0 -0.5 0 0.5 -0.5 0 0
-0.5 0 0 0 0 -0.5 0 -0.5 0.5 0 0
-0.5 0 0 0 0 -0.5 0 -0.5 -0.5 0 0
0 0.5 0.5 0 0 0 0 0.5 0.5 0 0
0 0.5 0.5 0 0 0 0 0.5 -0.5 0 0
0 0.5 0.5 0 0 0 0 -0.5 0.5 0 0
0 0.5 0.5 0 0 0 0 -0.5 -0.5 0 0
0 0.5 -0.5 0 0 0 0 0.5 0.5 0 0
0 0.5 -0.5 0 0 0 0 0.5 -0.5 0 0
0 0.5 -0.5 0 0 0 0 -0.5 0.5 0 0
0 0.5 -0.5 0 0 0 0 -0.5 -0.5 0 0
0 -0.5 0.5 0 0 0 0 0.5 0.5 0 0
0 -0.5 0.5 0 0 0 0 0.5 -0.5 0 0
0 -0.5 0.5 0 0 0 0 -0.5 0.5 0 0
0 -0.5 0.5 0 0 0 0 -0.5 -0.5 0 0
0 -0.5 -0.5 0 0 0 0 0.5 0.5 0 0
0 -0.5 -0.5 0 0 0 0 0.5 -0.5 0 0
0 -0.5 -0.5 0 0 0 0 -0.5 0.5 0 0
0 -0.5 -0.5 0 0 0 0 -0.5 -0.5 0 0
0 0.5 0 0.5 0 0.5 0 0 0.5 0 0
0 0.5 0 0.5 0 0.5 0 0 -0.5 0 0
0 0.5 0 0.5 0 -0.5 0 0 0.5 0 0
0 0.5 0 0.5 0 -0.5 0 0 -0.5 0 0
0 0.5 0 -0.5 0 0.5 0 0 0.5 0 0
0 0.5 0 -0.5 0 0.5 0 0 -0.5 0 0
0 0.5 0 -0.5 0 -0.5 0 0 0.5 0 0
0 0.5 0 -0.5 0 -0.5 0 0 -0.5 0 0
0 -0.5 0 0.5 0 0.5 0 0 0.5 0 0
0 -0.5 0 0.5 0 0.5 0 0 -0.5 0 0
0 -0.5 0 0.5 0 -0.5 0 0 0.5 0 0
0 -0.5 0 0.5 0 -0.5 0 0 -0.5 0 0
0 -0.5 0 -0.5 0 0.5 0 0 0.5 0 0
0 -0.5 0 -0.5 0 0.5 0 0 -0.5 0 0
0 -0.5 0 -0.5 0 -0.5 0 0 0.5 0 0
0 -0.5 0 -0.5 0 -0.5 0 0 -0.5 0 0
0 0.5 0 0 0.5 0 0.5 0 0.5 0 0
0 0.5 0 0 0.5 0 0.5 0 -0.5 0 0
0 0.5 0 0 0.5 0 -0.5 0 0.5 0 0
0 0.5 0 0 0.5 0 -0.5 0 -0.5 0 0
0 0.5 0 0 -0.5 0 0.5 0 0.5 0 0
0 0.5 0 0 -0.5 0 0.5 0 -0.5 0 0
0 0.5 0 0 -0.5 0 -0.5 0 0.5 0 0
0 0.5 0 0 -0.5 0 -0.5 0 -0.5 0 0
0 -0.5 0 0 0.5 0 0.5 0 0.5 0 0
0 -0.5 0 0 0.5 0 0.5 0 -0.5 0 0
0 -0.5 0 0 0.5 0 -0.5 0 0.5 0 0
0 -0.5 0 0 0.5 0 -0.5 0 -0.5 0 0
0 -0.5 0 0 -0.5 0 0.5 0 0.5 0 0
0 -0.5 0 0 -0.5 0 0.5 0 -0.5 0 0
0 -0.5 0 0 -0.5 0 -0.5 0 0.5 0 0
0 -0.5 0 0 -0.5 0 -0.5 0 -0.5 0 0
0 0 0.5 0 0 0.5 0.5 0 0.5 0 0
0 0 0.5 0 0 0.5 0.5 0 -0.5 0 0
0 0 0.5 0 0 0.5 -0.5 0 0.5 0 0
0 0 0.5 0 0 0.5 -0.5 0 -0.5 0 0
0 0 0.5 0 0 -0.5 0.5 0 0.5 0 0
0 0 0.5 0 0 -0.5 0.5 0 -0.5 0 0
0 0 0.5 0 0 -0.5 -0.5 0 0.5 0 0
0 0 0.5 0 0 -0.5 -0.5 0 -0.5 0 0
0 0 -0.5 0 0 0.5 0.5 0 0.5 0 0
0 0 -0.5 0 0 0.5 0.5 0 -0.5 0 0
0 0 -0.5 0 0 0.5 -0.5 0 0.5 0 0
0 0 -0.5 0 0 0.5 -0.5 0 -0.5 0 0
0 0 -0.5 0 0 -0.5 0.5 0 0.5 0 0
0 0 -0.5 0 0 -0.5 0.5 0 -0.5 0 0
0 0 -0.5 0 0 -0.5 -0.5 0 0.5 0 0
0 0 -0.5 0 0 -0.5 -0.5 0 -0.5 0 0
0 0 0 0.5 0.5 0 0 0.5 0.5 0 0
0 0 0 0.5 0.5 0 0 0.5 -0.5 0 0
0 0 0 0.5 0.5 0 0 -0.5 0.5 0 0
0 0 0 0.5 0.5 0 0 -0.5 -0.5 0 0
0 0 0 0.5 -0.5 0 0 0.5 0.5 0 0
0 0 0 0.5 -0.5 0 0 0.5 -0.5 0 0
0 0 0 0.5 -0.5 0 0 -0.5 0.5 0 0
0 0 0 0.5 -0.5 0 0 -0.5 -0.5 0 0
0 0 0 -0.5 0.5 0 0 0.5 0.5 0 0
0 0 0 -0.5 0.5 0 0 0.5 -0.5 0 0
0 0 0 -0.5 0.5 0 0 -0.5 0.5 0 0
0 0 0 -0.5 0.5 0 0 -0.5 -0.5 0 0
0 0 0 -0.5 -0.5 0 0 0.5 0.5 0 0
0 0 0 -0.5 -0.5 0 0 0.5 -0.5 0 0
0 0 0 -0.5 -0.5 0 0 -0.5 0.5 0 0
0 0 0 -0.5 -0.5 0 0 -0.5 -0.5 0 0
0.5 0 0.5 0 0 0.5 0 0 0 0.5 0
0.5 0 0.5 0 0 0.5 0 0 0 -0.5 0
0.5 0 0.5 0 0 -0.5 0 0 0 0.5 0
0.5 0 0.5 0 0 -0.5 0 0 0 -0.5 0
0.5 0 -0.5 0 0 0.5 0 0 0 0.5 0
0.5 0 -0.5 0 0 0.5 0 0 0 -0.5 0
0.5 0 -0.5 0 0 -0.5 0 0 0 0.5 0
0.5 0 -0.5 0 0 -0.5 0 0 0 -0.5 0
-0.5 0 0.5 0 0 0.5 0 0 0 0.5 0
-0.5 0 0.5 0 0 0.5 0 0 0 -0.5 0
-0.5 0 0.5 0 0 -0.5 0 0 0 0.5 0
-0.5 0 0.5 0 0 -0.5 0 0 0 -0.5 0
-0.5 0 -0.5 0 0 0.5 0 0 0 0.5 0
-0.5 0 -0.5 0 0 0.5 0 0 0 -0.5 0
-0.5 0 -0.5 0 0 -0.5 0 0 0 0.5 0
-0.5 0 -0.5 0 0 -0.5 0 0 0 -0.5 0
0.5 0 0 0.5 0 0 0 0.5 0 0.5 0
0.5 0 0 0.5 0 0 0 0.5 0 -0.5 0
0.5 0 0 0.5 0 0 0 -0.5 0 0.5 0
0.5 0 0 0.5 0 0 0 -0.5 0 -0.5 0
0.5 0 0 -0.5 0 0 0 0.5 0 0.5 0
0.5 0 0 -0.5 0 0 0 0.5 0 -0.5 0
0.5 0 0 -0.5 0 0 0 -0.5 0 0.5 0
0.5 0 0 -0.5 0 0 0 -0.5 0 -0.5 0
-0.5 0 0 0.5 0 0 0 0.5 0 0.5 0
-0.5 0 0 0.5 0 0 0 0.5 0 -0.5 0
-0.5 0 0 0.5 0 0 0 -0.5 0 0.5 0
-0.5 0 0 0.5 0 0 0 -0.5 0 -0.5 0
-0.5 0 0 -0.5 0 0 0 0.5 0 0.5 0
-0.5 0 0 -0.5 0 0 0 0.5 0 -0.5 0
-0.5 0 0 -0.5 0 0 0 -0.5 0 0.5 0
-0.5 0 0 -0.5 0 0 0 -0.5 0 -0.5 0
0.5 0 0 0 0.5 0 0.5 0 0 0.5 0
0.5 0 0 0 0.5 0 0.5 0 0 -0.5 0
0.5 0 0 0 0.5 0 -0.5 0 0 0.5 0
0.5 0 0 0 0.5 0 -0.5 0 0 -0.5 0
0.5 0 0 0 -0.5 0 0.5 0 0 0.5 0
0.5 0 0 0 -0.5 0 0.5 0 0 -0.5 0
0.5 0 0 0 -0.5 0 -0.5 0 0 0.5 0
0.5 0 0 0 -0.5 0 -0.5 0 0 -0.5 0
-0.5 0 0 0 0.5 0 0.5 0 0 0.5 0
-0.5 0 0 0 0.5 0 0.5 0 0 -0.5 0
-0.5 0 0 0 0.5 0 -0.5 0 0 0.5 0
-0.5 0 0 0 0.5 0 -0.5 0 0 -0.5 0
-0.5 0 0 0 -0.5 0 0.5 0 0 0.5 0
-0.5 0 0 0 -0.5 0 0.5 0 0 -0.5 0
-0.5 0 0 0 -0.5 0 -0.5 0 0 0.5 0
-0.5 0 0 0 -0.5 0 -0.5 0 0 -0.5 0
0 0.5 0.5 0 0 0 0.5 0 0 0.5 0
0 0.5 0.5 0 0 0 0.5 0 0 -0.5 0
0 0.5 0.5 0 0 0 -0.5 0 0 0.5 0
0 0.5 0.5 0 0 0 -0.5 0 0 -0.5 0
0 0.5 -0.5 0 0 0 0.5 0 0 0.5 0
0 0.5 -0.5 0 0 0 0.5 0 0 -0.5 0
0 0.5 -0.5 0 0 0 -0.5 0 0 0.5 0
0 0.5 -0.5 0 0 0 -0.5 0 0 -0.5 0
0 -0.5 0.5 0 0 0 0.5 0 0 0.5 0
0 -0.5 0.5 0 0 0 0.5 0 0 -0.5 0
0 -0.5 0.5 0 0 0 -0.5 0 0 0.5 0
0 -0.5 0.5 0 0 0 -0.5 0 0 -0.5 0
0 -0.5 -0.5 0 0 0 0.5 0 0 0.5 0
0 -0.5 -0.5 0 0 0 0.5 0 0 -0.5 0
0 -0.5 -0.5 0 0 0 -0.5 0 0 0.5 0
0 -0.5 -0.5 0 0 0 -0.5 0 0 -0.5 0
0 0.5 0 0.5 0.5 0 0 0 0 0.5 0
0 0.5 0 0.5 0.5 0 0 0 0 -0.5 0
0 0.5 0 0.5 -0.5 0 0 0 0 0.5 0
0 0.5 0 0.5 -0.5 0 0 0 0 -0.5 0
0 0.5 0 -0.5 0.5 0 0 0 0 0.5 0
0 0.5 0 -0.5 0.5 0 0 0 0 -0.5 0
0 0.5 0 -0.5 -0.5 0 0 0 0 0.5 0
0 0.5 0 -0.5 -0.5 0 0 0 0 -0.5 0
0 -0.5 0 0.5 0.5 0 0 0 0 0.5 0
0 -0.5 0 0.5 0.5 0 0 0 0 -0.5 0
0 -0.5 0 0.5 -0.5 0 0 0 0 0.5 0
0 -0.5 0 0.5 -0.5 0 0 0 0 -0.5 0
0 -0.5 0 -0.5 0.5 0 0 0 0 0.5 0
0 -0.5 0 -0.5 0.5 0 0 0 0 -0.5 0
0 -0.5 0 -0.5 -0.5 0 0 0 0 0.5 0
0 -0.5 0 -0.5 -0.5 0 0 0 0 -0.5 0
0 0.5 0 0 0 0.5 0 0.5 0 0.5 0
0 0.5 0 0 0 0.5 0 0.5 0 -0.5 0
0 0.5 0 0 0 0.5 0 -0.5 0 0.5 0
0 0.5 0 0 0 0.5 0 -0.5 0 -0.5 0
0 0.5 0 0 0 -0.5 0 0.5 0 0.5 0
0 0.5 0 0 0 -0.5 0 0.5 0 -0.5 0
0 0.5 0 0 0 -0.5 0 -0.5 0 0.5 0
0 0.5 0 0 0 -0.5 0 -0.5 0 -0.5 0
0 -0.5 0 0 0 0.5 0 0.5 0 0.5 0
0 -0.5 0 0 0 0.5 0 0.5 0 -0.5 0
0 -0.5 0 0 0 0.5 0 -0.5 0 0.5 0
0 -0.5 0 0 0 0.5 0 -0.5 0 -0.5 0
0 -0.5 0 0 0 -0.5 0 0.5 0 0.5 0
0 -0.5 0 0 0 -0.5 0 0.5 0 -0.5 0
0 -0.5 0 0 0 -0.5 0 -0.5 0 0.5 0
0 -0.5 0 0 0 -0.5 0 -0.5 0 -0.5 0
0 0 0.5 0 0.5 0 0 0.5 0 0.5 0
0 0 0.5 0 0.5 0 0 0.5 0 -0.5 0
0 0 0.5 0 0.5 0 0 -0.5 0 0.5 0
0 0 0.5 0 0.5 0 0 -0.5 0 -0.5 0
0 0 0.5 0 -0.5 0 0 0.5 0 0.5 0
0 0 0.5 0 -0.5 0 0 0.5 0 -0.5 0
0 0 0.5 0 -0.5 0 0 -0.5 0 0.5 0
0 0 0.5 0 -0.5 0 0 -0.5 0 -0.5 0
0 0 -0.5 0 0.5 0 0 0.5 0 0.5 0
0 0 -0.5 0 0.5 0 0 0.5 0 -0.5 0
0 0 -0.5 0 0.5 0 0 -0.5 0 0.5 0
0 0 -0.5 0 0.5 0 0 -0.5 0 -0.5 0
0 0 -0.5 0 -0.5 0 0 0.5 0 0.5 0
0 0 -0.5 0 -0.5 0 0 0.5 0 -0.5 0
0 0 -0.5 0 -0.5 0 0 -0.5 0 0.5 0
0 0 -0.5 0 -0.5 0 0 -0.5 0 -0.5 0
0 0 0 0.5 0 0.5 0.5 0 0 0.5 0
0 0 0 0.5 0 0.5 0.5 0 0 -0.5 0
0 0 0 0.5 0 0.5 -0.5 0 0 0.5 0
0 0 0 0.5 0 0.5 -0.5 0 0 -0.5 0
0 0 0 0.5 0 -0.5 0.5 0 0 0.5 0
0 0 0 0.5 0 -0.5 0.5 0 0 -0.5 0
0 0 0 0.5 0 -0.5 -0.5 0 0 0.5 0
0 0 0 0.5 0 -0.5 -0.5 0 0 -0.5 0
0 0 0 -0.5 0 0.5 0.5 0 0 0.5 0
0 0 0 -0.5 0 0.5 0.5 0 0 -0.5 0
0 0 0 -0.5 0 0.5 -0.5 0 0 0.5 0
0 0 0 -0.5 0 0.5 -0.5 0 0 -0.5 0
0 0 0 -0.5 0 -0.5 0.5 0 0 0.5 0
0 0 0 -0.5 0 -0.5 0.5 0 0 -0.5 0
0 0 0 -0.5 0 -0.5 -0.5 0 0 0.5 0
0 0 0 -0.5 0 -0.5 -0.5 0 0 -0.5 0
0.5 0 0.5 0 0 0 0.5 0 0 0 0.5
0.5 0 0.5 0 0 0 0.5 0 0 0 -0.5
0.5 0 0.5 0 0 0 -0.5 0 0 0 0.5
0.5 0 0.5 0 0 0 -0.5 0 0 0 -0.5
0.5 0 -0.5 0 0 0 0.5 0 0 0 0.5
0.5 0 -0.5 0 0 0 0.5 0 0 0 -0.5
0.5 0 -0.5 0 0 0 -0.5 0 0 0 0.5
0.5 0 -0.5 0 0 0 -0.5 0 0 0 -0.5
-0.5 0 0.5 0 0 0 0.5 0 0 0 0.5
-0.5 0 0.5 0 0 0 0.5 0 0 0 -0.5
-0.5 0 0.5 0 0 0 -0.5 0 0 0 0.5
-0.5 0 0.5 0 0 0 -0.5 0 0 0 -0.5
-0.5 0 -0.5 0 0 0 0.5 0 0 0 0.5
-0.5 0 -0.5 0 0 0 0.5 0 0 0 -0.5
-0.5 0 -0.5 0 0 0 -0.5 0 0 0 0.5
-0.5 0 -0.5 0 0 0 -0.5 0 0 0 -0.5
0.5 0 0 0.5 0 0.5 0 0 0 0 0.5
0.5 0 0 0.5 0 0.5 0 0 0 0 -0.5
0.5 0 0 0.5 0 -0.5 0 0 0 0 0.5
0.5 0 0 0.5 0 -0.5 0 0 0 0 -0.5
0.5 0 0 -0.5 0 0.5 0 0 0 0 0.5
0.5 0 0 -0.5 0 0.5 0 0 0 0 -0.5
0.5 0 0 -0.5 0 -0.5 0 0 0 0 0.5
0.5 0 0 -0.5 0 -0.5 0 0 0 0 -0.5
-0.5 0 0 0.5 0 0.5 0 0 0 0 0.5
-0.5 0 0 0.5 0 0.5 0 0 0 0 -0.5
-0.5 0 0 0.5 0 -0.5 0 0 0 0 0.5
-0.5 0 0 0.5 0 -0.5 0 0 0 0 -0.5
-0.5 0 0 -0.5 0 0.5 0 0 0 0 0.5
-0.5 0 0 -0.5 0 0.5 0 0 0 0 -0.5
-0.5 0 0 -0.5 0 -0.5 0 0 0 0 0.5
-0.5 0 0 -0.5 0 -0.5 0 0 0 0 -0.5
0.5 0 0 0 0.5 0 0 0.5 0 0 0.5
0.5 0 0 0 0.5 0 0 0.5 0 0 -0.5
0.5 0 0 0 0.5 0 0 -0.5 0 0 0.5
0.5 0 0 0 0.5 0 0 -0.5 0 0 -0.5
0.5 0 0 0 -0.5 0 0 0.5 0 0 0.5
0.5 0 0 0 -0.5 0 0 0.5 0 0 -0.5
0.5 0 0 0 -0.5 0 0 -0.5 0 0 0.5
0.5 0 0 0 -0.5 0 0 -0.5 0 0 -0.5
-0.5 0 0 0 0.5 0 0 0.5 0 0 0.5
-0.5 0 0 0 0.5 0 0 0.5 0 0 -0.5
-0.5 0 0 0 0.5 0 0 -0.5 0 0 0.5
-0.5 0 0 0 0.5 0 0 -0.5 0 0 -0.5
-0.5 0 0 0 -0.5 0 0 0.5 0 0 0.5
-0.5 0 0 0 -0.5 0 0 0.5 0 0 -0.5
-0.5 0 0 0 -0.5 0 0 -0.5 0 0 0.5
-0.5 0 0 0 -0.5 0 0 -0.5 0 0 -0.5
0 0.5 0.5 0 0.5 0 0 0 0 0 0.5
0 0.5 0.5 0 0.5 0 0 0 0 0 -0.5
0 0.5 0.5 0 -0.5 0 0 0 0 0 0.5
0 0.5 0.5 0 -0.5 0 0 0 0 0 -0.5
0 0.5 -0.5 0 0.5 0 0 0 0 0 0.5
0 0.5 -0.5 0 0.5 0 0 0 0 0 -0.5
0 0.5 -0.5 0 -0.5 0 0 0 0 0 0.5
0 0.5 -0.5 0 -0.5 0 0 0 0 0 -0.5
0 -0.5 0.5 0 0.5 0 0 0 0 0 0.5
0 -0.5 0.5 0 0.5 0 0 0 0 0 -0.5
0 -0.5 0.5 0 -0.5 0 0 0 0 0 0.5
0 -0.5 0.5 0 -0.5 0 0 0 0 0 -0.5
0 -0.5 -0.5 0 0.5 0 0 0 0 0 0.5
0 -0.5 -0.5 0 0.5 0 0 0 0 0 -0.5
0 -0.5 -0.5 0 -0.5 0 0 0 0 0 0.5
0 -0.5 -0.5 0 -0.5 0 0 0 0 0 -0.5
0 0.5 0 0.5 0 0 0 0.5 0 0 0.5
0 0.5 0 0.5 0 0 0 0.5 0 0 -0.5
0 0.5 0 0.5 0 0 0 -0.5 0 0 0.5
0 0.5 0 0.5 0 0 0 -0.5 0 0 -0.5
0 0.5 0 -0.5 0 0 0 0.5 0 0 0.5
0 0.5 0 -0.5 0 0 0 0.5 0 0 -0.5
0 0.5 0 -0.5 0 0 0 -0.5 0 0 0.5
0 0.5 0 -0.5 0 0 0 -0.5 0 0 -0.5
0 -0.5 0 0.5 0 0 0 0.5 0 0 0.5
0 -0.5 0 0.5 0 0 0 0.5 0 0 -0.5
0 -0.5 0 0.5 0 0 0 -0.5 0 0 0.5
0 -0.5 0 0.5 0 0 0 -0.5 0 0 -0.5
0 -0.5 0 -0.5 0 0 0 0.5 0 0 0.5
0 -0.5 0 -0.5 0 0 0 0.5 0 0 -0.5
0 -0.5 0 -0.5 0 0 0 -0.5 0 0 0.5
0 -0.5 0 -0.5 0 0 0 -0.5 0 0 -0.5
0 0.5 0 0 0 0.5 0.5 0 0 0 0.5
0 0.5 0 0 0 0.5 0.5 0 0 0 -0.5
0 0.5 0 0 0 0.5 -0.5 0 0 0 0.5
0 0.5 0 0 0 0.5 -0.5 0 0 0 -0.5
0 0.5 0 0 0 -0.5 0.5 0 0 0 0.5
0 0.5 0 0 0 -0.5 0.5 0 0 0 -0.5
0 0.5 0 0 0 -0.5 -0.5 0 0 0 0.5
0 0.5 0 0 0 -0.5 -0.5 0 0 0 -0.5
0 -0.5 0 0 0 0.5 0.5 0 0 0 0.5
0 -0.5 0 0 0 0.5 0.5 0 0 0 -0.5
0 -0.5 0 0 0 0.5 -0.5 0 0 0 0.5
0 -0.5 0 0 0 0.5 -0.5 0 0 0 -0.5
0 -0.5 0 0 0 -0.5 0.5 0 0 0 0.5
0 -0.5 0 0 0 -0.5 0.5 0 0 0 -0.5
0 -0.5 0 0 0 -0.5 -0.5 0 0 0 0.5
0 -0.5 0 0 0 -0.5 -0.5 0 0 0 -0.5
0 0 0.5 0 0 0.5 0 0.5 0 0 0.5
0 0 0.5 0 0 0.5 0 0.5 0 0 -0.5
0 0 0.5 0 0 0.5 0 -0.5 0 0 0.5
0 0 0.5 0 0 0.5 0 -0.5 0 0 -0.5
0 0 0.5 0 0 -0.5 0 0.5 0 0 0.5
0 0 0.5 0 0 -0.5 0 0.5 0 0 -0.5
0 0 0.5 0 0 -0.5 0 -0.5 0 0 0.5
0 0 0.5 0 0 -0.5 0 -0.5 0 0 -0.5
0 0 -0.5 0 0 0.5 0 0.5 0 0 0.5
0 0 -0.5 0 0 0.5 0 0.5 0 0 -0.5
0 0 -0.5 0 0 0.5 0 -0.5 0 0 0.5
0 0 -0.5 0 0 0.5 0 -0.5 0 0 -0.5
0 0 -0.5 0 0 -0.5 0 0.5 0 0 0.5
0 0 -0.5 0 0 -0.5 0 0.5 0 0 -0.5
0 0 -0.5 0 0 -0.5 0 -0.5 0 0 0.5
0 0 -0.5 0 0 -0.5 0 -0.5 0 0 -0.5
0 0 0 0.5 0.5 0 0.5 0 0 0 0.5
0 0 0 0.5 0.5 0 0.5 0 0 0 -0.5
0 0 0 0.5 0.5 0 -0.5 0 0 0 0.5
0 0 0 0.5 0.5 0 -0.5 0 0 0 -0.5
0 0 0 0.5 -0.5 0 0.5 0 0 0 0.5
0 0 0 0.5 -0.5 0 0.5 0 0 0 -0.5
0 0 0 0.5 -0.5 0 -0.5 0 0 0 0.5
0 0 0 0.5 -0.5 0 -0.5 0 0 0 -0.5
0 0 0 -0.5 0.5 0 0.5 0 0 0 0.5
0 0 0 -0.5 0.5 0 0.5 0 0 0 -0.5
0 0 0 -0.5 0.5 0 -0.5 0 0 0 0.5
0 0 0 -0.5 0.5 0 -0.5 0 0 0 -0.5
0 0 0 -0.5 -0.5 0 0.5 0 0 0 0.5
0 0 0 -0.5 -0.5 0 0.5 0 0 0 -0.5
0 0 0 -0.5 -0.5 0 -0.5 0 0 0 0.5
0 0 0 -0.5 -0.5 0 -0.5 0 0 0 -0.5
0.47373173748007547 0.39631557878998336 -0.044925134747788475 -0.26553602442557883 0.19573767273530102 0.12444043246471166 -0.035393258568026685 0.084159848366198636 0.48375484082049225 0.26020544241811772 0.4267607245781081
0.46504384666943371 0.46284081773902253 -0.095532275473008285 0.054867585452342167 -0.011963206992822504 0.065761389896995481 -0.0732261176996582 0.015295338579592187 -0.61010426950443741 -0.25383882591172802 -0.33264195600223706
0.47017520378764843 0.47853199356344339 -0.10567222548125875 0.081879658379600262 0.2150232513088893 -0.17129515795204786 -0.18080574072346647 -0.15732644521858929 0.52358728314876957 -0.29456928102164037 -0.19528812253503741
0.63499241492830361 0.56851253434128468 0.036890666702086891 -0.022048369366601452 0.1127949774759557 -0.14672668340847417 -0.054790716008090663 0.031552720676840111 -0.3071963968168458 0.28337242571784987 0.24251288257287926
0.37035232938568263 0.52786750329236687 -0.024153669538509642 0.13611527950995589 -0.19245701842289023 0.11598866510209802 0.10636268701279333 -0.14580927362208451 0.015785017906826918 0.55320107014786279 -0.41921027108122821
0.53655577362699136 0.67937635907652638 0.028449372994208775 -0.029119247173769403 -0.08007801244633099 0.067305077312347222 -0.02043150064717876 -0.018563794839163737 -0.010931807580942154 -0.36523873447255006 0.32198603595922326
0.29692085936891904 -0.74326695606167048 0.1349786557866568 0.0083096440295655147 0.17004991825888693 -0.0010085412771606928 -0.08357185093797774 0.053818153377930396 0.46057117515037099 0.19054124764624844 0.23210672847855171
0.61600530037833245 -0.39579140232129406 0.043228894856358592 -0.028711363475713399 -0.071606096725142634 0.092570946120010808 -0.010862229061986833 -0.078809956582726354 -0.44650488729553561 -0.3998993391240564 -0.2861496981826479
0.53851146224084123 -0.50870335655586485 0.14526107924285453 -0.067886739166308316 0.015599670885599175 -0.085047719139280303 -0.022597917875471156 0.0048203038162251098 0.37948546945086437 -0.37106439244560835 -0.36852210139624308
0.33470533558445487 -0.57393987758739562 -0.026309118276762109 0.04013436663302683 0.090882188220082441 0.064740188620198424 0.24584725568564245 0.031882896261443847 -0.46251377885067596 0.48201402284607148 0.18999381029210916
0.50439321677597082 -0.503083615021368 0.034782181077890183 -0.19334334467608855 0.088330051458764436 -0.015543676948681535 -0.09504931976316805 0.16486064120628396 0.075176020410833364 0.41376511556407974 -0.4824859553640925
0.45574445962901688 -0.47865615470636114 0.080108782974038187 0.088210409766650649 -0.073806409814130197 -0.060721349845374202 -0.05880862065873637 -0.14913861501700676 -0.065386149149079115 -0.47075104726266104 0.53690747226061752
-0.3907634105587755 0.46105990139299086 0.075642918414166316 -0.061018953549017332 0.28490008298886604 -0.0066891979924928874 0.068936419717335592 -0.12852459819012957 0.4607381531327272 0.43218157775136462 0.35176468503459862
-0.45830227775528004 0.31305715023850816 0.079561580260170794 -0.10810202627608509 0.20700558677250111 -0.034668787497256583 0.13187233364613707 -0.16765293707477144 -0.44920953280789366 -0.46081768255605493 -0.41260750278675645
-0.45793644945135259 0.42560078263760148 0.029215410269759261 0.082658827341435065 0.072169884745914528 -0.0096717237800426452 -0.15073730862463006 -0.088959567504339213 0.4390134670403279 -0.56031633845288731 -0.2425847509642077
-0.46260874997014872 0.41106414776073436 0.099568038831577041 0.0701225299373405 0.023202430164116532 -0.1051279232637521 0.032590513358703076 0.036344457204890518 -0.53034014189444068 0.4188587372366735 0.36264561944869761
-0.59660241950016413 0.41696176688459358 -0.12296057652113147 0.11047852246556349 0.078463493577885221 -0.10729688472488817 -0.086031967959893568 0.0099027109020219523 -0.023218441098330496 0.55339344957422898 -0.33306383797910244
-0.50720557898304819 0.5408325974869862 -0.23168389390165559 0.035325192326305335 0.098772132595205189 -0.020400943146284455 -0.080965834183808996 0.064506142121928886 0.22328598499858288 -0.45165284248573045 0.34724882099180909
-0.34614701026010691 -0.76906983766066062 0.064017529732771458 -0.074036048462202686 0.11839037739856142 -0.10806980501704896 0.16841941283926296 0.038200628015142943 0.31039373745697635 0.12371665516982031 0.33461084511088679
-0.38457940441463961 -0.54084782148845312 0.0089864730514551128 -0.03158404731936925 0.098793959901514947 0.050518498221892194 0.037534181624963935 -0.13183989209828526 -0.39881921629541761 -0.21196686288277297 -0.56869530645775757
-0.21439970066266695 -0.39590293768394846 -0.05609582692450369 -0.21890390713596605 0.075503873425778273 0.064085404160083723 -0.068467313877493607 -0.2058224015865322 0.60821192357709397 -0.40629860022236758 -0.39289854341055369
-0.17517182959795966 -0.27033762534372557 0.12646864305799418 -0.060390333104003296 0.086120711645635548 -0.302530433592203 0.014126588360206633 -0.10075441565224078 -0.72298926387836582 0.18080113144618221 0.46032174684443794
-0.42692329511488802 -0.41954957856608793 0.088201533873048507 -0.088589752421967524 -0.12937267558092724 -0.18599549535041446 -0.03509697573291029 0.079592651238202042 -0.015645487598826877 0.50340329392056293 -0.55993654772206647
-0.52835451614754569 -0.56218344241094875 -0.14228132393120069 0.21192971753203818 0.097121012773471044 -0.086824669792110024 -0.087305254580538588 -0.0065188951753031247 -0.16435516298333644 -0.42521485017896599 0.32737913150094222
-0.04171569832501159 -0.11540870906448793 0.41518496900767621 0.31931622275567939 -0.17712075773283861 -0.10880036100663368 -0.076578188241697029 -0.033208486617576805 0.47699077042716687 0.50373915125077673 0.42326066475881141
-0.023096866276880342 0.066296922226521976 0.31761893389574058 0.5128231082399699 0.050182823192380779 -0.123826566462128 0.068988111891297471 0.074532366303667108 -0.6258057638928175 -0.33740100174562315 -0.31235215341434253
-0.2060813723335764 -0.11403889289995114 0.3439093670354208 0.49943959821800621 0.032107581346507326 0.28063368852494358 -0.04213067292104087 0.12323459475382836 0.45367675199190777 -0.28588893288591943 -0.43875851419187467
-0.20431534893937645 -0.08202426901469155 0.52699607965762574 0.61473942715253826 0.064579337827270003 0.053276701970242923 -0.089681805621998123 0.16404825935915909 -0.30182310098767279 0.25826191963789796 0.31006107024222745
-0.12452542243543095 0.18342874793821887 0.5717145240684478 0.50902763880495716 0.050870234018909187 0.05508616122314771 -0.051444909261137969 -0.15521924670148041 -0.16049257129355102 0.30358367400127695 -0.46324713472994195
0.232095704913658 -0.17775039418454877 0.45036850104757231 0.47889700636061272 -0.1030079246920145 0.021386277151565714 -0.11475751250966763 0.12558166410688085 -0.062168155324864367 -0.4253811163771048 0.50748421802764287
-0.046385741775376722 -0.1933081111829193 0.3923304726096033 -0.36732133058561012 -0.009122692679409539 0.024798653839533214 -0.11659604666703698 0.015456495061847875 0.52824629670471512 0.32189328986948007 0.52387116673127232
-0.030247696034258593 -0.15158526879228731 0.37104901126079914 -0.43883234287734418 -0.0085910542268720653 0.1472578140049558 0.066621069116911819 0.23655714513830156 -0.42222303926962329 -0.48383730412807519 -0.38900981701808141
0.11852884170107943 -0.13498648948877789 0.61347003387048293 -0.32266725980122457 0.10734113727166411 -0.021942943483673198 0.032995533064097922 -0.12200892783403668 0.46135280643987742 -0.38589568003428176 -0.31229718901047665
-0.049741846745891202 0.028540560535322196 0.53761774323596134 -0.55071838301551213 0.093061478073754714 -0.20030565101502659 -0.21732325559496904 -0.012004252208587069 -0.41834204624031246 0.34082107301489301 0.13062253391519305
-0.0065117766593576929 0.013745732844538233 0.58903598150459757 -0.46395082809561122 0.057470038725406215 -0.10618820502743877 -0.020376068439295965 -0.048403273284719758 0.07640748651691058 0.34524359426655704 -0.5433110053642638
0.063235602512384942 0.19645560736892098 0.49945844122146155 -0.42411610588705656 -0.038001688244446954 0.11949416480638506 0.059275478083129406 0.19028079371035467 0.036307588864537416 -0.56159458003490326 0.39487110213975601
-0.11392365274912382 -0.14431580714305148 -0.3349332147071899 0.57388499400134574 -0.14291091863853933 0.20552321566502135 0.028216652593666399 -0.1104032083780347 0.52529806468331364 0.33194896405428204 0.25078588926617479
-0.2369131954842133 0.0044774699427656533 -0.47246098270184544 0.19358392734192675 0.067663054310373297 0.075311595934894227 -0.057284890697453565 0.013671811409226133 -0.54228799228737401 -0.46132946620802168 -0.40316029996330904
0.15035254114463081 -0.16136678494664547 -0.43711511030595113 0.48398167945403892 -0.078716863384738059 -0.048983375772416099 -0.1557821223343705 -0.094772356268962729 0.46516364554453798 -0.29140036905786026 -0.4276797999953848
0.35540174038396327 -0.06632157522067271 -0.46970760117066968 0.4577013362657899 -0.046487732845955462 0.1512926536742103 -0.055677791641730291 0.15516720234440937 -0.35173973762464761 0.22100965849871332 0.46301376013559004
-0.07346021098348024 0.30908303942471171 -0.51420458380316625 0.36434741289460104 -0.21585608316094337 -0.14604946348298198 -0.065584300212226318 -0.11272724995570377 -0.13878019674680381 0.39208641089701807 -0.49395460975450706
0.15465949242551053 -0.1817581675470471 -0.50348941969861594 0.34283420224729505 -0.16168103859931321 -0.13510912295066829 -0.096650736117648517 0.076515524047933173 -0.020691081469392282 -0.50203220355316114 0.50985473042559371
0.025715632245903276 -0.020454652582345814 -0.34642764556962752 -0.45749285583716454 0.057461755257644909 0.042765580208081848 -0.037762881622809663 -0.11169162420722857 0.52084677154906511 0.27847700258642449 0.54931401217521758
-0.081269217187856249 0.10607426090857949 -0.57224548368535033 -0.48668797008341635 0.10365489932216912 -0.099415699991676987 -0.012448975831693498 0.020017471287502552 -0.50412416043429209 -0.29226502632988288 -0.23889324231685488
0.094026852691977317 0.029665789552624746 -0.50914888333002395 -0.59738749447541117 -0.082958558437648267 -0.059616230201359595 0.077004885353705421 -0.041012426182162304 0.32984165225209627 -0.26167035096101871 -0.4229179719846704
-0.074079102143189551 -0.021887381734284828 -0.35727359125899072 -0.63647321379689648 -0.1084789782243354 0.016984853344711281 -0.035225531840977521 -0.08362795686398368 -0.45541948593849751 0.41899195174337789 0.24091253025477613
0.079592504916377774 0.088438252247602947 -0.51562750301047089 -0.41582093435383 -0.05028385216856545 -0.068173210521732627 -0.12575433940370809 0.097717670037043847 -0.044467598167169484 0.40368062789378384 -0.5912618467576457
0.21091820880638956 0.086497358362672624 -0.50133470280525849 -0.56685786815704997 -0.1783805033337153 0.03402658504381418 0.033631081233843015 -0.164224881655537 0.13544119396717699 -0.39536972898750528 0.37366773449124241
-0.059190581287787869 -0.045516490504941616 0.017114882662546883 -0.015505475180462289 0.26924346972832852 0.60083172123494766 0.033692125598420171 0.13429255618591812 0.57747540812132392 0.29168105382386694 0.35025026460707315
0.082528300098821311 0.086219545426370781 -0.018363766098455629 -0.069255120031275444 0.47074347281238671 0.37699375071965147 -0.062281105170014457 -0.22744034019000825 -0.45741986811832036 -0.44511291497611821 -0.39234114951328158
-0.0064047604893461051 0.038140908158232609 0.22959421595407933 0.024840632587026904 0.33462552469246681 0.52227182364243863 -0.072399560101559957 0.04853798656870538 0.42306864314297721 -0.44415999768063436 -0.42020087672563916
-0.064472407948591118 -0.18746816764676352 -0.068654634074639911 -0.0014394243685643643 0.55139263095422786 0.39794135431059868 -0.038190806685009356 0.059569474567539415 -0.37264557590288266 0.46701136339491944 0.36279596231681549
-0.0024592573921327033 0.16921578556656042 0.19338480090215829 -0.060105946844719767 0.5468203573772249 0.31432843155458529 -0.046039588716436784 -0.11173987517323478 -0.027066917566174478 0.46592848924993602 -0.54782048083492763
-0.011533980862735627 0.05524023597374228 0.025851915812594859 -0.062889986632434988 0.32211600887473196 0.60466146268579057 0.15865689718878945 -0.050871874613082811 0.062846328766324261 -0.63726517466411248 0.29154979245953461
-0.023555875927980207 0.12845031464672974 -0.091344390889115903 -0.072803465424499184 0.50398513182089222 -0.52893477150609536 0.056403127713404007 0.04257704033574846 0.34566856249897043 0.27361847693195945 0.48598410081884191
-0.15021208134329669 -0.041849309884113624 -0.031742671309255163 -0.091936866345333088 0.37655341135144438 -0.34303860798954988 0.02933943172759337 -0.23434640937201101 -0.6491172508145503 -0.33870773345573196 -0.3389717499825935
-0.13874052838089873 -0.0088067576780016619 0.02512961749798746 0.037814761098596522 0.43936719795636403 -0.57696024695862314 0.17791192538150011 0.020337594145210365 0.57532035001778903 -0.0080123016602055407 -0.29926813848055334
-0.16673866268234427 0.11678418362637903 -0.024439015463255651 -0.061006437859505158 0.42346525595110324 -0.33501214325249445 -0.05982588682752768 -0.18914893003234537 -0.62359794390147327 0.24177964272389937 0.41951926894866076
-0.047487624888757816 -0.11973964395463754 0.068142250274444927 -0.072860585536280734 0.55377783722333251 -0.32903111340870883 -0.040986479906222728 -0.07320940788083069 0.02256770707495926 0.5727663734841939 -0.47213749737331695
0.01736898490923534 -0.0033372365760680131 0.038622766103797702 0.078029091978974202 0.42947239527805281 -0.57698119301958262 0.0054095304104339785 -0.082619564872559129 0.016893619565464698 -0.45055926211821268 0.51440138994076789
-0.064696470956907684 -0.083310869049336059 0.18771960459741563 0.094169925518559197 -0.56668674309576705 0.35648625966516356 0.20086356704852151 0.16200096322814597 0.46037832129191741 0.43993486514870167 0.15642683224998843
0.0001461740213910933 0.08253869005061043 -0.20723186524652032 -0.087238818816274058 -0.3770139482459724 0.59031997306860129 -0.066104501747694985 0.032289680010128559 -0.28589074774088219 -0.37081911335715662 -0.4768246375333885
-0.0059648240266959307 -0.038189343113154653 0.12637724357459895 0.015552814979735851 -0.48264031642678312 0.63790565592420168 -0.048578833961418696 0.045890993277110881 0.47041461710168792 -0.21000147821131096 -0.26939038047432817
0.071784031686697947 -0.0083083449337589439 -0.17364777015267377 -0.026895510612226198 -0.53410077106274167 0.48807810492003928 0.016651864599076461 -0.076437176323632922 -0.34791286248148617 0.55219923268874593 0.091268606300125302
0.0010447100492615865 -0.079601482388301045 -0.29195394268531027 0.04594381786593444 -0.53607253152600587 0.42466385378372956 -0.07299038842278166 0.12176740026119375 0.13882736315800689 0.49776088900950743 -0.38911128203681555
-0.015354039333090054 0.019141180726584085 -0.1013005813442919 0.0047174201173040952 -0.66649487905037952 0.61997398433617779 0.11298645833476142 0.042478295968562042 0.16171341360103123 -0.20163100710718232 0.28134321606937612
0.0016512550061673716 -0.068622863468034409 -0.055109590336969085 -0.16389142557950137 -0.49645356040740712 -0.53395885558740186 -0.076356642347836234 -0.030689192909935364 0.4312664246087588 0.072807201733967472 0.48553962920457094
-0.034504636556232753 -0.10797312346695152 0.034838846260928341 -0.075318795666918639 -0.72092922460667863 -0.37290698019784851 -0.19064069494249958 -0.024832738056353786 -0.46008549526481551 -0.18153347137849007 -0.19968075037872199
0.021715222967268685 -0.10001454474769518 -0.054488111395291326 0.14250352497162178 -0.31184042352667418 -0.47464565842151091 -0.084483289025286845 0.13486156433749802 0.49672778436958004 -0.43943574400166319 -0.42255064510996793
0.05526007450399309 0.025776050265399371 0.092963441300825053 0.12139102459609986 -0.34209721026544998 -0.60854356332460324 -0.15886514867158219 0.014849813435434298 -0.39621529121648913 0.47806384620474629 0.27305295627219167
-0.01642811327794828 0.10160741385261801 0.11458384487508068 -0.025341368579140516 -0.39759308710563229 -0.57055594961788281 -0.10152815030970931 0.13273752849473661 -0.15147495821523851 0.5478170833574193 -0.37555907252681064
0.073732842657700623 0.087437744657020491 0.054010965009656346 -0.20512474435480985 -0.49532099937371343 -0.4567121814114467 0.087628263217853108 -0.1080295200638986 -0.067520053807625505 -0.43386692790108161 0.52521166785640905
-0.18519558013681056 -0.17399901846064061 0.080599046754098305 -0.27316027147938177 0.042663840297542825 -0.058350653751475523 0.3328148863940274 0.48146456098808127 0.40668663935258753 0.40020095889347984 0.425394515876649
0.17898840560480242 -0.0015369160837181636 0.012087559047812833 -0.069398659590227466 -0.002841183104378202 0.12617294726959524 0.26938521644035229 0.5801099631136698 -0.56520967271260636 -0.34529040784963949 -0.31509905830706381
0.089741814859439814 0.025152699375854109 -0.041411728184638445 0.032885266739143729 0.0012526742787390777 -0.021575726971635005 0.46124764003666829 0.5317705463871738 0.45419826593883972 -0.29444389966686596 -0.44668525934454789
-0.013839573422979055 -0.20245586589441916 0.078454792533776171 -0.10234425768151433 0.14114915261192479 0.32617502275073623 0.41071211441094857 0.59889507286589128 -0.41003657186396958 0.26034521558767676 0.22936431173724786
0.055035358974202878 0.13660584770034659 0.034641151424485775 -0.1480720424523298 -0.1020766563965164 -0.022327311871810133 0.54099230278767019 0.4358314465661387 0.03205133160110963 0.52662849067847695 -0.42811199858096
-0.010576714713576301 -0.021584741595313598 -0.21101688199751861 0.055387679193567844 0.048760316846299154 0.11577017947329236 0.35341523807777531 0.39768940825155707 0.11090731895723147 -0.45617746508332901 0.65771460421547567
-0.10047587938998223 0.023377873535026149 -0.07870092368145104 0.036062080798781003 -0.0564698515105648 0.062398325285408632 0.61098583363403314 -0.40647508383644126 0.27456873323825781 0.45249501015606536 0.39511512541583915
-0.13258274848338206 -0.11259346109845556 0.0010559026741238935 0.072903732788691 -0.057290488383602955 -0.20624428425547536 0.56543523018199937 -0.50805743875077114 -0.21933986455026649 -0.53830802564049418 -0.053709273308576562
0.19227687083845185 0.033405988597721439 0.18283019746694795 0.010641545688092197 0.10776364119281603 -0.080865482988337886 0.46797535491299558 -0.57100676237324821 0.2855656171304089 -0.35463654005932183 -0.39731201825471435
0.071682647969982832 0.1590304341894328 -0.021168074729735226 0.0073748754840613478 0.023516535849497568 -0.2099836258827571 0.55509656747149216 -0.52000291131269538 -0.52722025904202052 0.23099929052486612 0.12068633497001179
-0.027717900210296142 0.035016340435176853 0.14851451773283575 0.12528482594813672 0.16118555221080633 0.040974404073495833 0.58953722243770901 -0.48430143155310507 0.069602934153917162 0.56468873074656944 -0.16362486354630182
0.030312723183848454 -0.15898689462837687 0.1721253416575283 -0.09885995280600389 -0.0075806297029901064 -0.036757347502341199 0.40714784881481708 -0.353799141936807 0.074468145242836806 -0.59701990994641985 0.52922002318495387
-0.047406803248014197 0.067317772688574196 -0.04142360566039132 -0.083837426903874496 -0.070503341313313025 -0.047802706600301038 -0.42427345316415921 0.35538955619633289 0.44615817889004317 0.37093531673562874 0.57815277723982272
0.11322190585419234 -0.39454522794689495 -0.067579918644099804 -0.052485687291788263 0.042364764380303038 0.20752093764872215 -0.45283598072257358 0.24644578276178991 -0.51036926241188552 -0.37529905822318715 -0.33497946376595905
0.19839660437836487 -0.15926571719143578 0.16104965255576292 -0.24146623755512936 0.0074201407899207204 0.055567684708948198 -0.27479403553448012 0.50579744013560779 0.36102194949382937 -0.329839203202 -0.52670095667247496
0.14776076557165688 -0.066901956695898851 -0.082890408516704206 0.11758856169416823 0.0080720842756610012 0.094560793980706714 -0.52883102812230998 0.54970066297834985 -0.44933842402893814 0.35581057356937723 0.18343073249441524
-0.14181191293003489 -0.023486752791804313 0.015954729838415685 0.14418588878458941 0.032012189476403614 0.06543455609612156 -0.32078682388967261 0.6654718459611737 -0.074819942360062494 0.49583066600989656 -0.39469498499506667
0.025244340973669007 -0.052927396262093619 0.11252480017720057 -0.121474639201339 -0.1280007785542647 -0.020118345817343345 -0.5154488028372205 0.47142634445308995 0.089242446122253447 -0.47623924801052964 0.47922463007919019
-0.086634614345596772 -0.0057881297506489453 0.00088479890790838867 0.24555118445064003 -5.5963632789287528e-05 -0.11933856868467363 -0.66531613406399348 -0.38821602092884572 0.32684100031653307 0.32401189739342651 0.33579322610386431
-0.29259275914626748 -0.056029950534450972 0.11965813188226869 0.027500632210140763 -0.10755188240843011 0.082418310414524909 -0.43582683734785121 -0.25577605518445445 -0.58613811131428684 -0.39820084292117836 -0.34688234884903008
-0.015041194717222853 0.009367887320601705 -0.011652152664337426 -0.075363111511645139 -0.17400491479319691 -0.060837639102509361 -0.60292165156168098 -0.56598732312514388 0.3924377966318422 -0.26500788762248162 -0.22759378862092561
-0.12537713894792596 0.035699914481301241 0.095067896593937773 -0.0069245691474060286 -0.19869752419996511 -0.26067822083439884 -0.40692706347487761 -0.39244059187544938 -0.46928780982844204 0.22471617966088886 0.52550806899533242
0.12845350225652766 -0.0074240179691454408 -0.026592000562890575 -0.21364157308364573 0.07832840643237543 -0.17667544571433802 -0.37851751757111096 -0.37329423275937434 0.0073207873097375321 0.61661355392622985 -0.48667772598205378
0.071231570413905543 0.097417629491878155 0.028195094113673776 -0.05608126075295583 0.15219721555726887 0.050210439689031924 -0.55375236875774203 -0.55037342314285664 0.01328744746224517 -0.2413204204739306 0.53651283732927335
-0.030335575991685862 -0.12516557181087101 -0.14296414546444711 -0.22083907713600567 0.024042434826257668 0.00035031892592064524 -0.12108857554668141 -0.17377858648027947 0.91664056719489373 -0.063314173313372732 -0.1566092972060821
0.031734999390051692 0.01327731980025346 -0.0091483034992787329 0.086048997736493257 -0.078935256909657317 0.15411085771895736 -0.12091502465371773 0.056143739235975432 0.070116871094480976 0.64875068745504172 0.71957011968683315
-0.14780032018961375 -0.17246460888352289 -0.026130851483770697 -0.085586558025527573 0.0629840492446469 -0.00014481618322135045 0.065815742297828245 0.03231000598428687 0.019370288397685249 -0.65546318650985469 -0.70785117569049594
-0.04829518278931165 0.19483919660137125 -0.17440909070832636 -0.02130084288439581 0.094483536949095046 0.037615368290691009 0.13384816801383173 0.050219442736801734 -0.93660239951624891 -0.035331741646228487 -0.13993298401352022
0.11007327441357659 0.16306279249415237 -0.055223909600499936 0.058657028949779005 -0.051883526347534216 -0.17098284515775536 -0.056250477626010903 -0.18784869791365544 0.41184677882067117 0.84318491744437707 -0.062025924507038019
0.13658560884541518 -0.040982161654769013 0.020954224088958369 0.04111459534751534 0.055715317828894537 -0.31562914898403016 -0.08980299186079424 0.081701274350284472 0.3269017044354745 -0.11125705549779707 0.86071299267354107
-0.23074477394695195 -0.02856396256053452 0.022080100527713618 -0.004839162917042397 -0.18764575324278054 0.03479841390996935 -0.072943813198551338 0.091009918782948507 -0.4496421384178132 0.072704029398206874 -0.82942185222524456
-0.090022930443691834 -0.091358835156262058 -0.1970712431726222 -0.036341395879424185 0.088595389093665017 0.005423110923285672 -0.011291699631156909 -0.084660845613639527 -0.57230801971226464 -0.77385128346678012 -0.042847060362125884
0.20226738618094611 -0.015395293210997821 0.21314717928210639 0.1109362541267736 -0.052137893174401997 0.06552392066737632 0.016453609232843378 0.037280769978979042 0.49707894355228738 0.058419340208044263 -0.80121139553439524
-0.064422750798757172 -0.18126336309279265 -0.045638979707457297 0.014666020088690716 0.017036500625623157 0.0098202359590550958 -0.062750155623650897 0.082532868963007336 0.24549126778501124 -0.93827580437916236 0.094508783961386719
0.080290082653544897 0.055920113779072932 0.069876258435232139 -0.012230403411985266 0.084838068072312658 -0.11870390099129884 -0.0070880498813363623 -0.23469872379068893 -0.27039059822435074 0.89105273301293053 -0.20466136743183203
-0.11631880073240872 -0.26227401123007821 -0.19627782374877428 -0.0033496949362127933 -0.035952925551003323 -0.18979443419875144 -0.075911916304452126 -0.095166965141865095 -0.44898215841711653 -0.077028435564132788 0.78707928839193875
