1 0 0 0 0 0 0 0 0 0 0
-1 0 0 0 0 0 0 0 0 0 0
0 1 0 0 0 0 0 0 0 0 0
0 -1 0 0 0 0 0 0 0 0 0
0 0 1 0 0 0 0 0 0 0 0
0 0 -1 0 0 0 0 0 0 0 0
0 0 0 1 0 0 0 0 0 0 0
0 0 0 -1 0 0 0 0 0 0 0
0 0 0 0 1 0 0 0 0 0 0
0 0 0 0 -1 0 0 0 0 0 0
0 0 0 0 0 1 0 0 0 0 0
0 0 0 0 0 -1 0 0 0 0 0
0 0 0 0 0 0 1 0 0 0 0
0 0 0 0 0 0 -1 0 0 0 0
0 0 0 0 0 0 0 1 0 0 0
0 0 0 0 0 0 0 -1 0 0 0
0.5 0.5 0.5 0.5 0 0 0 0 0 0 0
0.5 0.5 0.5 -0.5 0 0 0 0 0 0 0
0.5 0.5 -0.5 0.5 0 0 0 0 0 0 0
0.5 0.5 -0.5 -0.5 0 0 0 0 0 0 0
0.5 -0.5 0.5 0.5 0 0 0 0 0 0 0
0.5 -0.5 0.5 -0.5 0 0 0 0 0 0 0
0.5 -0.5 -0.5 0.5 0 0 0 0 0 0 0
0.5 -0.5 -0.5 -0.5 0 0 0 0 0 0 0
-0.5 0.5 0.5 0.5 0 0 0 0 0 0 0
-0.5 0.5 0.5 -0.5 0 0 0 0 0 0 0
-0.5 0.5 -0.5 0.5 0 0 0 0 0 0 0
-0.5 0.5 -0.5 -0.5 0 0 0 0 0 0 0
-0.5 -0.5 0.5 0.5 0 0 0 0 0 0 0
-0.5 -0.5 0.5 -0.5 0 0 0 0 0 0 0
-0.5 -0.5 -0.5 0.5 0 0 0 0 0 0 0
-0.5 -0.5 -0.5 -0.5 0 0 0 0 0 0 0
0.5 0.5 0 0 0.5 0.5 0 0 0 0 0
0.5 0.5 0 0 0.5 -0.5 0 0 0 0 0
0.5 0.5 0 0 -0.5 0.5 0 0 0 0 0
0.5 0.5 0 0 -0.5 -0.5 0 0 0 0 0
0.5 -0.5 0 0 0.5 0.5 0 0 0 0 0
0.5 -0.5 0 0 0.5 -0.5 0 0 0 0 0
0.5 -0.5 0 0 -0.5 0.5 0 0 0 0 0
0.5 -0.5 0 0 -0.5 -0.5 0 0 0 0 0
-0.5 0.5 0 0 0.5 0.5 0 0 0 0 0
-0.5 0.5 0 0 0.5 -0.5 0 0 0 0 0
-0.5 0.5 0 0 -0.5 0.5 0 0 0 0 0
-0.5 0.5 0 0 -0.5 -0.5 0 0 0 0 0
-0.5 -0.5 0 0 0.5 0.5 0 0 0 0 0
-0.5 -0.5 0 0 0.5 -0.5 0 0 0 0 0
-0.5 -0.5 0 0 -0.5 0.5 0 0 0 0 0
-0.5 -0.5 0 0 -0.5 -0.5 0 0 0 0 0
0.5 0.5 0 0 0 0 0.5 0.5 0 0 0
0.5 0.5 0 0 0 0 0.5 -0.5 0 0 0
0.5 0.5 0 0 0 0 -0.5 0.5 0 0 0
0.5 0.5 0 0 0 0 -0.5 -0.5 0 0 0
0.5 -0.5 0 0 0 0 0.5 0.5 0 0 0
0.5 -0.5 0 0 0 0 0.5 -0.5 0 0 0
0.5 -0.5 0 0 0 0 -0.5 0.5 0 0 0
0.5 -0.5 0 0 0 0 -0.5 -0.5 0 0 0
-0.5 0.5 0 0 0 0 0.5 0.5 0 0 0
-0.5 0.5 0 0 0 0 0.5 -0.5 0 0 0
-0.5 0.5 0 0 0 0 -0.5 0.5 0 0 0
-0.5 0.5 0 0 0 0 -0.5 -0.5 0 0 0
-0.5 -0.5 0 0 0 0 0.5 0.5 0 0 0
-0.5 -0.5 0 0 0 0 0.5 -0.5 0 0 0
-0.5 -0.5 0 0 0 0 -0.5 0.5 0 0 0
-0.5 -0.5 0 0 0 0 -0.5 -0.5 0 0 0
0 0 0.5 0.5 0.5 0.5 0 0 0 0 0
0 0 0.5 0.5 0.5 -0.5 0 0 0 0 0
0 0 0.5 0.5 -0.5 0.5 0 0 0 0 0
0 0 0.5 0.5 -0.5 -0.5 0 0 0 0 0
0 0 0.5 -0.5 0.5 0.5 0 0 0 0 0
0 0 0.5 -0.5 0.5 -0.5 0 0 0 0 0
0 0 0.5 -0.5 -0.5 0.5 0 0 0 0 0
0 0 0.5 -0.5 -0.5 -0.5 0 0 0 0 0
0 0 -0.5 0.5 0.5 0.5 0 0 0 0 0
0 0 -0.5 0.5 0.5 -0.5 0 0 0 0 0
0 0 -0.5 0.5 -0.5 0.5 0 0 0 0 0
0 0 -0.5 0.5 -0.5 -0.5 0 0 0 0 0
0 0 -0.5 -0.5 0.5 0.5 0 0 0 0 0
0 0 -0.5 -0.5 0.5 -0.5 0 0 0 0 0
0 0 -0.5 -0.5 -0.5 0.5 0 0 0 0 0
0 0 -0.5 -0.5 -0.5 -0.5 0 0 0 0 0
0 0 0.5 0.5 0 0 0.5 0.5 0 0 0
0 0 0.5 0.5 0 0 0.5 -0.5 0 0 0
0 0 0.5 0.5 0 0 -0.5 0.5 0 0 0
0 0 0.5 0.5 0 0 -0.5 -0.5 0 0 0
0 0 0.5 -0.5 0 0 0.5 0.5 0 0 0
0 0 0.5 -0.5 0 0 0.5 -0.5 0 0 0
0 0 0.5 -0.5 0 0 -0.5 0.5 0 0 0
0 0 0.5 -0.5 0 0 -0.5 -0.5 0 0 0
0 0 -0.5 0.5 0 0 0.5 0.5 0 0 0
0 0 -0.5 0.5 0 0 0.5 -0.5 0 0 0
0 0 -0.5 0.5 0 0 -0.5 0.5 0 0 0
0 0 -0.5 0.5 0 0 -0.5 -0.5 0 0 0
0 0 -0.5 -0.5 0 0 0.5 0.5 0 0 0
0 0 -0.5 -0.5 0 0 0.5 -0.5 0 0 0
0 0 -0.5 -0.5 0 0 -0.5 0.5 0 0 0
0 0 -0.5 -0.5 0 0 -0.5 -0.5 0 0 0
0 0 0 0 0.5 0.5 0.5 0.5 0 0 0
0 0 0 0 0.5 0.5 0.5 -0.5 0 0 0
0 0 0 0 0.5 0.5 -0.5 0.5 0 0 0
0 0 0 0 0.5 0.5 -0.5 -0.5 0 0 0
0 0 0 0 0.5 -0.5 0.5 0.5 0 0 0
0 0 0 0 0.5 -0.5 0.5 -0.5 0 0 0
0 0 0 0 0.5 -0.5 -0.5 0.5 0 0 0
0 0 0 0 0.5 -0.5 -0.5 -0.5 0 0 0
0 0 0 0 -0.5 0.5 0.5 0.5 0 0 0
0 0 0 0 -0.5 0.5 0.5 -0.5 0 0 0
0 0 0 0 -0.5 0.5 -0.5 0.5 0 0 0
0 0 0 0 -0.5 0.5 -0.5 -0.5 0 0 0
0 0 0 0 -0.5 -0.5 0.5 0.5 0 0 0
0 0 0 0 -0.5 -0.5 0.5 -0.5 0 0 0
0 0 0 0 -0.5 -0.5 -0.5 0.5 0 0 0
0 0 0 0 -0.5 -0.5 -0.5 -0.5 0 0 0
0.5 0 0.5 0 0.5 0 0 0 0.5 0 0
0.5 0 0.5 0 0.5 0 0 0 -0.5 0 0
0.5 0 0.5 0 -0.5 0 0 0 0.5 0 0
0.5 0 0.5 0 -0.5 0 0 0 -0.5 0 0
0.5 0 -0.5 0 0.5 0 0 0 0.5 0 0
0.5 0 -0.5 0 0.5 0 0 0 -0.5 0 0
0.5 0 -0.5 0 -0.5 0 0 0 0.5 0 0
0.5 0 -0.5 0 -0.5 0 0 0 -0.5 0 0
-0.5 0 0.5 0 0.5 0 0 0 0.5 0 0
-0.5 0 0.5 0 0.5 0 0 0 -0.5 0 0
-0.5 0 0.5 0 -0.5 0 0 0 0.5 0 0
-0.5 0 0.5 0 -0.5 0 0 0 -0.5 0 0
-0.5 0 -0.5 0 0.5 0 0 0 0.5 0 0
-0.5 0 -0.5 0 0.5 0 0 0 -0.5 0 0
-0.5 0 -0.5 0 -0.5 0 0 0 0.5 0 0
-0.5 0 -0.5 0 -0.5 0 0 0 -0.5 0 0
0.5 0 0 0.5 0 0 0.5 0 0.5 0 0
0.5 0 0 0.5 0 0 0.5 0 -0.5 0 0
0.5 0 0 0.5 0 0 -0.5 0 0.5 0 0
0.5 0 0 0.5 0 0 -0.5 0 -0.5 0 0
0.5 0 0 -0.5 0 0 0.5 0 0.5 0 0
0.5 0 0 -0.5 0 0 0.5 0 -0.5 0 0
0.5 0 0 -0.5 0 0 -0.5 0 0.5 0 0
0.5 0 0 -0.5 0 0 -0.5 0 -0.5 0 0
-0.5 0 0 0.5 0 0 0.5 0 0.5 0 0
-0.5 0 0 0.5 0 0 0.5 0 -0.5 0 0
-0.5 0 0 0.5 0 0 -0.5 0 0.5 0 0
-0.5 0 0 0.5 0 0 -0.5 0 -0.5 0 0
-0.5 0 0 -0.5 0 0 0.5 0 0.5 0 0
-0.5 0 0 -0.5 0 0 0.5 0 -0.5 0 0
-0.5 0 0 -0.5 0 0 -0.5 0 0.5 0 0
-0.5 0 0 -0.5 0 0 -0.5 0 -0.5 0 0
0.5 0 0 0 0 0.5 0 0.5 0.5 0 0
0.5 0 0 0 0 0.5 0 0.5 -0.5 0 0
0.5 0 0 0 0 0.5 0 -0.5 0.5 0 0
0.5 0 0 0 0 0.5 0 -0.5 -0.5 0 0
0.5 0 0 0 0 -0.5 0 0.5 0.5 0 0
0.5 0 0 0 0 -0.5 0 0.5 -0.5 0 0
0.5 0 0 0 0 -0.5 0 -0.5 0.5 0 0
0.5 0 0 0 0 -0.5 0 -0.5 -0.5 0 0
-0.5 0 0 0 0 0.5 0 0.5 0.5 0 0
-0.5 0 0 0 0 0.5 0 0.5 -0.5 0 0
-0.5 0 0 0 0 0.5 0 -0.5 0.5 0 0
-0.5 0 0 0 0 0.5 0 -0.5 -0.5 0 0
-0.5 0 0 0 0 -0.5 0 0.5 0.5 0 0
-0.5 0 0 0 0 -0.5 0 0.5 -0.5 0 0
-0.5 0 0 0 0 -0.5 0 -0.5 0.5 0 0
-0.5 0 0 0 0 -0.5 0 -0.5 -0.5 0 0
0 0.5 0.5 0 0 0 0 0.5 0.5 0 0
0 0.5 0.5 0 0 0 0 0.5 -0.5 0 0
0 0.5 0.5 0 0 0 0 -0.5 0.5 0 0
0 0.5 0.5 0 0 0 0 -0.5 -0.5 0 0
0 0.5 -0.5 0 0 0 0 0.5 0.5 0 0
0 0.5 -0.5 0 0 0 0 0.5 -0.5 0 0
0 0.5 -0.5 0 0 0 0 -0.5 0.5 0 0
0 0.5 -0.5 0 0 0 0 -0.5 -0.5 0 0
0 -0.5 0.5 0 0 0 0 0.5 0.5 0 0
0 -0.5 0.5 0 0 0 0 0.5 -0.5 0 0
0 -0.5 0.5 0 0 0 0 -0.5 0.5 0 0
0 -0.5 0.5 0 0 0 0 -0.5 -0.5 0 0
0 -0.5 -0.5 0 0 0 0 0.5 0.5 0 0
0 -0.5 -0.5 0 0 0 0 0.5 -0.5 0 0
0 -0.5 -0.5 0 0 0 0 -0.5 0.5 0 0
0 -0.5 -0.5 0 0 0 0 -0.5 -0.5 0 0
0 0.5 0 0.5 0 0.5 0 0 0.5 0 0
0 0.5 0 0.5 0 0.5 0 0 -0.5 0 0
0 0.5 0 0.5 0 -0.5 0 0 0.5 0 0
0 0.5 0 0.5 0 -0.5 0 0 -0.5 0 0
0 0.5 0 -0.5 0 0.5 0 0 0.5 0 0
0 0.5 0 -0.5 0 0.5 0 0 -0.5 0 0
0 0.5 0 -0.5 0 -0.5 0 0 0.5 0 0
0 0.5 0 -0.5 0 -0.5 0 0 -0.5 0 0
0 -0.5 0 0.5 0 0.5 0 0 0.5 0 0
0 -0.5 0 0.5 0 0.5 0 0 -0.5 0 0
0 -0.5 0 0.5 0 -0.5 0 0 0.5 0 0
0 -0.5 0 0.5 0 -0.5 0 0 -0.5 0 0
0 -0.5 0 -0.5 0 0.5 0 0 0.5 0 0
0 -0.5 0 -0.5 0 0.5 0 0 -0.5 0 0
0 -0.5 0 -0.5 0 -0.5 0 0 0.5 0 0
0 -0.5 0 -0.5 0 -0.5 0 0 -0.5 0 0
0 0.5 0 0 0.5 0 0.5 0 0.5 0 0
0 0.5 0 0 0.5 0 0.5 0 -0.5 0 0
0 0.5 0 0 0.5 0 -0.5 0 0.5 0 0
0 0.5 0 0 0.5 0 -0.5 0 -0.5 0 0
0 0.5 0 0 -0.5 0 0.5 0 0.5 0 0
0 0.5 0 0 -0.5 0 0.5 0 -0.5 0 0
0 0.5 0 0 -0.5 0 -0.5 0 0.5 0 0
0 0.5 0 0 -0.5 0 -0.5 0 -0.5 0 0
0 -0.5 0 0 0.5 0 0.5 0 0.5 0 0
0 -0.5 0 0 0.5 0 0.5 0 -0.5 0 0
0 -0.5 0 0 0.5 0 -0.5 0 0.5 0 0
0 -0.5 0 0 0.5 0 -0.5 0 -0.5 0 0
0 -0.5 0 0 -0.5 0 0.5 0 0.5 0 0
0 -0.5 0 0 -0.5 0 0.5 0 -0.5 0 0
0 -0.5 0 0 -0.5 0 -0.5 0 0.5 0 0
0 -0.5 0 0 -0.5 0 -0.5 0 -0.5 0 0
0 0 0.5 0 0 0.5 0.5 0 0.5 0 0
0 0 0.5 0 0 0.5 0.5 0 -0.5 0 0
0 0 0.5 0 0 0.5 -0.5 0 0.5 0 0
0 0 0.5 0 0 0.5 -0.5 0 -0.5 0 0
0 0 0.5 0 0 -0.5 0.5 0 0.5 0 0
0 0 0.5 0 0 -0.5 0.5 0 -0.5 0 0
0 0 0.5 0 0 -0.5 -0.5 0 0.5 0 0
0 0 0.5 0 0 -0.5 -0.5 0 -0.5 0 0
0 0 -0.5 0 0 0.5 0.5 0 0.5 0 0
0 0 -0.5 0 0 0.5 0.5 0 -0.5 0 0
0 0 -0.5 0 0 0.5 -0.5 0 0.5 0 0
0 0 -0.5 0 0 0.5 -0.5 0 -0.5 0 0
0 0 -0.5 0 0 -0.5 0.5 0 0.5 0 0
0 0 -0.5 0 0 -0.5 0.5 0 -0.5 0 0
0 0 -0.5 0 0 -0.5 -0.5 0 0.5 0 0
0 0 -0.5 0 0 -0.5 -0.5 0 -0.5 0 0
0 0 0 0.5 0.5 0 0 0.5 0.5 0 0
0 0 0 0.5 0.5 0 0 0.5 -0.5 0 0
0 0 0 0.5 0.5 0 0 -0.5 0.5 0 0
0 0 0 0.5 0.5 0 0 -0.5 -0.5 0 0
0 0 0 0.5 -0.5 0 0 0.5 0.5 0 0
0 0 0 0.5 -0.5 0 0 0.5 -0.5 0 0
0 0 0 0.5 -0.5 0 0 -0.5 0.5 0 0
0 0 0 0.5 -0.5 0 0 -0.5 -0.5 0 0
0 0 0 -0.5 0.5 0 0 0.5 0.5 0 0
0 0 0 -0.5 0.5 0 0 0.5 -0.5 0 0
0 0 0 -0.5 0.5 0 0 -0.5 0.5 0 0
0 0 0 -0.5 0.5 0 0 -0.5 -0.5 0 0
0 0 0 -0.5 -0.5 0 0 0.5 0.5 0 0
0 0 0 -0.5 -0.5 0 0 0.5 -0.5 0 0
0 0 0 -0.5 -0.5 0 0 -0.5 0.5 0 0
0 0 0 -0.5 -0.5 0 0 -0.5 -0.5 0 0
0.5 0 0.5 0 0 0.5 0 0 0 0.5 0
0.5 0 0.5 0 0 0.5 0 0 0 -0.5 0
0.5 0 0.5 0 0 -0.5 0 0 0 0.5 0
0.5 0 0.5 0 0 -0.5 0 0 0 -0.5 0
0.5 0 -0.5 0 0 0.5 0 0 0 0.5 0
0.5 0 -0.5 0 0 0.5 0 0 0 -0.5 0
0.5 0 -0.5 0 0 -0.5 0 0 0 0.5 0
0.5 0 -0.5 0 0 -0.5 0 0 0 -0.5 0
-0.5 0 0.5 0 0 0.5 0 0 0 0.5 0
-0.5 0 0.5 0 0 0.5 0 0 0 -0.5 0
-0.5 0 0.5 0 0 -0.5 0 0 0 0.5 0
-0.5 0 0.5 0 0 -0.5 0 0 0 -0.5 0
-0.5 0 -0.5 0 0 0.5 0 0 0 0.5 0
-0.5 0 -0.5 0 0 0.5 0 0 0 -0.5 0
-0.5 0 -0.5 0 0 -0.5 0 0 0 0.5 0
-0.5 0 -0.5 0 0 -0.5 0 0 0 -0.5 0
0.5 0 0 0.5 0 0 0 0.5 0 0.5 0
0.5 0 0 0.5 0 0 0 0.5 0 -0.5 0
0.5 0 0 0.5 0 0 0 -0.5 0 0.5 0
0.5 0 0 0.5 0 0 0 -0.5 0 -0.5 0
0.5 0 0 -0.5 0 0 0 0.5 0 0.5 0
0.5 0 0 -0.5 0 0 0 0.5 0 -0.5 0
0.5 0 0 -0.5 0 0 0 -0.5 0 0.5 0
0.5 0 0 -0.5 0 0 0 -0.5 0 -0.5 0
-0.5 0 0 0.5 0 0 0 0.5 0 0.5 0
-0.5 0 0 0.5 0 0 0 0.5 0 -0.5 0
-0.5 0 0 0.5 0 0 0 -0.5 0 0.5 0
-0.5 0 0 0.5 0 0 0 -0.5 0 -0.5 0
-0.5 0 0 -0.5 0 0 0 0.5 0 0.5 0
-0.5 0 0 -0.5 0 0 0 0.5 0 -0.5 0
-0.5 0 0 -0.5 0 0 0 -0.5 0 0.5 0
-0.5 0 0 -0.5 0 0 0 -0.5 0 -0.5 0
0.5 0 0 0 0.5 0 0.5 0 0 0.5 0
0.5 0 0 0 0.5 0 0.5 0 0 -0.5 0
0.5 0 0 0 0.5 0 -0.5 0 0 0.5 0
0.5 0 0 0 0.5 0 -0.5 0 0 -0.5 0
0.5 0 0 0 -0.5 0 0.5 0 0 0.5 0
0.5 0 0 0 -0.5 0 0.5 0 0 -0.5 0
0.5 0 0 0 -0.5 0 -0.5 0 0 0.5 0
0.5 0 0 0 -0.5 0 -0.5 0 0 -0.5 0
-0.5 0 0 0 0.5 0 0.5 0 0 0.5 0
-0.5 0 0 0 0.5 0 0.5 0 0 -0.5 0
-0.5 0 0 0 0.5 0 -0.5 0 0 0.5 0
-0.5 0 0 0 0.5 0 -0.5 0 0 -0.5 0
-0.5 0 0 0 -0.5 0 0.5 0 0 0.5 0
-0.5 0 0 0 -0.5 0 0.5 0 0 -0.5 0
-0.5 0 0 0 -0.5 0 -0.5 0 0 0.5 0
-0.5 0 0 0 -0.5 0 -0.5 0 0 -0.5 0
0 0.5 0.5 0 0 0 0.5 0 0 0.5 0
0 0.5 0.5 0 0 0 0.5 0 0 -0.5 0
0 0.5 0.5 0 0 0 -0.5 0 0 0.5 0
0 0.5 0.5 0 0 0 -0.5 0 0 -0.5 0
0 0.5 -0.5 0 0 0 0.5 0 0 0.5 0
0 0.5 -0.5 0 0 0 0.5 0 0 -0.5 0
0 0.5 -0.5 0 0 0 -0.5 0 0 0.5 0
0 0.5 -0.5 0 0 0 -0.5 0 0 -0.5 0
0 -0.5 0.5 0 0 0 0.5 0 0 0.5 0
0 -0.5 0.5 0 0 0 0.5 0 0 -0.5 0
0 -0.5 0.5 0 0 0 -0.5 0 0 0.5 0
0 -0.5 0.5 0 0 0 -0.5 0 0 -0.5 0
0 -0.5 -0.5 0 0 0 0.5 0 0 0.5 0
0 -0.5 -0.5 0 0 0 0.5 0 0 -0.5 0
0 -0.5 -0.5 0 0 0 -0.5 0 0 0.5 0
0 -0.5 -0.5 0 0 0 -0.5 0 0 -0.5 0
0 0.5 0 0.5 0.5 0 0 0 0 0.5 0
0 0.5 0 0.5 0.5 0 0 0 0 -0.5 0
0 0.5 0 0.5 -0.5 0 0 0 0 0.5 0
0 0.5 0 0.5 -0.5 0 0 0 0 -0.5 0
0 0.5 0 -0.5 0.5 0 0 0 0 0.5 0
0 0.5 0 -0.5 0.5 0 0 0 0 -0.5 0
0 0.5 0 -0.5 -0.5 0 0 0 0 0.5 0
0 0.5 0 -0.5 -0.5 0 0 0 0 -0.5 0
0 -0.5 0 0.5 0.5 0 0 0 0 0.5 0
0 -0.5 0 0.5 0.5 0 0 0 0 -0.5 0
0 -0.5 0 0.5 -0.5 0 0 0 0 0.5 0
0 -0.5 0 0.5 -0.5 0 0 0 0 -0.5 0
0 -0.5 0 -0.5 0.5 0 0 0 0 0.5 0
0 -0.5 0 -0.5 0.5 0 0 0 0 -0.5 0
0 -0.5 0 -0.5 -0.5 0 0 0 0 0.5 0
0 -0.5 0 -0.5 -0.5 0 0 0 0 -0.5 0
0 0.5 0 0 0 0.5 0 0.5 0 0.5 0
0 0.5 0 0 0 0.5 0 0.5 0 -0.5 0
0 0.5 0 0 0 0.5 0 -0.5 0 0.5 0
0 0.5 0 0 0 0.5 0 -0.5 0 -0.5 0
0 0.5 0 0 0 -0.5 0 0.5 0 0.5 0
0 0.5 0 0 0 -0.5 0 0.5 0 -0.5 0
0 0.5 0 0 0 -0.5 0 -0.5 0 0.5 0
0 0.5 0 0 0 -0.5 0 -0.5 0 -0.5 0
0 -0.5 0 0 0 0.5 0 0.5 0 0.5 0
0 -0.5 0 0 0 0.5 0 0.5 0 -0.5 0
0 -0.5 0 0 0 0.5 0 -0.5 0 0.5 0
0 -0.5 0 0 0 0.5 0 -0.5 0 -0.5 0
0 -0.5 0 0 0 -0.5 0 0.5 0 0.5 0
0 -0.5 0 0 0 -0.5 0 0.5 0 -0.5 0
0 -0.5 0 0 0 -0.5 0 -0.5 0 0.5 0
0 -0.5 0 0 0 -0.5 0 -0.5 0 -0.5 0
0 0 0.5 0 0.5 0 0 0.5 0 0.5 0
0 0 0.5 0 0.5 0 0 0.5 0 -0.5 0
0 0 0.5 0 0.5 0 0 -0.5 0 0.5 0
0 0 0.5 0 0.5 0 0 -0.5 0 -0.5 0
0 0 0.5 0 -0.5 0 0 0.5 0 0.5 0
0 0 0.5 0 -0.5 0 0 0.5 0 -0.5 0
0 0 0.5 0 -0.5 0 0 -0.5 0 0.5 0
0 0 0.5 0 -0.5 0 0 -0.5 0 -0.5 0
0 0 -0.5 0 0.5 0 0 0.5 0 0.5 0
0 0 -0.5 0 0.5 0 0 0.5 0 -0.5 0
0 0 -0.5 0 0.5 0 0 -0.5 0 0.5 0
0 0 -0.5 0 0.5 0 0 -0.5 0 -0.5 0
0 0 -0.5 0 -0.5 0 0 0.5 0 0.5 0
0 0 -0.5 0 -0.5 0 0 0.5 0 -0.5 0
0 0 -0.5 0 -0.5 0 0 -0.5 0 0.5 0
0 0 -0.5 0 -0.5 0 0 -0.5 0 -0.5 0
0 0 0 0.5 0 0.5 0.5 0 0 0.5 0
0 0 0 0.5 0 0.5 0.5 0 0 -0.5 0
0 0 0 0.5 0 0.5 -0.5 0 0 0.5 0
0 0 0 0.5 0 0.5 -0.5 0 0 -0.5 0
0 0 0 0.5 0 -0.5 0.5 0 0 0.5 0
0 0 0 0.5 0 -0.5 0.5 0 0 -0.5 0
0 0 0 0.5 0 -0.5 -0.5 0 0 0.5 0
0 0 0 0.5 0 -0.5 -0.5 0 0 -0.5 0
0 0 0 -0.5 0 0.5 0.5 0 0 0.5 0
0 0 0 -0.5 0 0.5 0.5 0 0 -0.5 0
0 0 0 -0.5 0 0.5 -0.5 0 0 0.5 0
0 0 0 -0.5 0 0.5 -0.5 0 0 -0.5 0
0 0 0 -0.5 0 -0.5 0.5 0 0 0.5 0
0 0 0 -0.5 0 -0.5 0.5 0 0 -0.5 0
0 0 0 -0.5 0 -0.5 -0.5 0 0 0.5 0
0 0 0 -0.5 0 -0.5 -0.5 0 0 -0.5 0
0.5 0 0.5 0 0 0 0.5 0 0 0 0.5
0.5 0 0.5 0 0 0 0.5 0 0 0 -0.5
0.5 0 0.5 0 0 0 -0.5 0 0 0 0.5
0.5 0 0.5 0 0 0 -0.5 0 0 0 -0.5
0.5 0 -0.5 0 0 0 0.5 0 0 0 0.5
0.5 0 -0.5 0 0 0 0.5 0 0 0 -0.5
0.5 0 -0.5 0 0 0 -0.5 0 0 0 0.5
0.5 0 -0.5 0 0 0 -0.5 0 0 0 -0.5
-0.5 0 0.5 0 0 0 0.5 0 0 0 0.5
-0.5 0 0.5 0 0 0 0.5 0 0 0 -0.5
-0.5 0 0.5 0 0 0 -0.5 0 0 0 0.5
-0.5 0 0.5 0 0 0 -0.5 0 0 0 -0.5
-0.5 0 -0.5 0 0 0 0.5 0 0 0 0.5
-0.5 0 -0.5 0 0 0 0.5 0 0 0 -0.5
-0.5 0 -0.5 0 0 0 -0.5 0 0 0 0.5
-0.5 0 -0.5 0 0 0 -0.5 0 0 0 -0.5
0.5 0 0 0.5 0 0.5 0 0 0 0 0.5
0.5 0 0 0.5 0 0.5 0 0 0 0 -0.5
0.5 0 0 0.5 0 -0.5 0 0 0 0 0.5
0.5 0 0 0.5 0 -0.5 0 0 0 0 -0.5
0.5 0 0 -0.5 0 0.5 0 0 0 0 0.5
0.5 0 0 -0.5 0 0.5 0 0 0 0 -0.5
0.5 0 0 -0.5 0 -0.5 0 0 0 0 0.5
0.5 0 0 -0.5 0 -0.5 0 0 0 0 -0.5
-0.5 0 0 0.5 0 0.5 0 0 0 0 0.5
-0.5 0 0 0.5 0 0.5 0 0 0 0 -0.5
-0.5 0 0 0.5 0 -0.5 0 0 0 0 0.5
-0.5 0 0 0.5 0 -0.5 0 0 0 0 -0.5
-0.5 0 0 -0.5 0 0.5 0 0 0 0 0.5
-0.5 0 0 -0.5 0 0.5 0 0 0 0 -0.5
-0.5 0 0 -0.5 0 -0.5 0 0 0 0 0.5
-0.5 0 0 -0.5 0 -0.5 0 0 0 0 -0.5
0.5 0 0 0 0.5 0 0 0.5 0 0 0.5
0.5 0 0 0 0.5 0 0 0.5 0 0 -0.5
0.5 0 0 0 0.5 0 0 -0.5 0 0 0.5
0.5 0 0 0 0.5 0 0 -0.5 0 0 -0.5
0.5 0 0 0 -0.5 0 0 0.5 0 0 0.5
0.5 0 0 0 -0.5 0 0 0.5 0 0 -0.5
0.5 0 0 0 -0.5 0 0 -0.5 0 0 0.5
0.5 0 0 0 -0.5 0 0 -0.5 0 0 -0.5
-0.5 0 0 0 0.5 0 0 0.5 0 0 0.5
-0.5 0 0 0 0.5 0 0 0.5 0 0 -0.5
-0.5 0 0 0 0.5 0 0 -0.5 0 0 0.5
-0.5 0 0 0 0.5 0 0 -0.5 0 0 -0.5
-0.5 0 0 0 -0.5 0 0 0.5 0 0 0.5
-0.5 0 0 0 -0.5 0 0 0.5 0 0 -0.5
-0.5 0 0 0 -0.5 0 0 -0.5 0 0 0.5
-0.5 0 0 0 -0.5 0 0 -0.5 0 0 -0.5
0 0.5 0.5 0 0.5 0 0 0 0 0 0.5
0 0.5 0.5 0 0.5 0 0 0 0 0 -0.5
0 0.5 0.5 0 -0.5 0 0 0 0 0 0.5
0 0.5 0.5 0 -0.5 0 0 0 0 0 -0.5
0 0.5 -0.5 0 0.5 0 0 0 0 0 0.5
0 0.5 -0.5 0 0.5 0 0 0 0 0 -0.5
0 0.5 -0.5 0 -0.5 0 0 0 0 0 0.5
0 0.5 -0.5 0 -0.5 0 0 0 0 0 -0.5
0 -0.5 0.5 0 0.5 0 0 0 0 0 0.5
0 -0.5 0.5 0 0.5 0 0 0 0 0 -0.5
0 -0.5 0.5 0 -0.5 0 0 0 0 0 0.5
0 -0.5 0.5 0 -0.5 0 0 0 0 0 -0.5
0 -0.5 -0.5 0 0.5 0 0 0 0 0 0.5
0 -0.5 -0.5 0 0.5 0 0 0 0 0 -0.5
0 -0.5 -0.5 0 -0.5 0 0 0 0 0 0.5
0 -0.5 -0.5 0 -0.5 0 0 0 0 0 -0.5
0 0.5 0 0.5 0 0 0 0.5 0 0 0.5
0 0.5 0 0.5 0 0 0 0.5 0 0 -0.5
0 0.5 0 0.5 0 0 0 -0.5 0 0 0.5
0 0.5 0 0.5 0 0 0 -0.5 0 0 -0.5
0 0.5 0 -0.5 0 0 0 0.5 0 0 0.5
0 0.5 0 -0.5 0 0 0 0.5 0 0 -0.5
0 0.5 0 -0.5 0 0 0 -0.5 0 0 0.5
0 0.5 0 -0.5 0 0 0 -0.5 0 0 -0.5
0 -0.5 0 0.5 0 0 0 0.5 0 0 0.5
0 -0.5 0 0.5 0 0 0 0.5 0 0 -0.5
0 -0.5 0 0.5 0 0 0 -0.5 0 0 0.5
0 -0.5 0 0.5 0 0 0 -0.5 0 0 -0.5
0 -0.5 0 -0.5 0 0 0 0.5 0 0 0.5
0 -0.5 0 -0.5 0 0 0 0.5 0 0 -0.5
0 -0.5 0 -0.5 0 0 0 -0.5 0 0 0.5
0 -0.5 0 -0.5 0 0 0 -0.5 0 0 -0.5
0 0.5 0 0 0 0.5 0.5 0 0 0 0.5
0 0.5 0 0 0 0.5 0.5 0 0 0 -0.5
0 0.5 0 0 0 0.5 -0.5 0 0 0 0.5
0 0.5 0 0 0 0.5 -0.5 0 0 0 -0.5
0 0.5 0 0 0 -0.5 0.5 0 0 0 0.5
0 0.5 0 0 0 -0.5 0.5 0 0 0 -0.5
0 0.5 0 0 0 -0.5 -0.5 0 0 0 0.5
0 0.5 0 0 0 -0.5 -0.5 0 0 0 -0.5
0 -0.5 0 0 0 0.5 0.5 0 0 0 0.5
0 -0.5 0 0 0 0.5 0.5 0 0 0 -0.5
0 -0.5 0 0 0 0.5 -0.5 0 0 0 0.5
0 -0.5 0 0 0 0.5 -0.5 0 0 0 -0.5
0 -0.5 0 0 0 -0.5 0.5 0 0 0 0.5
0 -0.5 0 0 0 -0.5 0.5 0 0 0 -0.5
0 -0.5 0 0 0 -0.5 -0.5 0 0 0 0.5
0 -0.5 0 0 0 -0.5 -0.5 0 0 0 -0.5
0 0 0.5 0 0 0.5 0 0.5 0 0 0.5
0 0 0.5 0 0 0.5 0 0.5 0 0 -0.5
0 0 0.5 0 0 0.5 0 -0.5 0 0 0.5
0 0 0.5 0 0 0.5 0 -0.5 0 0 -0.5
0 0 0.5 0 0 -0.5 0 0.5 0 0 0.5
0 0 0.5 0 0 -0.5 0 0.5 0 0 -0.5
0 0 0.5 0 0 -0.5 0 -0.5 0 0 0.5
0 0 0.5 0 0 -0.5 0 -0.5 0 0 -0.5
0 0 -0.5 0 0 0.5 0 0.5 0 0 0.5
0 0 -0.5 0 0 0.5 0 0.5 0 0 -0.5
0 0 -0.5 0 0 0.5 0 -0.5 0 0 0.5
0 0 -0.5 0 0 0.5 0 -0.5 0 0 -0.5
0 0 -0.5 0 0 -0.5 0 0.5 0 0 0.5
0 0 -0.5 0 0 -0.5 0 0.5 0 0 -0.5
0 0 -0.5 0 0 -0.5 0 -0.5 0 0 0.5
0 0 -0.5 0 0 -0.5 0 -0.5 0 0 -0.5
0 0 0 0.5 0.5 0 0.5 0 0 0 0.5
0 0 0 0.5 0.5 0 0.5 0 0 0 -0.5
0 0 0 0.5 0.5 0 -0.5 0 0 0 0.5
0 0 0 0.5 0.5 0 -0.5 0 0 0 -0.5
0 0 0 0.5 -0.5 0 0.5 0 0 0 0.5
0 0 0 0.5 -0.5 0 0.5 0 0 0 -0.5
0 0 0 0.5 -0.5 0 -0.5 0 0 0 0.5
0 0 0 0.5 -0.5 0 -0.5 0 0 0 -0.5
0 0 0 -0.5 0.5 0 0.5 0 0 0 0.5
0 0 0 -0.5 0.5 0 0.5 0 0 0 -0.5
0 0 0 -0.5 0.5 0 -0.5 0 0 0 0.5
0 0 0 -0.5 0.5 0 -0.5 0 0 0 -0.5
0 0 0 -0.5 -0.5 0 0.5 0 0 0 0.5
0 0 0 -0.5 -0.5 0 0.5 0 0 0 -0.5
0 0 0 -0.5 -0.5 0 -0.5 0 0 0 0.5
0 0 0 -0.5 -0.5 0 -0.5 0 0 0 -0.5
0.51387859896461729 0.51854893712430372 -0.0046511235276120912 -2.3122455224608268e-07 -0.0046740189565816969 1.8137858761991137e-05 0.0046789807132238724 -3.2916950620831183e-06 0.46074299579642153 0.14512130984163832 0.48334884915984
0.49405650155247138 0.49405452425100643 4.6426364488024056e-06 3.5271909819176499e-07 -0.023284701691590134 0.025692332116774151 0.0024156489156984011 -2.2706290191426974e-09 -0.51733352801735777 -0.19864931059286828 -0.45112599557896127
0.45845962167550125 0.45687462630487319 -0.0095690626358095505 0.0095570252090240049 -0.06009012900545941 0.061691498433801402 0.011155001853090379 -0.007964024251580458 0.50897661370795555 -0.50736961238030975 -0.23835227341328
0.51272210119762873 0.51271586941303726 -0.001295852553476577 -0.0012977206879334494 -4.0115282419878233e-06 -2.2604161471503545e-06 9.4310734166447339e-06 -1.1492986345978942e-06 -0.39988418627578137 0.52307590039455298 0.20179038818589434
0.49528974248217539 0.49783188034152626 0.00010269935526375796 9.5137712759129435e-05 0.0070920643910340683 -0.0074981555850881197 -0.0015102938112233064 0.0044629449271221073 0.26738746430210591 0.4069461416002163 -0.51925093500222208
0.48571559571050377 0.48572365053577815 1.4906316634891042e-05 3.9428243493724589e-06 -2.5712716260763923e-05 -8.9027085715890582e-06 -8.3893948908499226e-07 1.8245206056025001e-05 -0.22581629662249003 -0.55134549513068465 0.4161466559529875
0.47637068221561707 -0.47683560458965435 0.0011668164076871861 -0.0033693574029371441 0.0018236942214257847 -0.021117396439725909 -0.034316884770296659 0.016553099444365178 0.5230084374318289 0.51968006337477779 0.01341444827614879
0.51623433319541479 -0.51853896963568236 -0.0011407399936342961 -0.0011422412990730426 2.0046174382816307e-05 -0.0023198702451843732 -0.00229982060025806 -4.6051002333243248e-10 -0.48368966377931571 -0.48026058666006965 0.00050087514747673451
0.51852777436658459 -0.51852944652261523 1.4669626803416645e-05 1.2408935375794718e-05 -1.7508354454354562e-06 8.4148385490054618e-08 1.3165931228181164e-05 -1.4830442993782691e-05 0.346971240212891 -0.31246359082038294 -0.4941999822041791
0.51851939918203926 -0.51643933982870693 -1.1959172997215293e-05 0.0021015612203203722 -0.0020913202928020814 -5.25638668999073e-06 -0.0021094900243117903 1.4229682256746685e-05 -0.31883388954594488 0.35685840822418974 0.48519256775476299
0.48740868637693652 -0.4855154990063355 -0.033792148360161207 0.024666435631244613 0.028460924551000698 0.035697863062307718 0.026559087376969742 0.031891286020431807 -0.30906866199180638 0.43153022832159904 -0.48929393379731184
0.51852282226478918 -0.49020860186766041 -0.00048883300366422001 0.025123564769456652 0.019781716344482114 0.0085243974918912356 0.028324969771362132 -1.5013032383011162e-06 0.38498184611911579 -0.32496651394966891 0.48488930116291745
-0.51619378181629261 0.50645806750941302 -0.0039714220385502104 -0.005983038542698626 8.6058054388580874e-05 0.0098409202590508168 -0.00029642184551536221 0.010181592710473255 0.31796699101041198 0.35911765480286495 0.49671272919940546
-0.4564198926488644 0.51619343107331572 -0.00022426088552670114 -3.8582512764088381e-06 -0.042808995293310524 0.020318679460964537 0.018446995240405089 0.044107375774786767 -0.31366390714030179 -0.4430311999186054 -0.4754285132544
-0.49745707824143243 0.49773391078123991 0.010539478276334186 -9.2995697345604913e-05 0.00011657371425258661 -0.015128564933522047 -0.015140733408305549 -0.00011192085747605775 0.5208807062165336 -0.48144666107237793 0.033475082497268598
-0.5029302520072193 0.50158458361403224 -0.0030219980856463278 0.0086884921087526726 -0.018769350850020065 -0.0019866874227203748 -0.00051568452479077646 0.017323788166711748 -0.48541138000448653 0.506826166831152 -0.04728486524565402
-0.49102209937403901 0.51745058698188962 -0.013217997166210228 0.012973846041434221 0.0095703684165429157 0.017567913756238021 0.0049184106922871527 -0.021848284210429961 0.37628165654096724 0.33897184867968894 -0.48312274915348735
-0.45561433260394413 0.50716401474453454 5.1894122086024688e-05 6.2279313597486579e-05 0.051362892529908832 -0.020845456589189119 -0.019923514259999241 -0.051192548813476998 -0.44977471328641278 -0.31443858447531314 0.47743168738543384
-0.50251897265156265 -0.47241193640704388 -0.0041883875788360052 -0.013834464339505494 4.8940223725328305e-05 0.0096470273442519835 0.013779559826905274 9.2481360445721391e-08 0.50255520792551811 0.52069389206377981 -0.011220491297071943
-0.51855716408454189 -0.50710589073564205 1.4246378394031526e-05 8.5900061843383104e-06 0.0028547446830823092 0.0085965118128115813 1.8796431368556209e-05 0.011430839678892307 -0.4838976005420777 -0.48943143642902287 0.0054175708652767001
-0.51854145064201707 -0.51854325633610732 1.2764390976604074e-05 1.1887470925023832e-05 -6.4895409319398756e-07 -2.7933325242529518e-06 1.0973002135243798e-05 -1.4413610835008824e-05 0.32440263117853391 -0.29930887733235639 -0.51711196415117167
-0.51653822999744914 -0.51855066412237183 -0.0020145837922250242 1.3280120800323884e-05 2.4839342875992668e-05 -0.0020153970143063438 -0.002023116294190302 4.3831178862884184e-06 -0.30756764852719781 0.33470986484287962 0.50759501520461514
-0.50864013656090201 -0.46469254959125711 -0.00092871462301574834 1.8291728525342949e-05 0.0097755580176632825 0.053436090141008842 0.034188403563099094 0.015653717358709154 -0.36850681258618428 0.40064972946386501 -0.47398612139691804
-0.49148660446149761 -0.51853776938053353 -1.2686352774854518e-05 0.027076155555282165 0.00070752320205624396 0.026358933345953697 0.027067739928769256 -5.1426642097228979e-07 0.40768295465484627 -0.33304313913104111 0.45855784854309622
-0.021002385989100876 -0.02579952382642281 0.48558301987965197 0.48799058169755305 -0.014850192184021364 -0.02340447546338946 0.03202423735417137 -0.029638219164931555 0.49609103724843912 0.493690853701374 0.18016203143978191
0.038076466103835874 2.0134922190669579e-05 0.48599681032505221 0.4859945018356831 0.038082542639273992 1.4251039841393554e-05 0.038079706579829474 7.299920160118872e-07 -0.18566025137974765 -0.51303152555447173 -0.47496863833009767
1.8628978212728395e-06 1.1645633477006868e-05 0.34693564571375796 0.3469367187779715 -1.37919781727604e-05 1.5113428294848959e-05 -0.079238885968532041 0.079235607411008796 0.61093805801561851 -0.014853059878201192 -0.61093990186274527
3.2541691409762935e-06 0.093112876325026642 0.4626850810500463 0.48131833983458044 0.049418974638084853 0.0033913810299028759 -0.074486831141873114 0.018632275172786462 -0.43034344122513879 0.40682106728429129 0.4318994319994181
-0.037351329213991181 -4.0753188352520596e-06 0.49333068645421624 0.4933299660703338 -0.03735414167807629 1.9867301113302654e-06 5.6068100109385751e-06 -0.037354541994484458 -0.20190897901118512 0.46024967297421937 -0.50642626861891071
0.011608742687306866 0.036574018021378579 0.48190749997181515 0.48537779130923897 0.033105068872731014 0.015092063195491126 -0.040039823090175848 0.018561466109858468 0.50006886563044184 -0.47858594814306776 0.21980975393951629
2.9755829689092589e-06 3.4517465312455475e-06 0.490345981631505 -0.4903463326609846 -0.056402132108572069 1.529298374718135e-05 -0.056395678105074384 6.9086755462596364e-06 0.4903590422275414 0.49035613240759862 -0.17848947347675989
-2.7005626365416581e-06 -0.10352474369891936 0.38444923846258444 -0.3844439772837886 -0.10352522891347925 9.081764979035346e-06 -0.10353247438818255 -6.5844847596340013e-06 -0.54913050054789481 -0.41486493445589345 -0.4456350209948774
-0.032313091895115734 0.04816096084049093 0.47853909564849539 -0.47810083502059897 0.032759235477712097 0.047713816189681957 0.080454713836730862 -8.2047601634788076e-06 0.3816066157412456 -0.42995956671023627 -0.44580795914625437
3.3512878051266588e-08 4.9567425228295927e-06 0.34688096398284241 -0.34688123812600719 7.734531718027412e-06 -6.8760135006453503e-06 0.079284604688536278 -0.079283520001158028 -0.015676255508306234 0.61095935151679603 0.61094844631429623
-0.019438850622115891 0.036052146344099992 0.48305634306803646 -0.48304393673882207 0.019450343625567773 0.036066856806792967 0.019456414144023503 -0.03604565138652549 -0.48194918651164748 0.49854703097023551 -0.21786776471359448
0.036558671587627739 0.0058179822620854135 0.48804936683637645 -0.48804376637067615 0.005810312852297805 0.036563658370888277 0.0058018744498483012 0.036561550073986114 -0.50670284486000039 -0.19035680251283907 0.47594764151060198
-3.3620361948995786e-06 3.2325592650612495e-06 -0.3469703482298972 0.3469704460680082 4.1306364066747549e-06 -5.8447167029705108e-06 0.079181051292464777 -0.079179942646127474 -0.011037043549410522 0.61096440348410852 0.6109702661139802
-5.7888893569181478e-06 -0.10352697065566505 -0.38443824652245029 0.38444168148562158 -0.10352681695849625 1.3724828315203417e-05 -0.10352832501711312 -6.6945905821691332e-06 -0.54913727475600005 -0.41486150155842921 -0.44564141000948854
-0.065312424794596757 0.0088790330411496338 -0.46307063074633614 0.49984649558416488 -0.024050383877333135 0.037433241454683158 0.07420287208181818 -1.1991767063717269e-06 0.39263640304608616 -0.42533701173339122 -0.434527178008216
-0.0036162064202943721 0.035999766806150788 -0.48221804237714305 0.49048413779770472 0.011887442982929576 0.027724811960194679 0.020153487998291818 -0.044258748441145447 -0.4746080518343106 0.49874351474773188 -0.21979339675243095
0.012877991180381545 0.032246843496777713 -0.4732760879363907 0.4732739178003712 0.032118331352137097 0.002083421475044576 -0.032126491419718795 0.012743640286716927 0.5188259616415748 0.49945585076096649 -0.17305743769024523
-6.0800235300264476e-07 -0.03918227132102195 -0.49341805169530534 0.49341724366927303 9.0118504587216104e-07 -0.039188817028790887 -0.039191202816120943 1.965204625260109e-06 0.46132124126479501 -0.202799291300751 0.50450594205384713
-0.0018215294064055536 -1.8843410030027637e-05 -0.48597404596919769 -0.48507434845863157 0.01645393571265898 -0.00091338458628474617 0.05397891201066949 -0.0091166471184373678 0.49622578166179604 0.49713836640805942 0.17853235162905012
0.038081098443243006 1.7586772438989894e-05 -0.48599425668206875 -0.48599736347643163 0.038083476447419835 9.8364476701844667e-06 0.038084381524613228 4.0956397939935841e-07 -0.18567534391314827 -0.51303202509734225 -0.47496106292406703
2.5582789720795111e-06 1.0507402866330015e-05 -0.34692322326822278 -0.34692424652164017 -7.3992444396357357e-06 1.1578290954598476e-05 -0.079250176335639355 0.079246899923847355 0.6109440788288647 -0.014903758804202721 -0.61094385416952113
0.00069709396562080855 0.09069967539261424 -0.4661580811081143 -0.47956122705833082 0.049305583536429012 0.034911560009276449 -0.077301201892532839 0.01410055620629685 -0.43193846384394485 0.40295610940543408 0.43095490961242011
-0.037338048906306771 -3.8949792783119965e-06 -0.49333738205307659 -0.49333683317120419 -0.03734012810774795 -3.091468829330492e-07 6.2029920669762584e-06 -0.037341523387405567 -0.2018618465970157 0.4602510637926262 -0.50643355456165673
-1.2478180885264556e-05 -0.11299956443630162 -0.39460485659090083 -0.39461651234367062 4.0045736337641509e-06 -0.11301114608631802 1.9544944100715285e-06 -0.079025525818649092 -0.41650154297890624 -0.5294940489990182 0.450490707453989
-0.008202151504722378 4.0756034153070391e-06 -2.6585407757171599e-07 0.0081867898277583218 0.51855627553046757 0.51033099420142347 0.0082087188544389799 -4.1446667427918506e-06 0.46178353304355374 0.18309926116670194 0.47295941973841288
-0.026894086291079637 0.02030148953499859 0.023603826055566938 0.023595259338772826 0.50812789900179944 0.4817652242242938 0.030210579908642374 0.01699058792789131 -0.47846654311761061 -0.27095043840318583 -0.45156755374062135
-0.0014886471288134051 -0.035820309979056629 -0.036171755020744351 0.00040676901188607608 0.49866438211115649 0.4965814145012748 -0.033720614708689874 0.00085324540688602854 0.4649590091037718 -0.45935329153791199 -0.2716923375962238
3.2851482715480952e-07 -0.015734843923545194 1.9263311548062093e-05 0.015731044752418235 0.50280538897218807 0.51852839851228316 0.01573503164037364 -1.2312370476439924e-06 -0.48060426137010859 0.43565432192920778 0.23832174432557476
0.023178607074581518 7.2769960146519495e-06 -0.02317941599131168 3.0793328277320314e-06 0.49535222954593083 0.51856300950731038 -0.023184838110477082 7.1912671732677271e-06 0.16822054254361687 0.45873454753331011 -0.4953493391903947
-0.010828440756476024 -0.010830687912627783 -2.4996755736988841e-06 -1.7507985952215194e-06 0.48369319606180444 0.48369067115525977 -2.7657052393624485e-06 -1.4673851325366894e-06 -0.19653145177502213 -0.54257229000734997 0.44591520085244934
0.030821854413151755 -2.5195589984315151e-06 0.003185775267285289 2.5765738697695997e-06 0.4280431412963433 -0.42804597689795554 -0.13356051957439993 0.047487395648305925 0.469826723410735 0.40700196959649948 0.47551483314759807
-2.2147009593455973e-05 0.023605759727156249 1.0970450660029642e-05 1.1598971875662018e-05 0.45403610623870644 -0.42687253862850322 0.023596024640045447 0.023613198551386841 -0.53589116197032038 -0.5594567062417326 -0.098935929759562127
0.061338296458210692 0.029819753546316653 -0.011430913855167641 0.015676793525557089 0.43878902591568159 -0.48212147855973519 -0.06611223033409222 0.025421691916036118 0.36400436055529434 -0.47088951461983275 -0.45906626949143642
-4.6367213799688377e-06 -0.016080610533202443 -2.9004679138291038e-06 -0.016070717794341851 0.47775497152481106 -0.47776023041832405 1.3081717643730293e-05 -0.016077701181744994 -0.46603370933903931 0.1743246163001452 0.54327112259311316
0.055693245439339303 0.056923911431759566 -0.0017782997763126059 1.2045639058960194e-05 0.45427283854191097 -0.45480971607536685 -0.00052156478520534472 -0.0012080749049584178 -0.52537751794258414 0.36719933828485712 -0.41180147726777488
-0.019152680162755235 -0.037849178682014643 -0.037842988245468508 -0.0191451439889429 0.45417330586888627 -0.45417052373674516 0.037848806409930769 0.019154008279818734 0.23661258433383034 -0.52593917911735688 0.49946049538194798
0.063808288513586969 -0.025961092715566784 -5.2692154381185192e-06 -0.0032213817709966673 -0.41153750599009464 0.43749420434790259 -0.12595353574898621 0.06215227711159322 0.47367064080674232 0.43582946958640706 0.44770687702902623
0.0096210333391807748 0.034903366964006026 1.4573231224212563e-05 7.8609400939247246e-06 -0.41463173958165095 0.44951926849495799 0.034883192937617907 2.3719538805395518e-06 -0.55267961706528079 -0.55269809270812009 0.11205070389503258
0.016531046456197226 -1.0494080172311701e-05 0.016520172244813381 -2.4891326494793006e-06 -0.48088951774133004 0.48088342792212335 -0.016530560012137339 -4.9378269127837111e-06 0.16910205327524755 -0.46563760955502009 -0.53968792971439261
-0.052441235725609499 5.4428020274327454e-06 0.0022159912144890485 0.011744387534308653 -0.46980719944246463 0.46554822342954427 0.10177083839688185 -1.8644374757933952e-06 -0.46553764286515609 0.35587150568121179 0.45379069348347501
-3.8349023255569938e-06 -0.061152568205117316 -0.014080008857550076 0.01404120249818817 -0.44837704755677066 0.40127085580376987 0.086721096850447335 -0.10076269624858075 0.39656110552185342 0.46983377320911623 -0.48798210051405944
-0.0542619023898663 0.066151803318233185 -0.00047759179467859352 1.9730877981919514e-06 -0.45565091356689347 0.45566080974056444 0.011905485036834291 -1.9594424934096354e-06 0.37701046540704508 -0.5153036459493906 0.41184748277513855
-0.017172124559079294 0.035070983163998301 -0.021199053476596248 0.0026465908054811508 -0.48593838629768715 -0.48660466007581876 0.0033203825056649793 -0.0022921568647050468 0.51270649764517762 0.51206166945720644 -0.002672920458482146
-1.4653957001963757e-06 0.009212193328634764 1.6692052164980247e-05 1.6682702866881722e-05 -0.51283472936821139 -0.51503756804787659 -0.0058346020007148331 0.0033759721448616987 -0.48534766584281147 -0.48581738543478115 0.0050646115321721277
-5.8525170607103311e-06 -2.4423701637882505e-06 1.0474646934939006e-05 7.2066011205287286e-06 -0.51856255387186245 -0.51853105084491535 9.7891591038856354e-06 -6.398871342908538e-06 0.32300584432907997 -0.29837160241429922 -0.51851715313468394
7.697252695375325e-07 0.0020355092650803266 -0.0020480280493901477 2.5999259997455836e-05 -0.51650082054822377 -0.51853079384140155 -0.0020557340640761563 1.3517309027171995e-05 -0.31399130862735769 0.34646989670813128 0.49568964319832282
-0.0012969656485953306 -0.061557454647796231 0.0036507756590119164 -0.0036679384859044286 -0.49428634849529224 -0.4799428538756742 7.3872513731555475e-07 0.062855882054027104 -0.3402094673278574 0.41683594097712295 -0.4775694014145821
4.5117765847997028e-05 0.024514629421970805 0.0039929882270023894 0.020482041035894585 -0.4919088743048291 -0.51046467812245822 5.8032646791566197e-05 -0.024362600254360173 0.38550651378744649 -0.34370285833128417 0.47861736080256972
-0.004813998706007616 0.00041053869366913348 -7.8495727867446436e-05 0.00032187981391274662 0.0033188293579505188 -0.0036197728878854772 0.49672676737462207 0.48295673224606711 0.44059249089689889 0.24096960522329272 0.5174742982967695
1.0070876490186892e-05 0.0009674638211622118 8.2252766248510969e-05 -0.00015209298133367949 -0.0087172553736288381 -0.0094655892950646307 0.49714382520746186 0.49708071633550921 -0.52852263285531731 -0.21642157782127514 -0.42357732683784033
-0.015782027161509355 -0.016165551768822863 -0.00028714374231316299 0.00034637399995273002 -3.5095070890284638e-05 -0.00018932218696259443 0.50154731221814486 0.50186248881491591 0.51731629168566406 -0.42584573391811825 -0.21705521012230322
0.020700029591093128 2.6059280835570184e-05 -5.7587542727413139e-06 -0.020376239306590379 0.041100842894203821 -0.041188719350439433 0.46644618448323794 0.48714949660156304 -0.47626706243717459 0.5072629370962205 0.23819708200124767
4.1723510914350581e-05 0.011322073926612098 -5.2335593406337698e-05 0.010923885252845064 -0.0028714588478209796 0.0064032330192107106 0.50634584805682148 0.51738165831346716 0.1824206750795091 0.45757427092673164 -0.48268189722625343
-0.0015854429580458098 0.0062573068094753537 0.00034292164149996002 -0.00023455007661969007 0.02013599229464667 -0.020149062431613678 0.49938846521740149 0.49591064173110744 -0.19590396120829562 -0.5115517798365119 0.45140550254201595
1.1943765171801734e-05 0.001848835718464181 0.0018949282322105192 2.062513979425397e-06 -0.0018577069455253748 5.262898281003234e-06 0.51667066401463002 -0.51854075728675086 0.43281263798623276 0.44869031623038835 0.2747847672332222
-0.010024411191040151 0.049369726496355779 -1.0976982009242722e-07 -7.4915354444517993e-06 0.011828145281148379 0.044663069425995537 0.51853247058800889 -0.4591387254780861 -0.43951886820546909 -0.46917660446982229 -0.31990566181340896
7.2630983712748951e-08 -3.9589157926518631e-07 -5.3568646687499927e-07 -4.9875213296811958e-07 -4.9386541434636329e-08 -3.2587200606497491e-07 0.50365676428964512 -0.50365702596778916 0.44338936314728822 -0.10735415132344948 -0.53342330547064065
0.014103511840381475 -6.6911967779975198e-07 -1.108238814419406e-06 -0.014092551787152782 1.3089208614030347e-05 -0.014108989070886714 0.50443287574414086 -0.51854208571604488 -0.48499954132701723 0.082567941223468902 0.48375922357794848
-0.013932322095714302 0.017603259958035487 -0.0022364264687093878 -7.3103617961658334e-05 -0.013395885122859229 -0.00092305299599842159 0.49604885023644513 -0.50335061263209491 -0.30776223866139862 0.50645842029258947 -0.38557318220822734
3.774137029875857e-06 1.6681712403303545e-06 3.0373470655441954e-06 1.578827751674086e-06 -1.1372082078226537e-05 1.1400869576277234e-05 0.51854349723876692 -0.51854831954827918 0.27755159945025293 -0.51788104024324999 0.34203014381216612
2.5134220199687342e-05 0.012587086493318423 -0.0099584109787054613 0.016099690634788114 -0.0044662817884839785 0.023777640954623442 -0.49736145016304523 0.50856889329135346 0.50279977753818295 -0.3109911793174388 0.37863440085941197
-1.3644173489535057e-05 -0.0036668362993403036 8.743415718386719e-08 0.0036658210011875445 1.6301424722332593e-05 -0.0036723832999622759 -0.51670669363796917 0.51670910182084206 -0.51669848397443097 0.28515313538158227 -0.34306834902498062
-0.016415584085400798 -4.9627153640027251e-06 6.6527410811377632e-07 -0.016408541447449219 -1.0550853297797032e-05 0.016421733845010222 -0.50213611549862602 0.51854812906716086 0.082762538231954855 -0.47590200140955946 -0.49479937506075322
5.0291422887919963e-10 -5.4799488084432736e-07 -0.00024605344495796851 0.00024598574744332956 -2.6079560785700777e-07 -2.8507663632464399e-07 -0.50382501702504012 0.5038243940382906 -0.10476115709361096 0.44409472099861985 0.53303488618053674
-2.1658335041642804e-06 -0.0087666579451935872 0.004390722046097347 -0.0044006395885048833 -0.0087636139971587791 1.0752286951821095e-08 -0.50977498337459248 0.51854294721377747 0.45005932762033957 0.43852873538162185 -0.27602450759203007
2.8980539947751425e-07 0.050931112160033383 -1.1832030514843253e-06 3.2089395723139806e-06 0.029271361557719301 0.021661870143938198 -0.46762273649763003 0.51855041308087702 -0.46760932251144849 -0.43770802880104309 0.31347666740029456
-0.023756238271585208 0.010885766909880776 -9.6617988029992091e-05 -0.002584496420354025 0.01592303167997387 -6.1658156099895874e-06 -0.49312887500779096 -0.49621681107645987 0.51657804597913259 0.49214230120970548 0.024346993661279556
-0.0044850653318315847 -0.014127758673003241 -1.5878848900207024e-06 -6.3341541132646634e-07 0.0013192511474542563 -0.014116423148347032 -0.51589278196137267 -0.50179185130201054 -0.47413870564712285 -0.50654424547142007 0.015629058479264341
1.8134171487316188e-05 -8.6528162588319919e-05 2.8201870156663245e-06 0.00010772573271226104 -0.00040068553540112054 0.00039179488393385623 -0.51768660142005329 -0.51811892379249835 0.32316704023485232 -0.30130065299191433 -0.51800966269931892
4.5335655843659654e-06 -0.0025362307462966764 0.0026413564879312489 0.00015641971303837136 -0.0025540986120100705 -4.5362545960729362e-07 -0.5151454530497408 -0.51520253656992432 -0.31234101666023117 0.32011068186003572 0.51879070158084861
-0.0035819638773848155 -0.032380220864457923 -0.012832800382413466 0.015033406140722684 -0.015864902935394887 -0.011369332816628138 -0.48392255651532412 -0.51241707232768408 -0.33454188928391698 0.42405049684376023 -0.45790572568549953
0.00018991013198692991 0.043290789709044195 -0.035066494612356766 -0.0080435857480113011 0.035859757713841173 0.0074344387627345359 -0.4734121597162303 -0.51676686249257764 0.38977652566220333 -0.37928649625456845 0.45666100195379028
-3.1600001216630436e-06 1.2440999294503743e-06 7.5090106042601818e-06 -2.2381396836763205e-06 -8.6936800460157293e-07 3.4770020021571622e-07 0.047669916052884155 -0.047666190724465096 0.98944956299395193 0.0033736943172586963 0.12819396931703297
1.7770175095720003e-06 1.0933067046201272e-05 -2.2963844796822981e-05 2.7539796515030092e-05 -0.049382827275752259 0.049384454532107561 -7.227147635030837e-06 1.2521024994475578e-05 -0.013166184153229461 -0.13921654599841773 0.98770841614236382
-0.042166303757935959 -0.04219543327827207 1.6012786661033547e-06 -2.6661693098227421e-06 0.0012805880710753759 -0.0012973462362298968 -4.7585914364364253e-05 1.2608975528657033e-06 0.079691894370110289 -0.99362037440335904 -0.052971468653777776
-0.035190664673344231 -0.035185302522766471 0.00010801130920283942 -0.0072055307675321766 -0.0071053804860693945 4.5764172731269442e-06 1.5406096670366642e-06 -0.0071062501848684068 -0.99471095056696657 0.070089130047748055 0.054848278829856711
2.4880637380154756e-06 2.1713378916231297e-06 8.453753051364969e-06 -6.1340081275162153e-06 -3.0207473905605375e-06 1.6355432707903056e-06 -0.047674267831896835 0.047675550287419328 6.5740636367751576e-05 0.9894413001469119 -0.12829698048451782
7.5731273084518496e-06 -0.059696601113245977 0.48118754298691369 -0.48119495621596148 -8.8920201161333824e-07 -0.032654627036116393 -0.059709665044478645 5.299352869635398e-06 0.46356842299021517 -0.25999612177550319 0.49620665394299884
-4.5541234053774466e-06 1.0831630454227784e-06 5.1449916493855063e-06 -1.3969069629253028e-06 0.049472181428648697 -0.0494689015256023 1.1077573052814732e-05 -4.0891901626071213e-06 -0.1392492027737097 -0.017101151148030919 -0.98763482168920624
-5.5072554571347039e-06 -0.11300571981083356 0.39464580011108913 0.39462793043173328 1.0844474679629877e-05 -0.11300157400303257 1.9939091372271705e-06 -0.078997046861224426 -0.4164901293213909 -0.52946865947755783 0.45049108513366187
-0.022013816980260253 -0.067557629653006449 0.026366996488669872 -0.026392104422177157 0.4384324740157467 -0.40777165397314979 0.10290993641754541 -0.088025137944401546 0.42623526120734095 0.47377569945453668 -0.45889001905541144
0.011915541251268752 0.036755523256750473 -0.48225432894422016 -0.48532650920243836 0.033684505306040058 0.015000824358175301 -0.039823337882875932 0.018072132644629001 0.50003362209779723 -0.47827762420714531 0.21986521592484046
0.045483392633372956 0.014301804679670906 -3.5845810650216254e-07 -0.038331450040805362 -0.45950947381919482 0.4523676479329008 -0.031179564137876831 -0.0071535686449701709 -0.53211126928377728 0.2164432708116365 -0.4994582492526754
0.037463553966330568 0.0010284082310968333 -0.48543045127133705 0.48544417967665426 0.0010089322651352739 0.037461006736051412 0.0010107813052398957 0.037476129475354183 -0.51319753522803324 -0.18389523041974001 0.47675744045870538
