1 0 0 0 0 0 0 0 0 0 0
-1 0 0 0 0 0 0 0 0 0 0
0 1 0 0 0 0 0 0 0 0 0
0 -1 0 0 0 0 0 0 0 0 0
0 0 1 0 0 0 0 0 0 0 0
0 0 -1 0 0 0 0 0 0 0 0
0 0 0 1 0 0 0 0 0 0 0
0 0 0 -1 0 0 0 0 0 0 0
0 0 0 0 1 0 0 0 0 0 0
0 0 0 0 -1 0 0 0 0 0 0
0 0 0 0 0 1 0 0 0 0 0
0 0 0 0 0 -1 0 0 0 0 0
0 0 0 0 0 0 1 0 0 0 0
0 0 0 0 0 0 -1 0 0 0 0
0 0 0 0 0 0 0 1 0 0 0
0 0 0 0 0 0 0 -1 0 0 0
0.5 0.5 0.5 0.5 0 0 0 0 0 0 0
0.5 0.5 0.5 -0.5 0 0 0 0 0 0 0
0.5 0.5 -0.5 0.5 0 0 0 0 0 0 0
0.5 0.5 -0.5 -0.5 0 0 0 0 0 0 0
0.5 -0.5 0.5 0.5 0 0 0 0 0 0 0
0.5 -0.5 0.5 -0.5 0 0 0 0 0 0 0
0.5 -0.5 -0.5 0.5 0 0 0 0 0 0 0
0.5 -0.5 -0.5 -0.5 0 0 0 0 0 0 0
-0.5 0.5 0.5 0.5 0 0 0 0 0 0 0
-0.5 0.5 0.5 -0.5 0 0 0 0 0 0 0
-0.5 0.5 -0.5 0.5 0 0 0 0 0 0 0
-0.5 0.5 -0.5 -0.5 0 0 0 0 0 0 0
-0.5 -0.5 0.5 0.5 0 0 0 0 0 0 0
-0.5 -0.5 0.5 -0.5 0 0 0 0 0 0 0
-0.5 -0.5 -0.5 0.5 0 0 0 0 0 0 0
-0.5 -0.5 -0.5 -0.5 0 0 0 0 0 0 0
0.5 0.5 0 0 0.5 0.5 0 0 0 0 0
0.5 0.5 0 0 0.5 -0.5 0 0 0 0 0
0.5 0.5 0 0 -0.5 0.5 0 0 0 0 0
0.5 0.5 0 0 -0.5 -0.5 0 0 0 0 0
0.5 -0.5 0 0 0.5 0.5 0 0 0 0 0
0.5 -0.5 0 0 0.5 -0.5 0 0 0 0 0
0.5 -0.5 0 0 -0.5 0.5 0 0 0 0 0
0.5 -0.5 0 0 -0.5 -0.5 0 0 0 0 0
-0.5 0.5 0 0 0.5 0.5 0 0 0 0 0
-0.5 0.5 0 0 0.5 -0.5 0 0 0 0 0
-0.5 0.5 0 0 -0.5 0.5 0 0 0 0 0
-0.5 0.5 0 0 -0.5 -0.5 0 0 0 0 0
-0.5 -0.5 0 0 0.5 0.5 0 0 0 0 0
-0.5 -0.5 0 0 0.5 -0.5 0 0 0 0 0
-0.5 -0.5 0 0 -0.5 0.5 0 0 0 0 0
-0.5 -0.5 0 0 -0.5 -0.5 0 0 0 0 0
0.5 0.5 0 0 0 0 0.5 0.5 0 0 0
0.5 0.5 0 0 0 0 0.5 -0.5 0 0 0
0.5 0.5 0 0 0 0 -0.5 0.5 0 0 0
0.5 0.5 0 0 0 0 -0.5 -0.5 0 0 0
0.5 -0.5 0 0 0 0 0.5 0.5 0 0 0
0.5 -0.5 0 0 0 0 0.5 -0.5 0 0 0
0.5 -0.5 0 0 0 0 -0.5 0.5 0 0 0
0.5 -0.5 0 0 0 0 -0.5 -0.5 0 0 0
-0.5 0.5 0 0 0 0 0.5 0.5 0 0 0
-0.5 0.5 0 0 0 0 0.5 -0.5 0 0 0
-0.5 0.5 0 0 0 0 -0.5 0.5 0 0 0
-0.5 0.5 0 0 0 0 -0.5 -0.5 0 0 0
-0.5 -0.5 0 0 0 0 0.5 0.5 0 0 0
-0.5 -0.5 0 0 0 0 0.5 -0.5 0 0 0
-0.5 -0.5 0 0 0 0 -0.5 0.5 0 0 0
-0.5 -0.5 0 0 0 0 -0.5 -0.5 0 0 0
0 0 0.5 0.5 0.5 0.5 0 0 0 0 0
0 0 0.5 0.5 0.5 -0.5 0 0 0 0 0
0 0 0.5 0.5 -0.5 0.5 0 0 0 0 0
0 0 0.5 0.5 -0.5 -0.5 0 0 0 0 0
0 0 0.5 -0.5 0.5 0.5 0 0 0 0 0
0 0 0.5 -0.5 0.5 -0.5 0 0 0 0 0
0 0 0.5 -0.5 -0.5 0.5 0 0 0 0 0
0 0 0.5 -0.5 -0.5 -0.5 0 0 0 0 0
0 0 -0.5 0.5 0.5 0.5 0 0 0 0 0
0 0 -0.5 0.5 0.5 -0.5 0 0 0 0 0
0 0 -0.5 0.5 -0.5 0.5 0 0 0 0 0
0 0 -0.5 0.5 -0.5 -0.5 0 0 0 0 0
0 0 -0.5 -0.5 0.5 0.5 0 0 0 0 0
0 0 -0.5 -0.5 0.5 -0.5 0 0 0 0 0
0 0 -0.5 -0.5 -0.5 0.5 0 0 0 0 0
0 0 -0.5 -0.5 -0.5 -0.5 0 0 0 0 0
0 0 0.5 0.5 0 0 0.5 0.5 0 0 0
0 0 0.5 0.5 0 0 0.5 -0.5 0 0 0
0 0 0.5 0.5 0 0 -0.5 0.5 0 0 0
0 0 0.5 0.5 0 0 -0.5 -0.5 0 0 0
0 0 0.5 -0.5 0 0 0.5 0.5 0 0 0
0 0 0.5 -0.5 0 0 0.5 -0.5 0 0 0
0 0 0.5 -0.5 0 0 -0.5 0.5 0 0 0
0 0 0.5 -0.5 0 0 -0.5 -0.5 0 0 0
0 0 -0.5 0.5 0 0 0.5 0.5 0 0 0
0 0 -0.5 0.5 0 0 0.5 -0.5 0 0 0
0 0 -0.5 0.5 0 0 -0.5 0.5 0 0 0
0 0 -0.5 0.5 0 0 -0.5 -0.5 0 0 0
0 0 -0.5 -0.5 0 0 0.5 0.5 0 0 0
0 0 -0.5 -0.5 0 0 0.5 -0.5 0 0 0
0 0 -0.5 -0.5 0 0 -0.5 0.5 0 0 0
0 0 -0.5 -0.5 0 0 -0.5 -0.5 0 0 0
0 0 0 0 0.5 0.5 0.5 0.5 0 0 0
0 0 0 0 0.5 0.5 0.5 -0.5 0 0 0
0 0 0 0 0.5 0.5 -0.5 0.5 0 0 0
0 0 0 0 0.5 0.5 -0.5 -0.5 0 0 0
0 0 0 0 0.5 -0.5 0.5 0.5 0 0 0
0 0 0 0 0.5 -0.5 0.5 -0.5 0 0 0
0 0 0 0 0.5 -0.5 -0.5 0.5 0 0 0
0 0 0 0 0.5 -0.5 -0.5 -0.5 0 0 0
0 0 0 0 -0.5 0.5 0.5 0.5 0 0 0
0 0 0 0 -0.5 0.5 0.5 -0.5 0 0 0
0 0 0 0 -0.5 0.5 -0.5 0.5 0 0 0
0 0 0 0 -0.5 0.5 -0.5 -0.5 0 0 0
0 0 0 0 -0.5 -0.5 0.5 0.5 0 0 0
0 0 0 0 -0.5 -0.5 0.5 -0.5 0 0 0
0 0 0 0 -0.5 -0.5 -0.5 0.5 0 0 0
0 0 0 0 -0.5 -0.5 -0.5 -0.5 0 0 0
0.5 0 0.5 0 0.5 0 0 0 0.5 0 0
0.5 0 0.5 0 0.5 0 0 0 -0.5 0 0
0.5 0 0.5 0 -0.5 0 0 0 0.5 0 0
0.5 0 0.5 0 -0.5 0 0 0 -0.5 0 0
0.5 0 -0.5 0 0.5 0 0 0 0.5 0 0
0.5 0 -0.5 0 0.5 0 0 0 -0.5 0 0
0.5 0 -0.5 0 -0.5 0 0 0 0.5 0 0
0.5 0 -0.5 0 -0.5 0 0 0 -0.5 0 0
-0.5 0 0.5 0 0.5 0 0 0 0.5 0 0
-0.5 0 0.5 0 0.5 0 0 0 -0.5 0 0
-0.5 0 0.5 0 -0.5 0 0 0 0.5 0 0
-0.5 0 0.5 0 -0.5 0 0 0 -0.5 0 0
-0.5 0 -0.5 0 0.5 0 0 0 0.5 0 0
-0.5 0 -0.5 0 0.5 0 0 0 -0.5 0 0
-0.5 0 -0.5 0 -0.5 0 0 0 0.5 0 0
-0.5 0 -0.5 0 -0.5 0 0 0 -0.5 0 0
0.5 0 0 0.5 0 0 0.5 0 0.5 0 0
0.5 0 0 0.5 0 0 0.5 0 -0.5 0 0
0.5 0 0 0.5 0 0 -0.5 0 0.5 0 0
0.5 0 0 0.5 0 0 -0.5 0 -0.5 0 0
0.5 0 0 -0.5 0 0 0.5 0 0.5 0 0
0.5 0 0 -0.5 0 0 0.5 0 -0.5 0 0
0.5 0 0 -0.5 0 0 -0.5 0 0.5 0 0
0.5 0 0 -0.5 0 0 -0.5 0 -0.5 0 0
-0.5 0 0 0.5 0 0 0.5 0 0.5 0 0
-0.5 0 0 0.5 0 0 0.5 0 -0.5 0 0
-0.5 0 0 0.5 0 0 -0.5 0 0.5 0 0
-0.5 0 0 0.5 0 0 -0.5 0 -0.5 0 0
-0.5 0 0 -0.5 0 0 0.5 0 0.5 0 0
-0.5 0 0 -0.5 0 0 0.5 0 -0.5 0 0
-0.5 0 0 -0.5 0 0 -0.5 0 0.5 0 0
-0.5 0 0 -0.5 0 0 -0.5 0 -0.5 0 0
0.5 0 0 0 0 0.5 0 0.5 0.5 0 0
0.5 0 0 0 0 0.5 0 0.5 -0.5 0 0
0.5 0 0 0 0 0.5 0 -0.5 0.5 0 0
0.5 0 0 0 0 0.5 0 -0.5 -0.5 0 0
0.5 0 0 0 0 -0.5 0 0.5 0.5 0 0
0.5 0 0 0 0 -0.5 0 0.5 -0.5 0 0
0.5 0 0 0 0 -0.5 0 -0.5 0.5 0 0
0.5 0 0 0 0 -0.5 0 -0.5 -0.5 0 0
-0.5 0 0 0 0 0.5 0 0.5 0.5 0 0
-0.5 0 0 0 0 0.5 0 0.5 -0.5 0 0
-0.5 0 0 0 0 0.5 0 -0.5 0.5 0 0
-0.5 0 0 0 0 0.5 0 -0.5 -0.5 0 0
-0.5 0 0 0 0 -0.5 0 0.5 0.5 0 0
-0.5 0 0 0 0 -0.5 0 0.5 -0.5 0 0
-0.5 0 0 0 0 -0.5 0 -0.5 0.5 0 0
-0.5 0 0 0 0 -0.5 0 -0.5 -0.5 0 0
0 0.5 0.5 0 0 0 0 0.5 0.5 0 0
0 0.5 0.5 0 0 0 0 0.5 -0.5 0 0
0 0.5 0.5 0 0 0 0 -0.5 0.5 0 0
0 0.5 0.5 0 0 0 0 -0.5 -0.5 0 0
0 0.5 -0.5 0 0 0 0 0.5 0.5 0 0
0 0.5 -0.5 0 0 0 0 0.5 -0.5 0 0
0 0.5 -0.5 0 0 0 0 -0.5 0.5 0 0
0 0.5 -0.5 0 0 0 0 -0.5 -0.5 0 0
0 -0.5 0.5 0 0 0 0 0.5 0.5 0 0
0 -0.5 0.5 0 0 0 0 0.5 -0.5 0 0
0 -0.5 0.5 0 0 0 0 -0.5 0.5 0 0
0 -0.5 0.5 0 0 0 0 -0.5 -0.5 0 0
0 -0.5 -0.5 0 0 0 0 0.5 0.5 0 0
0 -0.5 -0.5 0 0 0 0 0.5 -0.5 0 0
0 -0.5 -0.5 0 0 0 0 -0.5 0.5 0 0
0 -0.5 -0.5 0 0 0 0 -0.5 -0.5 0 0
0 0.5 0 0.5 0 0.5 0 0 0.5 0 0
0 0.5 0 0.5 0 0.5 0 0 -0.5 0 0
0 0.5 0 0.5 0 -0.5 0 0 0.5 0 0
0 0.5 0 0.5 0 -0.5 0 0 -0.5 0 0
0 0.5 0 -0.5 0 0.5 0 0 0.5 0 0
0 0.5 0 -0.5 0 0.5 0 0 -0.5 0 0
0 0.5 0 -0.5 0 -0.5 0 0 0.5 0 0
0 0.5 0 -0.5 0 -0.5 0 0 -0.5 0 0
0 -0.5 0 0.5 0 0.5 0 0 0.5 0 0
0 -0.5 0 0.5 0 0.5 0 0 -0.5 0 0
0 -0.5 0 0.5 0 -0.5 0 0 0.5 0 0
0 -0.5 0 0.5 0 -0.5 0 0 -0.5 0 0
0 -0.5 0 -0.5 0 0.5 0 0 0.5 0 0
0 -0.5 0 -0.5 0 0.5 0 0 -0.5 0 0
0 -0.5 0 -0.5 0 -0.5 0 0 0.5 0 0
0 -0.5 0 -0.5 0 -0.5 0 0 -0.5 0 0
0 0.5 0 0 0.5 0 0.5 0 0.5 0 0
0 0.5 0 0 0.5 0 0.5 0 -0.5 0 0
0 0.5 0 0 0.5 0 -0.5 0 0.5 0 0
0 0.5 0 0 0.5 0 -0.5 0 -0.5 0 0
0 0.5 0 0 -0.5 0 0.5 0 0.5 0 0
0 0.5 0 0 -0.5 0 0.5 0 -0.5 0 0
0 0.5 0 0 -0.5 0 -0.5 0 0.5 0 0
0 0.5 0 0 -0.5 0 -0.5 0 -0.5 0 0
0 -0.5 0 0 0.5 0 0.5 0 0.5 0 0
0 -0.5 0 0 0.5 0 0.5 0 -0.5 0 0
0 -0.5 0 0 0.5 0 -0.5 0 0.5 0 0
0 -0.5 0 0 0.5 0 -0.5 0 -0.5 0 0
0 -0.5 0 0 -0.5 0 0.5 0 0.5 0 0
0 -0.5 0 0 -0.5 0 0.5 0 -0.5 0 0
0 -0.5 0 0 -0.5 0 -0.5 0 0.5 0 0
0 -0.5 0 0 -0.5 0 -0.5 0 -0.5 0 0
0 0 0.5 0 0 0.5 0.5 0 0.5 0 0
0 0 0.5 0 0 0.5 0.5 0 -0.5 0 0
0 0 0.5 0 0 0.5 -0.5 0 0.5 0 0
0 0 0.5 0 0 0.5 -0.5 0 -0.5 0 0
0 0 0.5 0 0 -0.5 0.5 0 0.5 0 0
0 0 0.5 0 0 -0.5 0.5 0 -0.5 0 0
0 0 0.5 0 0 -0.5 -0.5 0 0.5 0 0
0 0 0.5 0 0 -0.5 -0.5 0 -0.5 0 0
0 0 -0.5 0 0 0.5 0.5 0 0.5 0 0
0 0 -0.5 0 0 0.5 0.5 0 -0.5 0 0
0 0 -0.5 0 0 0.5 -0.5 0 0.5 0 0
0 0 -0.5 0 0 0.5 -0.5 0 -0.5 0 0
0 0 -0.5 0 0 -0.5 0.5 0 0.5 0 0
0 0 -0.5 0 0 -0.5 0.5 0 -0.5 0 0
0 0 -0.5 0 0 -0.5 -0.5 0 0.5 0 0
0 0 -0.5 0 0 -0.5 -0.5 0 -0.5 0 0
0 0 0 0.5 0.5 0 0 0.5 0.5 0 0
0 0 0 0.5 0.5 0 0 0.5 -0.5 0 0
0 0 0 0.5 0.5 0 0 -0.5 0.5 0 0
0 0 0 0.5 0.5 0 0 -0.5 -0.5 0 0
0 0 0 0.5 -0.5 0 0 0.5 0.5 0 0
0 0 0 0.5 -0.5 0 0 0.5 -0.5 0 0
0 0 0 0.5 -0.5 0 0 -0.5 0.5 0 0
0 0 0 0.5 -0.5 0 0 -0.5 -0.5 0 0
0 0 0 -0.5 0.5 0 0 0.5 0.5 0 0
0 0 0 -0.5 0.5 0 0 0.5 -0.5 0 0
0 0 0 -0.5 0.5 0 0 -0.5 0.5 0 0
0 0 0 -0.5 0.5 0 0 -0.5 -0.5 0 0
0 0 0 -0.5 -0.5 0 0 0.5 0.5 0 0
0 0 0 -0.5 -0.5 0 0 0.5 -0.5 0 0
0 0 0 -0.5 -0.5 0 0 -0.5 0.5 0 0
0 0 0 -0.5 -0.5 0 0 -0.5 -0.5 0 0
0.5 0 0.5 0 0 0.5 0 0 0 0.5 0
0.5 0 0.5 0 0 0.5 0 0 0 -0.5 0
0.5 0 0.5 0 0 -0.5 0 0 0 0.5 0
0.5 0 0.5 0 0 -0.5 0 0 0 -0.5 0
0.5 0 -0.5 0 0 0.5 0 0 0 0.5 0
0.5 0 -0.5 0 0 0.5 0 0 0 -0.5 0
0.5 0 -0.5 0 0 -0.5 0 0 0 0.5 0
0.5 0 -0.5 0 0 -0.5 0 0 0 -0.5 0
-0.5 0 0.5 0 0 0.5 0 0 0 0.5 0
-0.5 0 0.5 0 0 0.5 0 0 0 -0.5 0
-0.5 0 0.5 0 0 -0.5 0 0 0 0.5 0
-0.5 0 0.5 0 0 -0.5 0 0 0 -0.5 0
-0.5 0 -0.5 0 0 0.5 0 0 0 0.5 0
-0.5 0 -0.5 0 0 0.5 0 0 0 -0.5 0
-0.5 0 -0.5 0 0 -0.5 0 0 0 0.5 0
-0.5 0 -0.5 0 0 -0.5 0 0 0 -0.5 0
0.5 0 0 0.5 0 0 0 0.5 0 0.5 0
0.5 0 0 0.5 0 0 0 0.5 0 -0.5 0
0.5 0 0 0.5 0 0 0 -0.5 0 0.5 0
0.5 0 0 0.5 0 0 0 -0.5 0 -0.5 0
0.5 0 0 -0.5 0 0 0 0.5 0 0.5 0
0.5 0 0 -0.5 0 0 0 0.5 0 -0.5 0
0.5 0 0 -0.5 0 0 0 -0.5 0 0.5 0
0.5 0 0 -0.5 0 0 0 -0.5 0 -0.5 0
-0.5 0 0 0.5 0 0 0 0.5 0 0.5 0
-0.5 0 0 0.5 0 0 0 0.5 0 -0.5 0
-0.5 0 0 0.5 0 0 0 -0.5 0 0.5 0
-0.5 0 0 0.5 0 0 0 -0.5 0 -0.5 0
-0.5 0 0 -0.5 0 0 0 0.5 0 0.5 0
-0.5 0 0 -0.5 0 0 0 0.5 0 -0.5 0
-0.5 0 0 -0.5 0 0 0 -0.5 0 0.5 0
-0.5 0 0 -0.5 0 0 0 -0.5 0 -0.5 0
0.5 0 0 0 0.5 0 0.5 0 0 0.5 0
0.5 0 0 0 0.5 0 0.5 0 0 -0.5 0
0.5 0 0 0 0.5 0 -0.5 0 0 0.5 0
0.5 0 0 0 0.5 0 -0.5 0 0 -0.5 0
0.5 0 0 0 -0.5 0 0.5 0 0 0.5 0
0.5 0 0 0 -0.5 0 0.5 0 0 -0.5 0
0.5 0 0 0 -0.5 0 -0.5 0 0 0.5 0
0.5 0 0 0 -0.5 0 -0.5 0 0 -0.5 0
-0.5 0 0 0 0.5 0 0.5 0 0 0.5 0
-0.5 0 0 0 0.5 0 0.5 0 0 -0.5 0
-0.5 0 0 0 0.5 0 -0.5 0 0 0.5 0
-0.5 0 0 0 0.5 0 -0.5 0 0 -0.5 0
-0.5 0 0 0 -0.5 0 0.5 0 0 0.5 0
-0.5 0 0 0 -0.5 0 0.5 0 0 -0.5 0
-0.5 0 0 0 -0.5 0 -0.5 0 0 0.5 0
-0.5 0 0 0 -0.5 0 -0.5 0 0 -0.5 0
0 0.5 0.5 0 0 0 0.5 0 0 0.5 0
0 0.5 0.5 0 0 0 0.5 0 0 -0.5 0
0 0.5 0.5 0 0 0 -0.5 0 0 0.5 0
0 0.5 0.5 0 0 0 -0.5 0 0 -0.5 0
0 0.5 -0.5 0 0 0 0.5 0 0 0.5 0
0 0.5 -0.5 0 0 0 0.5 0 0 -0.5 0
0 0.5 -0.5 0 0 0 -0.5 0 0 0.5 0
0 0.5 -0.5 0 0 0 -0.5 0 0 -0.5 0
0 -0.5 0.5 0 0 0 0.5 0 0 0.5 0
0 -0.5 0.5 0 0 0 0.5 0 0 -0.5 0
0 -0.5 0.5 0 0 0 -0.5 0 0 0.5 0
0 -0.5 0.5 0 0 0 -0.5 0 0 -0.5 0
0 -0.5 -0.5 0 0 0 0.5 0 0 0.5 0
0 -0.5 -0.5 0 0 0 0.5 0 0 -0.5 0
0 -0.5 -0.5 0 0 0 -0.5 0 0 0.5 0
0 -0.5 -0.5 0 0 0 -0.5 0 0 -0.5 0
0 0.5 0 0.5 0.5 0 0 0 0 0.5 0
0 0.5 0 0.5 0.5 0 0 0 0 -0.5 0
0 0.5 0 0.5 -0.5 0 0 0 0 0.5 0
0 0.5 0 0.5 -0.5 0 0 0 0 -0.5 0
0 0.5 0 -0.5 0.5 0 0 0 0 0.5 0
0 0.5 0 -0.5 0.5 0 0 0 0 -0.5 0
0 0.5 0 -0.5 -0.5 0 0 0 0 0.5 0
0 0.5 0 -0.5 -0.5 0 0 0 0 -0.5 0
0 -0.5 0 0.5 0.5 0 0 0 0 0.5 0
0 -0.5 0 0.5 0.5 0 0 0 0 -0.5 0
0 -0.5 0 0.5 -0.5 0 0 0 0 0.5 0
0 -0.5 0 0.5 -0.5 0 0 0 0 -0.5 0
0 -0.5 0 -0.5 0.5 0 0 0 0 0.5 0
0 -0.5 0 -0.5 0.5 0 0 0 0 -0.5 0
0 -0.5 0 -0.5 -0.5 0 0 0 0 0.5 0
0 -0.5 0 -0.5 -0.5 0 0 0 0 -0.5 0
0 0.5 0 0 0 0.5 0 0.5 0 0.5 0
0 0.5 0 0 0 0.5 0 0.5 0 -0.5 0
0 0.5 0 0 0 0.5 0 -0.5 0 0.5 0
0 0.5 0 0 0 0.5 0 -0.5 0 -0.5 0
0 0.5 0 0 0 -0.5 0 0.5 0 0.5 0
0 0.5 0 0 0 -0.5 0 0.5 0 -0.5 0
0 0.5 0 0 0 -0.5 0 -0.5 0 0.5 0
0 0.5 0 0 0 -0.5 0 -0.5 0 -0.5 0
0 -0.5 0 0 0 0.5 0 0.5 0 0.5 0
0 -0.5 0 0 0 0.5 0 0.5 0 -0.5 0
0 -0.5 0 0 0 0.5 0 -0.5 0 0.5 0
0 -0.5 0 0 0 0.5 0 -0.5 0 -0.5 0
0 -0.5 0 0 0 -0.5 0 0.5 0 0.5 0
0 -0.5 0 0 0 -0.5 0 0.5 0 -0.5 0
0 -0.5 0 0 0 -0.5 0 -0.5 0 0.5 0
0 -0.5 0 0 0 -0.5 0 -0.5 0 -0.5 0
0 0 0.5 0 0.5 0 0 0.5 0 0.5 0
0 0 0.5 0 0.5 0 0 0.5 0 -0.5 0
0 0 0.5 0 0.5 0 0 -0.5 0 0.5 0
0 0 0.5 0 0.5 0 0 -0.5 0 -0.5 0
0 0 0.5 0 -0.5 0 0 0.5 0 0.5 0
0 0 0.5 0 -0.5 0 0 0.5 0 -0.5 0
0 0 0.5 0 -0.5 0 0 -0.5 0 0.5 0
0 0 0.5 0 -0.5 0 0 -0.5 0 -0.5 0
0 0 -0.5 0 0.5 0 0 0.5 0 0.5 0
0 0 -0.5 0 0.5 0 0 0.5 0 -0.5 0
0 0 -0.5 0 0.5 0 0 -0.5 0 0.5 0
0 0 -0.5 0 0.5 0 0 -0.5 0 -0.5 0
0 0 -0.5 0 -0.5 0 0 0.5 0 0.5 0
0 0 -0.5 0 -0.5 0 0 0.5 0 -0.5 0
0 0 -0.5 0 -0.5 0 0 -0.5 0 0.5 0
0 0 -0.5 0 -0.5 0 0 -0.5 0 -0.5 0
0 0 0 0.5 0 0.5 0.5 0 0 0.5 0
0 0 0 0.5 0 0.5 0.5 0 0 -0.5 0
0 0 0 0.5 0 0.5 -0.5 0 0 0.5 0
0 0 0 0.5 0 0.5 -0.5 0 0 -0.5 0
0 0 0 0.5 0 -0.5 0.5 0 0 0.5 0
0 0 0 0.5 0 -0.5 0.5 0 0 -0.5 0
0 0 0 0.5 0 -0.5 -0.5 0 0 0.5 0
0 0 0 0.5 0 -0.5 -0.5 0 0 -0.5 0
0 0 0 -0.5 0 0.5 0.5 0 0 0.5 0
0 0 0 -0.5 0 0.5 0.5 0 0 -0.5 0
0 0 0 -0.5 0 0.5 -0.5 0 0 0.5 0
0 0 0 -0.5 0 0.5 -0.5 0 0 -0.5 0
0 0 0 -0.5 0 -0.5 0.5 0 0 0.5 0
0 0 0 -0.5 0 -0.5 0.5 0 0 -0.5 0
0 0 0 -0.5 0 -0.5 -0.5 0 0 0.5 0
0 0 0 -0.5 0 -0.5 -0.5 0 0 -0.5 0
0.5 0 0.5 0 0 0 0.5 0 0 0 0.5
0.5 0 0.5 0 0 0 0.5 0 0 0 -0.5
0.5 0 0.5 0 0 0 -0.5 0 0 0 0.5
0.5 0 0.5 0 0 0 -0.5 0 0 0 -0.5
0.5 0 -0.5 0 0 0 0.5 0 0 0 0.5
0.5 0 -0.5 0 0 0 0.5 0 0 0 -0.5
0.5 0 -0.5 0 0 0 -0.5 0 0 0 0.5
0.5 0 -0.5 0 0 0 -0.5 0 0 0 -0.5
-0.5 0 0.5 0 0 0 0.5 0 0 0 0.5
-0.5 0 0.5 0 0 0 0.5 0 0 0 -0.5
-0.5 0 0.5 0 0 0 -0.5 0 0 0 0.5
-0.5 0 0.5 0 0 0 -0.5 0 0 0 -0.5
-0.5 0 -0.5 0 0 0 0.5 0 0 0 0.5
-0.5 0 -0.5 0 0 0 0.5 0 0 0 -0.5
-0.5 0 -0.5 0 0 0 -0.5 0 0 0 0.5
-0.5 0 -0.5 0 0 0 -0.5 0 0 0 -0.5
0.5 0 0 0.5 0 0.5 0 0 0 0 0.5
0.5 0 0 0.5 0 0.5 0 0 0 0 -0.5
0.5 0 0 0.5 0 -0.5 0 0 0 0 0.5
0.5 0 0 0.5 0 -0.5 0 0 0 0 -0.5
0.5 0 0 -0.5 0 0.5 0 0 0 0 0.5
0.5 0 0 -0.5 0 0.5 0 0 0 0 -0.5
0.5 0 0 -0.5 0 -0.5 0 0 0 0 0.5
0.5 0 0 -0.5 0 -0.5 0 0 0 0 -0.5
-0.5 0 0 0.5 0 0.5 0 0 0 0 0.5
-0.5 0 0 0.5 0 0.5 0 0 0 0 -0.5
-0.5 0 0 0.5 0 -0.5 0 0 0 0 0.5
-0.5 0 0 0.5 0 -0.5 0 0 0 0 -0.5
-0.5 0 0 -0.5 0 0.5 0 0 0 0 0.5
-0.5 0 0 -0.5 0 0.5 0 0 0 0 -0.5
-0.5 0 0 -0.5 0 -0.5 0 0 0 0 0.5
-0.5 0 0 -0.5 0 -0.5 0 0 0 0 -0.5
0.5 0 0 0 0.5 0 0 0.5 0 0 0.5
0.5 0 0 0 0.5 0 0 0.5 0 0 -0.5
0.5 0 0 0 0.5 0 0 -0.5 0 0 0.5
0.5 0 0 0 0.5 0 0 -0.5 0 0 -0.5
0.5 0 0 0 -0.5 0 0 0.5 0 0 0.5
0.5 0 0 0 -0.5 0 0 0.5 0 0 -0.5
0.5 0 0 0 -0.5 0 0 -0.5 0 0 0.5
0.5 0 0 0 -0.5 0 0 -0.5 0 0 -0.5
-0.5 0 0 0 0.5 0 0 0.5 0 0 0.5
-0.5 0 0 0 0.5 0 0 0.5 0 0 -0.5
-0.5 0 0 0 0.5 0 0 -0.5 0 0 0.5
-0.5 0 0 0 0.5 0 0 -0.5 0 0 -0.5
-0.5 0 0 0 -0.5 0 0 0.5 0 0 0.5
-0.5 0 0 0 -0.5 0 0 0.5 0 0 -0.5
-0.5 0 0 0 -0.5 0 0 -0.5 0 0 0.5
-0.5 0 0 0 -0.5 0 0 -0.5 0 0 -0.5
0 0.5 0.5 0 0.5 0 0 0 0 0 0.5
0 0.5 0.5 0 0.5 0 0 0 0 0 -0.5
0 0.5 0.5 0 -0.5 0 0 0 0 0 0.5
0 0.5 0.5 0 -0.5 0 0 0 0 0 -0.5
0 0.5 -0.5 0 0.5 0 0 0 0 0 0.5
0 0.5 -0.5 0 0.5 0 0 0 0 0 -0.5
0 0.5 -0.5 0 -0.5 0 0 0 0 0 0.5
0 0.5 -0.5 0 -0.5 0 0 0 0 0 -0.5
0 -0.5 0.5 0 0.5 0 0 0 0 0 0.5
0 -0.5 0.5 0 0.5 0 0 0 0 0 -0.5
0 -0.5 0.5 0 -0.5 0 0 0 0 0 0.5
0 -0.5 0.5 0 -0.5 0 0 0 0 0 -0.5
0 -0.5 -0.5 0 0.5 0 0 0 0 0 0.5
0 -0.5 -0.5 0 0.5 0 0 0 0 0 -0.5
0 -0.5 -0.5 0 -0.5 0 0 0 0 0 0.5
0 -0.5 -0.5 0 -0.5 0 0 0 0 0 -0.5
0 0.5 0 0.5 0 0 0 0.5 0 0 0.5
0 0.5 0 0.5 0 0 0 0.5 0 0 -0.5
0 0.5 0 0.5 0 0 0 -0.5 0 0 0.5
0 0.5 0 0.5 0 0 0 -0.5 0 0 -0.5
0 0.5 0 -0.5 0 0 0 0.5 0 0 0.5
0 0.5 0 -0.5 0 0 0 0.5 0 0 -0.5
0 0.5 0 -0.5 0 0 0 -0.5 0 0 0.5
0 0.5 0 -0.5 0 0 0 -0.5 0 0 -0.5
0 -0.5 0 0.5 0 0 0 0.5 0 0 0.5
0 -0.5 0 0.5 0 0 0 0.5 0 0 -0.5
0 -0.5 0 0.5 0 0 0 -0.5 0 0 0.5
0 -0.5 0 0.5 0 0 0 -0.5 0 0 -0.5
0 -0.5 0 -0.5 0 0 0 0.5 0 0 0.5
0 -0.5 0 -0.5 0 0 0 0.5 0 0 -0.5
0 -0.5 0 -0.5 0 0 0 -0.5 0 0 0.5
0 -0.5 0 -0.5 0 0 0 -0.5 0 0 -0.5
0 0.5 0 0 0 0.5 0.5 0 0 0 0.5
0 0.5 0 0 0 0.5 0.5 0 0 0 -0.5
0 0.5 0 0 0 0.5 -0.5 0 0 0 0.5
0 0.5 0 0 0 0.5 -0.5 0 0 0 -0.5
0 0.5 0 0 0 -0.5 0.5 0 0 0 0.5
0 0.5 0 0 0 -0.5 0.5 0 0 0 -0.5
0 0.5 0 0 0 -0.5 -0.5 0 0 0 0.5
0 0.5 0 0 0 -0.5 -0.5 0 0 0 -0.5
0 -0.5 0 0 0 0.5 0.5 0 0 0 0.5
0 -0.5 0 0 0 0.5 0.5 0 0 0 -0.5
0 -0.5 0 0 0 0.5 -0.5 0 0 0 0.5
0 -0.5 0 0 0 0.5 -0.5 0 0 0 -0.5
0 -0.5 0 0 0 -0.5 0.5 0 0 0 0.5
0 -0.5 0 0 0 -0.5 0.5 0 0 0 -0.5
0 -0.5 0 0 0 -0.5 -0.5 0 0 0 0.5
0 -0.5 0 0 0 -0.5 -0.5 0 0 0 -0.5
0 0 0.5 0 0 0.5 0 0.5 0 0 0.5
0 0 0.5 0 0 0.5 0 0.5 0 0 -0.5
0 0 0.5 0 0 0.5 0 -0.5 0 0 0.5
0 0 0.5 0 0 0.5 0 -0.5 0 0 -0.5
0 0 0.5 0 0 -0.5 0 0.5 0 0 0.5
0 0 0.5 0 0 -0.5 0 0.5 0 0 -0.5
0 0 0.5 0 0 -0.5 0 -0.5 0 0 0.5
0 0 0.5 0 0 -0.5 0 -0.5 0 0 -0.5
0 0 -0.5 0 0 0.5 0 0.5 0 0 0.5
0 0 -0.5 0 0 0.5 0 0.5 0 0 -0.5
0 0 -0.5 0 0 0.5 0 -0.5 0 0 0.5
0 0 -0.5 0 0 0.5 0 -0.5 0 0 -0.5
0 0 -0.5 0 0 -0.5 0 0.5 0 0 0.5
0 0 -0.5 0 0 -0.5 0 0.5 0 0 -0.5
0 0 -0.5 0 0 -0.5 0 -0.5 0 0 0.5
0 0 -0.5 0 0 -0.5 0 -0.5 0 0 -0.5
0 0 0 0.5 0.5 0 0.5 0 0 0 0.5
0 0 0 0.5 0.5 0 0.5 0 0 0 -0.5
0 0 0 0.5 0.5 0 -0.5 0 0 0 0.5
0 0 0 0.5 0.5 0 -0.5 0 0 0 -0.5
0 0 0 0.5 -0.5 0 0.5 0 0 0 0.5
0 0 0 0.5 -0.5 0 0.5 0 0 0 -0.5
0 0 0 0.5 -0.5 0 -0.5 0 0 0 0.5
0 0 0 0.5 -0.5 0 -0.5 0 0 0 -0.5
0 0 0 -0.5 0.5 0 0.5 0 0 0 0.5
0 0 0 -0.5 0.5 0 0.5 0 0 0 -0.5
0 0 0 -0.5 0.5 0 -0.5 0 0 0 0.5
0 0 0 -0.5 0.5 0 -0.5 0 0 0 -0.5
0 0 0 -0.5 -0.5 0 0.5 0 0 0 0.5
0 0 0 -0.5 -0.5 0 0.5 0 0 0 -0.5
0 0 0 -0.5 -0.5 0 -0.5 0 0 0 0.5
0 0 0 -0.5 -0.5 0 -0.5 0 0 0 -0.5
0.47943841350769351 0.53001826148108733 0.035109800525146874 -0.13846385212880666 0.096196420360297116 0.047428461649080822 -0.057052680657327708 0.061745313073046849 0.48145595968238264 0.34430208747234592 0.31606968035200728
0.54835633362505132 0.39907220128788601 -0.018953003654260944 -0.056089939304400684 0.069669990054188918 0.0046212846884398605 -0.034024526666664841 -0.090967519951444309 -0.51467338286359998 -0.34182383851524595 -0.37483484683384816
0.47030374288862664 0.44555671639253913 -0.23349803947626008 -0.16269068818271823 -0.015052192986091045 -0.036361020098785203 0.01839993783138491 0.018716784856183669 0.54125110775680407 -0.34951976193913181 -0.28626842956219001
0.6133821111771065 0.47547535144569941 0.065498873365875926 -0.050774691607163476 -0.16280052768781672 0.016542539570214412 0.010768653843343631 -0.12124056330877354 -0.47908324029352489 0.28392327839082132 0.19771524843895508
0.51806147339772723 0.54273359110464059 0.0045314800316837399 -0.064470164021056556 0.075606688252907686 0.11347941205276359 0.040856179400930538 -0.10419179557979301 0.093167133938328039 0.46672260801318333 -0.41862442463472155
0.37325662878500926 0.61280804373041142 -0.0024197446255989738 -0.15060484218794296 -0.037857715673953886 0.006524982900456798 0.032899886360738186 -0.11845639159366451 -0.13355426723689243 -0.47844829599849031 0.44622696180527133
0.49957737966534371 -0.38665766235021082 -0.18711145771125745 0.028869053874046379 0.13897818721429217 -0.033764621621039298 -0.092014714389093019 0.085367853933391386 0.50161339040756014 0.43602493631950029 0.29517972681349824
0.33323680490307833 -0.53081072532014839 -0.055335098114188859 0.096231293321194844 0.024033234758078895 -0.2024170113007025 -0.14834071346387254 0.10969373002015895 -0.43278569011959478 -0.44515027693535819 -0.36581501295605245
0.49774550099531523 -0.39911048615959815 0.094562639856667116 0.027679513840941288 -0.010233720888869197 -0.027934464280163437 0.11393405461504003 -0.24290855100102335 0.4346964657956861 -0.3143962637420919 -0.4717789348992828
0.43006167210094576 -0.46050088146244161 0.082432731811952223 -0.012004128989046152 0.06395786707129851 0.11649743665333535 0.036600524148940362 -0.083701689042834718 -0.54299027546899103 0.44919513644315945 0.27096881645956711
0.44467439358577787 -0.5142640108345673 -0.024471888456298312 0.10894616523550406 0.0043377092360837042 0.0017578806635013126 -0.091358830128588489 0.060034158407494945 -0.13217958960085324 0.61784103217491493 -0.33787222995580268
0.25883826396805626 -0.64983340178943449 0.060436410599079192 0.24962084891789441 -0.098061903801680117 -0.12253228334079161 0.057702049251402807 -0.082366583046880687 -0.049575972045183853 -0.44231924891159036 0.46033466325456879
-0.50838328787776621 0.49421478525070822 -0.019629738964828169 -0.093923793055959479 -0.035563304008238449 -0.10568035426544373 0.00072443840205664535 -0.1249690897724797 0.34179025648133615 0.48962135362023368 0.32169961092087568
-0.43149446361440941 0.478281217240906 -0.043026776678564499 -0.023364563640578907 0.043465546680967852 0.028873093001054447 -0.11852197081625157 0.085197693246120754 -0.48634749420626683 -0.40918537321590104 -0.39327704005739572
-0.49110600549328437 0.62438437004749092 -0.12668112459620046 0.017250510173364202 -0.23038172865533649 -0.00016885988098677639 0.096941390677909897 -0.025503921797640303 0.38119688879544311 -0.29255572655724871 -0.24205286311951671
-0.38633761358419261 0.67706958030197717 0.023068527627347572 -0.065335343972123427 -0.013893911860279769 -0.0079956729595335608 0.011992358596071364 -0.0033116881479468654 -0.44034440927902063 0.14066360418732254 0.41643482536733889
-0.53902642413789037 0.34031675809587991 0.072502698933898851 0.14976012111841042 0.056049872977405248 0.0183213860696151 -0.10597940453522707 0.32645394526442612 0.10007214380240829 0.34416658769194364 -0.56232031347689859
-0.50900978110285011 0.32588299016750738 0.021039486059398056 -0.057276915640027765 0.1529979299569269 0.12004501436759943 -0.33827856538590401 0.005203100632424993 -0.20180633796155292 -0.38141586189324644 0.54083594978112848
-0.392206742541368 -0.56710771811103655 0.19819538311345505 0.21896882177938196 -0.1154174221887565 0.040411843106351993 -0.072983606359687175 -0.0025548979496171739 0.31446137696586779 0.521758144370986 0.21431052432293102
-0.51892448796660151 -0.4261841662650494 -0.075297755241984093 -0.02782702742918523 -0.06553951871304671 -0.015518692822197495 -0.13610961223536586 -0.050928847310918263 -0.50855345394560469 -0.38139585385567359 -0.33599864818762004
-0.55868735193424468 -0.42761280413915709 -0.040487630760217615 -0.017118465787922161 -0.083278962142363452 -0.065957942955280152 -0.15840644367401935 0.064989594993825978 0.37884330864502835 -0.46252372826036914 -0.32408472051478032
-0.40273422554564803 -0.48861678777447864 -0.21604869682746619 0.044992267608815022 0.027771651828287152 -0.15111587560253106 0.082419600857245992 -0.075013253551285422 -0.56630205512590048 0.32547575926264144 0.29613796769081746
-0.42251483011139412 -0.61526351569843762 0.19315990373405592 -0.064235484734803963 -0.16410743930475075 0.065960440948900551 -0.037817455409999527 0.034625643440997847 -0.036197793634363672 0.43774434759843933 -0.41791573078261562
-0.53726981248536476 -0.3814036323054576 -0.051383415126326097 -0.095099991777988141 0.0084234689808437152 0.048665111596805859 -0.025049747659796697 -0.094316243731366683 0.067773339706299299 -0.64811492635857959 0.34289893426544715
0.004337303360350534 -0.14936477120565841 0.46032860212550897 0.45123570437209964 0.098629099584773255 -0.10039051327950213 -0.068687953528174042 0.036563875292477323 0.18755962473082671 0.66353260356439447 0.24665813363317576
-0.094136037532653594 0.11107048282225342 0.53228996955985963 0.30791221885438125 0.080862736261091139 0.11032887442887501 -0.058035249375088797 -0.036321552107411482 -0.47474401803194582 -0.49723554760583422 -0.32347418389035903
0.024581137645251928 -0.083245035262208028 0.34221007937652215 0.48608370759843339 -0.10797308509740822 0.12351222566544012 0.01777124308588246 0.096460968305228392 0.53051358458312836 -0.33096314986358777 -0.45996267248591349
0.074769692119120906 0.1997483040690253 0.43168363379565694 0.39999976688416805 -0.017665514690214212 -0.053866203500707685 -0.078511478529882314 0.015467009977626756 -0.49890499529061 0.49079816879432286 0.32977807568472195
0.032130932758021917 0.09443723214111871 0.38348480141631136 0.55583795625246957 -0.06276104807092163 -0.080183274560173115 -0.036332404377925447 -0.011379563159179934 -0.13900585334701193 0.40983744816565942 -0.57872755238885565
0.16053991321625147 -0.0093404819123421492 0.40646566996125821 0.3757469675303024 -0.044332111622582354 -0.025725285997509346 -0.12045188876836133 -0.10606978765989847 -0.021584821636308597 -0.54055177448477154 0.58880460082316977
0.13267395938170842 0.0018680480340893247 0.54104800371889095 -0.64150795087157619 0.074321937897819351 -0.0035659861472752533 0.056511590352898482 0.18659909705453889 0.2198824579958511 0.3739577365429268 0.21537595944858437
0.069072043028988075 -0.15318093393170854 0.42820556541340826 -0.46234122642054737 0.071557891750543057 0.0087237578864503128 -0.092473418928770645 -0.064562334972343108 -0.38282172260392128 -0.34428650320328119 -0.54004009734302238
0.089076056962337252 0.043948574384054861 0.53214471352479198 -0.47546926133055817 0.087438873955203986 -0.11202993604950652 0.06018203142498333 -0.051775601748742864 0.51112704638515494 -0.20489709379364682 -0.38878327458733924
-0.0049829604171068072 0.0037890168628042717 0.52099666108958687 -0.33616683980461265 -0.11859600758622464 0.044510384879232714 0.072472921331178441 0.20657716643959997 -0.56860754471533581 0.23440733264267263 0.41627055325130013
-0.14245789972709877 -0.12609872400498348 0.49240030308572486 -0.33097487544721171 -0.070298063442140971 0.056783314215786786 0.012295452171107696 0.15966536778300858 -0.00015963284856238723 0.5421439280493372 -0.53298404989231851
-0.022438415687284705 -0.011736846797963435 0.64395238655917175 -0.43535429072984905 -0.091238934595642432 0.082769209194596169 0.093530141346199427 -0.013550241871369507 -0.031272014881396644 -0.52922244358435766 0.29998268956148511
0.01990602700943565 0.024740066619753542 -0.53072701538818012 0.51774598317585863 -0.14480174486528449 -0.058197657417585737 -0.050119597630334037 0.20961531126476812 0.27078289446339204 0.37007160302632924 0.41009532855927594
0.047661999113136663 0.14912236437808071 -0.65228348087111854 0.23802990332099272 0.096758273793140961 -0.15089145758215547 -0.041185644042928272 -0.14874862130817892 -0.39297034791929281 -0.26259997016442932 -0.46262472499997898
0.098378604326205626 0.013205528726754198 -0.46887388358368653 0.45994817210057226 -0.022076789258333326 0.066966137954607111 0.033792846076446781 -0.038052463150759865 0.56326450566647268 -0.38739349151427388 -0.28956831530876154
0.046159638175936796 0.16169686201452266 -0.51086123941678496 0.64618834519706303 0.019262364001315407 -0.021209972962436152 -0.073530034154061286 0.064106947184417007 -0.45024416482422375 0.2014825336905835 0.19882791969570407
-0.057590904492202 -0.070081820139473047 -0.31892794822114567 0.57456266554371616 0.090043933029759937 0.037100414849939062 -0.044395630936934202 0.0056482968590043934 0.091717938772094776 0.65287881201213571 -0.33731940943900318
-0.035550363414835272 0.0048207800198229222 -0.58942226359029182 0.42905402981326113 -0.023358011656732507 0.024799829603185476 0.23275371601474579 0.0065966230559203242 0.17208446149997678 -0.30416526815292938 0.53823689781969908
0.18755029009767504 0.083397459446431385 -0.5347487265923252 -0.45510975105226215 0.0026687052990129437 -0.02710242730158478 -0.023187898810806962 0.016822064568810934 0.53669047016531235 0.24046259268671377 0.34258929206571065
-0.20426585461434255 0.034992899009840997 -0.47540004615846071 -0.53707403371614737 0.038355073244534452 0.079157115446363932 -0.089241596336136333 -0.032074988317859578 -0.49051882699763483 -0.26089380868594803 -0.34233479090879504
0.30562159226137053 -0.010937446573258822 -0.37914562802520829 -0.34717304186026998 -0.016014572944175506 -0.098229636670874199 -0.14157810122986506 0.019427374120520185 0.6317435586101765 -0.3201972328509986 -0.3320267834225194
-0.035961036066795425 0.053202721100952415 -0.59766890903693426 -0.37309094878240279 0.0026672315481286592 -0.12995002883039744 0.20631300414273404 -0.13156906826064696 -0.49730880691898494 0.165518563213468 0.38469370898643773
-0.11113083512869121 0.083672573237962344 -0.44787910465459119 -0.48890345474961033 -0.16362438123736459 -0.076596163214172189 0.20936587483712657 -0.16151904015365293 -0.10406945814167667 0.50109462987058773 -0.4201641311238693
0.025506479788159321 0.075214573316236072 -0.53052117032229318 -0.326575021254641 0.057677510303783 -0.1616271634732768 0.15608793502328866 0.23236046637422511 -0.077904013196742658 -0.41669777836709321 0.56398341469683
-0.14235924490041538 -0.19124177621722585 -0.12464688863183962 -0.054499734688526653 0.3448575820137133 0.458821595563768 0.025808531513987647 -0.11975816951343547 0.4549804219079836 0.46327580002967589 0.3982079876008251
0.10829014656945361 0.0022046760340204666 0.1074732998378045 -0.10556137472742574 0.5373145266952859 0.4457244276978497 0.12356474978149783 0.050917134178109176 -0.5743395300960541 -0.30793081929116678 -0.18881053005874612
-0.11337836210526549 -0.05613926788299043 -0.077177002778634984 -0.15016719676907209 0.51485956309636616 0.54997337332426155 0.080326661844905278 0.024354764255067562 0.41312133397948275 -0.27178041725164692 -0.36926523374335329
0.084690577577361689 0.099058885260236124 0.088357150799776227 -0.050306575542301002 0.40221433701158138 0.3790781462598371 0.16946487375081151 0.017025955177929805 -0.57310913357070825 0.31691343640155462 0.45749760662958061
0.10243213933068093 0.1314801240981186 0.0053910735930224607 -0.29471803764038501 0.35227752581135369 0.43664052505156836 -0.018961087764860725 0.046344037643308904 0.10306577541571792 0.57200908554159358 -0.47984810557783375
-0.03908621794881105 -0.098430573558221823 0.11899053242269342 -0.12776534244096258 0.2008574885978224 0.43406641466499418 0.01315587793420327 -0.43035936927348684 -0.04989897217633267 -0.62856185176011792 0.38285950999833085
-0.13667452448177717 -0.042635156245339582 -0.050438098334578518 0.11615403759181619 0.41869137482821944 -0.52987387239783112 -0.078791777575560773 0.065008200798980106 0.55892544500147356 0.30725446846019977 0.30026754028402075
0.22542264949740745 -0.0027465539221912974 -0.037446333314952056 -0.17120938493284912 0.44262501914701069 -0.24083259287349654 -0.17223823037501776 0.0013558301014334614 -0.67538802927267827 -0.34136539872686539 -0.24939484154944747
-0.027988650246713969 0.08389694796902307 0.082805261800604282 0.051350938468496539 0.67578617147995945 -0.38916900815819455 -0.035031522527817133 -0.078208025341842582 0.38153355973915071 -0.28378271026725072 -0.37563367020099836
0.2474552422313627 0.1670558496533702 -0.019451022053104297 -0.029842531827780357 0.53104355175005769 -0.54855959301603585 -0.040942410326390469 0.086205713409739468 -0.46049465521401378 0.22390638390022219 0.23530266479367967
0.08364923240001941 0.017409004894213469 0.050898714841176376 0.075354700998938928 0.53123224049883444 -0.38686012615148918 -0.09227612892620457 -0.18179315395824791 -0.22492743863247491 0.3222450161219505 -0.59713016497251725
0.14121985881737745 0.023878335100837471 -0.082060989890457375 -0.14667764816320569 0.49874129494263764 -0.62659456825344451 -0.077475362260725822 -0.19640242405408948 -0.065233450790448871 -0.43180195014792744 0.2731119452254066
-0.023702553879073999 -0.20897573294381999 0.018032167369866924 -0.073635781212899737 -0.61592445519583383 0.42038193892960996 0.17903406338211567 0.010726992547832211 0.52491069885523989 0.28319628483593462 0.077694232868379981
0.060222092294426342 -0.051356784685345221 -0.17951636525948297 0.096363093797341023 -0.47636714842478711 0.44707746718532371 0.1065825008463103 -0.10707393732049759 -0.43258651295550687 -0.47721797501183388 -0.29618768180955524
-0.12998004486000458 0.17584838599260325 0.03002949078759036 0.16919874597796611 -0.58913131613294845 0.43579432950942137 0.099150462845520482 -0.323987412183108 0.36604383328800555 -0.22590548033554247 -0.29298482959703842
0.12276737489032395 -0.038853414490026363 0.070742636204909254 -0.091670047905784785 -0.69471189178910009 0.31004771569524475 -0.069201121042427538 -0.068853911211747651 -0.6015694547332836 -0.075575133001724054 0.118867157552849
-0.046651753888089315 0.025138964190385867 -0.05069478795186444 -0.076804913718016316 -0.56713896315237777 0.54200370682513799 -0.096443182598335231 0.14744388904419872 0.13669600854886155 0.38893905917369059 -0.41509961444677279
0.014750403655425135 -0.12863719108220972 0.029087918639632657 0.00032935141615026602 -0.40549902169145374 0.57088105854502913 0.19332121521911322 -0.043321803828159304 0.11640387625965487 -0.55316845496852352 0.36504653218441113
-0.079485175369365293 -0.12628573686285199 0.12606693628373736 0.11873346769849918 -0.37222864324497873 -0.53910810206509996 0.035286857375498172 -0.074388629896465844 0.38783492959367488 0.43639503523668238 0.41342038201826625
-0.12716796097625724 0.067239967781931503 -0.20008063293031389 -0.020562420489849333 -0.55105232138029658 -0.53944564182515153 -0.12446202578134172 0.10941759712953938 -0.41363192147423566 -0.20250801225029819 -0.32346235380586991
-0.15098322492050573 -0.04408359488385221 -0.13859149829746148 0.051969018899568467 -0.34521861415710858 -0.44788011800266181 -0.07124542395212112 -0.044586727956093558 0.50679840849750168 -0.51255821291263448 -0.32704035415010541
0.023181517228981152 -0.070776185804221084 -0.054832220169203472 0.019435386895889081 -0.63228231324298068 -0.63255695066385009 0.09600807336018137 0.025692078308749193 -0.31683917582998627 0.24486790466441766 0.14468875409970361
0.098694513969841496 0.10034506776213677 -0.081873140772438485 -0.1603615405764702 -0.45533475361850345 -0.63856131211024147 -0.03963389570823668 -0.23749447094420328 -0.028782525764736257 0.21648372167941976 -0.47645863752863304
0.14185378328070591 -0.028733197601108106 0.070256371390274588 -0.064698665729441773 -0.48687152557997593 -0.54483527800717146 0.09577646950359793 -0.0092669837207770504 0.15119981815523351 -0.51471034356545309 0.37281837131966244
0.004141706000053277 0.15659209445841815 0.20337646147852206 -0.079498668746645199 -0.13508767211091838 -0.20416743008669952 0.62438867964039158 0.46132472952027714 0.39706104869623499 0.32560180871552874 0.038613165932889444
-0.19273457447117126 0.095877570221043262 0.03732170173148347 0.010639962835441301 -0.11430717282105608 0.058075865245094158 0.63924419902088458 0.313450762744716 -0.45615277302736429 -0.37258092094471273 -0.28625058878661169
-0.004789558742026901 -0.024372247474222442 -0.11368721124545259 -0.0084535410962758659 -0.081187125731197615 -0.024345110710263396 0.49190997079591381 0.57911279073687594 0.42888329628417987 -0.40377838433992941 -0.23426025328051789
-0.03764102417584736 -0.043672527216981116 0.11199541837214114 0.030204656536306107 0.0051476698927712438 0.022971515058829276 0.39719496943131771 0.63233788957862802 -0.39985187820208967 0.48047911050720177 0.18522858626409788
0.025634202618342244 -0.10380988140092569 -0.02978336510597579 0.0091428889100854116 -0.13478811078548553 0.14078913011217165 0.44183749246250859 0.53576930861595684 0.064666172310422959 0.59601933673985708 -0.32850640107713097
-0.15282434882268472 0.00048588584177600651 -0.21940602230434553 -0.048859930806052686 0.068518525595963428 0.088705158184294225 0.54745245150791266 0.37923180414827373 0.028881459322088365 -0.41438919881140279 0.54541846200695365
0.15984389437401253 -0.04023931563864723 0.38556930947619122 -0.0037040386689555934 -0.040995229846520521 0.058359006878830881 0.50295987528395836 -0.37523207071106779 0.35837077726511951 0.45118457170310805 0.305453854559946
0.17463242790844807 0.15799452450458978 -0.15016664824198409 -0.11611327625325805 -0.1184163206566471 0.026253484911060096 0.4854404275182253 -0.45310424939986532 -0.57800110583521569 -0.29356064204989057 -0.1804944910911962
-0.16857470307525285 -0.026625746485883898 0.028769118298643339 -0.018313463663098953 -0.026667118325695016 0.21822438999511512 0.67670929461483442 -0.41512077799322994 0.42211926829774554 -0.089751377357071713 -0.32384696733808582
-0.073935444985533727 -0.043936303694519056 -0.062882417620075431 0.26265437245818424 0.023838225298621844 0.0061494445920501316 0.2493776042375862 -0.42927394288503135 -0.65312242287332101 0.22484788485104215 0.44211398824724296
-0.090674013901411207 0.085131244479754981 0.11472707681414239 -0.18647740051760625 -0.015427058397255689 -0.1641736151012852 0.42333434577691098 -0.3380552509962072 -0.14244779833577489 0.61619516722675183 -0.46467474746020732
-0.14404397766879232 -0.016757151901496566 0.093430803275091678 -0.16754262479379239 -0.0017159160333141139 -0.1671672536371617 0.64400705703079131 -0.4845850734890394 -0.053246327487195905 -0.3787847679919023 0.34400871263714239
-0.050548035382616464 0.22438774967355335 -0.017566083182853017 0.16422940524085372 0.021577342710084966 -0.088357529535642798 -0.54428216999232448 0.5185852967784591 0.45879651355002948 0.25803733858899108 0.26323228295379447
-0.19534554676009658 0.011569490155941926 0.048312319798086326 0.094435244216566072 -0.23730039417889986 0.10178021405969409 -0.54609271175232976 0.35266182744443531 -0.53116833342510617 -0.27964203130745885 -0.31757896835226479
0.082937253999794958 0.10888078617427192 0.10305816546404366 -0.0067745837765884019 -0.24813358435875427 -0.092123833527100463 -0.45188269377904589 0.43345434598004923 0.56968350746387808 -0.25582553592750884 -0.34420311875619464
0.18938466106712568 -0.10140919570533614 0.092804254779355583 -0.050176893542119475 -0.081538884064165373 0.057941929011524167 -0.48918059487732157 0.50992781338600579 -0.54527518023063792 0.30170780879277415 0.21221867199880656
-0.031366781434767475 -0.048245078664701235 -0.1414978750041512 0.07842737112336734 -0.15582974381747228 -0.12314705687289923 -0.40600564011811741 0.631260922077715 0.080050154564125051 0.55327480760997694 -0.23498076097554219
-0.12346463368392525 -0.076547753572698551 -0.1017243358604389 0.088665888834129888 0.027260873613540657 0.11004397655519928 -0.32298466620524452 0.39481970004505085 -0.084032498640730063 -0.52056465838492061 0.63998742078452497
0.096408247766934976 0.058497040664524935 -0.035889408631386746 -0.021614665982373129 -0.03637171089010538 -0.034314825113262074 -0.66699805243310162 -0.42975126202401864 0.38180831828258066 0.32627228813820564 0.31815742472152825
0.086960532344093247 -0.0028667515952732116 0.081124627968886726 -0.26702884396522203 -0.11567639417631709 0.17744698205284445 -0.55990573133385624 -0.46242180729834192 -0.360200188528983 -0.39845233087329585 -0.23203186748308924
-0.13405406044333917 -0.17915678669912363 -0.12487046703779051 -0.15502402485334657 -0.0029612476797563785 -0.030852914906053647 -0.35806974507080003 -0.48486606101062546 0.62232259817231295 -0.28403803051641513 -0.27941822249399034
0.04626940777751385 -0.026986787069861892 -0.067626353277131804 0.0075217929115688241 0.094786736211516273 0.068279889669567134 -0.33928230902864126 -0.49704003585292905 -0.5190947377102666 0.51725897961991762 0.28227079964116014
0.050455611355074093 0.078650036627659708 0.15260425522407328 -0.14769902867436929 -0.053313264363213597 -0.048245324598233226 -0.48535844305196069 -0.71409157129352618 -0.011657504088504361 0.13667656321347202 -0.42033255282818144
0.061834216518994858 0.068943641798791089 -0.14260975327931605 0.11091685458108404 -0.10256734485484256 -0.14516194286965201 -0.60519929884499846 -0.58961413184837685 0.019190513160530442 -0.39325440780637771 0.24137697243499975
-0.053646954731368053 0.087312691810489007 0.019162026611884157 0.049007344381255792 -0.14695865629912572 0.092661570691387182 -0.15323611098605719 0.018563956851153904 0.94685419935756288 0.18355295848075107 0.049960905448655051
0.11355704447163681 -0.078156226339297336 -0.062058211130871115 0.15073882434895497 0.00020706290918978129 -0.016410768419486566 -0.18182112218759974 0.019411196595530956 0.083251876998258881 0.65718275047540997 0.69418864398104752
0.16180049820107034 0.018250138483582246 -0.02954500348246147 -0.11639951532001164 -0.063429894999080805 -0.025593564586813538 0.14016555024989238 -0.062499879189149087 0.18369654810322264 -0.69833030101077542 -0.63986338169291779
0.093213297441226639 -0.02654203088982764 -0.091745652882470621 -0.014568966479142027 0.049583647768754999 -0.18959213799414823 -0.027463774255902983 -0.012081920504612971 -0.96546532088885395 0.081258348528082211 -0.062826176949096799
-0.041047527956679583 0.0042388812502904836 0.082074718467959856 -0.024904825595099673 0.17078198355373556 -0.10221693969810609 0.14487265484219461 -0.096598133759474167 0.45084004436527003 0.84197393517932151 0.093966457981611198
0.10126610926774432 -0.045879607136391644 0.14685521158635209 -0.024157660870775446 -0.089466737338467231 0.050720280039816192 0.010679187312514316 0.10780449187943786 0.4088653340438384 -0.094829350190133194 0.87579336978841893
0.033032938913467633 -0.0034433610326938154 -0.082879889085444219 0.10736937415948183 0.016302826571217014 0.058962922597611718 -0.041673876113132231 0.0015458415740967719 -0.61824376781953183 0.15514783898951165 -0.75413658665164141
0.010665101085904046 0.098560999218889084 0.035886697452677994 0.15641633325388046 -0.021796181463127201 -0.18792923387610846 0.049600684910752646 -0.018945051420491816 -0.5896001841850147 -0.74106926033660259 0.17027748381314095
0.075551443002940477 -0.056387392856403415 0.033428940437417773 0.043148475596894248 0.30106923933678331 -0.11603338883340548 -0.0017803350445656509 0.061728612225235874 0.41426352271813582 -0.064904474015915592 -0.83927723311232905
-0.18479554890983005 0.060122917390862389 -0.088702732313614835 -0.079807072297963064 -0.20732151457788006 -0.094194269464549091 0.082025987274248549 -0.14522706298293639 0.49799346510086323 -0.71106957966108308 0.33868440291591179
-0.049316476073447101 0.13130183075233223 0.092376780191911118 -0.029792361684151274 -0.17282471069076352 0.15687041547857114 -0.14179576578749067 -0.049200324959151706 -0.34124067923176749 0.855198427390087 -0.21469440997215128
-0.0031762973925546531 -0.025664961337592506 0.11727449093489915 0.24859504218049752 -0.18162370479648701 0.090958698511001107 -0.28368552288166654 0.0013961446084861174 -0.5236099721306251 0.076567600444608641 0.72250144583242382
