-0.5 0 0.5 0 0.5 0 0 0 0.5 0 0
-0.5 0 0 -0.5 0 0.5 0 0 0 0 -0.5
0.5 -0.5 0 0 0 0 0 0 0.35355339059327373 0.35355339059327373 -0.5
0.5 0.5 0.5 -0.5 0 0 0 0 0 0 0
0.5 0 -0.5 0 0 0.5 0 0 0 -0.5 0
-0.5 0 0 0 0.5 0 -0.5 0 0 -0.5 0
0 -0.5 0 0 0.5 0 0.5 0 0.5 0 0
0 -0.5 0 0.5 0 0.5 0 0 -0.5 0 0
0 0 -0.5 -0.5 -0.5 -0.5 0 0 0 0 0
0 -0.5 -0.5 0 0 0 0 0.5 -0.5 0 0
0 0 0 0 -0.5 -0.5 0 0 0.35355339059327373 -0.35355339059327373 0.5
0 0 0 0 0 0 0.5 0.5 -0.35355339059327373 0.35355339059327373 -0.5
0 0 0 -0.5 0 -0.5 -0.5 0 0 -0.5 0
0 0 0 0 0.5 -0.5 0 0 0.35355339059327373 0.5 -0.35355339059327373
0 0 0 0 0 0 -0.5 -0.5 -0.35355339059327373 -0.5 0.35355339059327373
-0.5 0 -0.5 0 0 0 0.5 0 0 0 0.5
-0.5 0 -0.5 0 0 0 -0.5 0 0 0 -0.5
0 0 0 0 0 0 -0.5 -0.5 0.35355339059327373 -0.5 -0.35355339059327373
-0.5 0.5 0 0 0 0 0 0 0.5 0.35355339059327373 -0.35355339059327373
0.5 0 -0.5 0 0 -0.5 0 0 0 -0.5 0
0 -0.5 0 -0.5 0 0 0 -0.5 0 0 -0.5
0.5 0 0 0.5 0 0 0 0.5 0 0.5 0
0 0 -0.5 0.5 -0.5 -0.5 0 0 0 0 0
-0.5 0 0.5 0 0 0.5 0 0 0 -0.5 0
0 0 0.5 0 0 0.5 0.5 0 -0.5 0 0
-0.5 -0.5 0 0 0 0 0.5 0.5 0 0 0
0 0 0 0.5 0 0.5 0.5 0 0 0.5 0
0 0 0.5 0.5 0 0 0.5 0.5 0 0 0
0 0.5 -0.5 0 0 0 0 0.5 -0.5 0 0
0 0 0 -0.5 0 -0.5 0.5 0 0 0.5 0
0 0 -0.5 0.5 0 0 0 0 0.35355339059327373 0.5 0.35355339059327373
-0.5 0 0 -0.5 0 0 -0.5 0 0.5 0 0
0 0 0 0.5 0.5 0 -0.5 0 0 0 -0.5
0 0.5 0 0.5 -0.5 0 0 0 0 -0.5 0
0.5 0 0 -0.5 0 0 0 -0.5 0 -0.5 0
0 0 0 0 0.5 0.5 0 0 0.5 -0.5 0
0 0.5 0 0 0.5 0 0.5 0 0.5 0 0
0 0 -0.5 0.5 0 0 -0.5 -0.5 0 0 0
0 0 0.5 0 0 -0.5 0.5 0 -0.5 0 0
0 0 -0.5 0 -0.5 0 0 -0.5 0 0.5 0
0 0 -0.5 0 0 0.5 0.5 0 0.5 0 0
0 0 0 0 0 0 0.5 -0.5 -0.35355339059327373 0.35355339059327373 0.5
0.5 0 0 0.5 0 0 0 0.5 0 -0.5 0
0 0 0 0 0 0 -0.5 0.5 0.35355339059327373 -0.35355339059327373 0.5
0 -0.5 0 0 0.5 0 -0.5 0 0.5 0 0
-0.5 0 0.5 0 -0.5 0 0 0 0.5 0 0
0 0 0.5 -0.5 0 0 0.5 -0.5 0 0 0
0.5 0 0 0.5 0 -0.5 0 0 0 0 0.5
0 0 0 0 0.5 0.5 0 0 0.35355339059327373 0.35355339059327373 -0.5
0.5 0 0 0 0 -0.5 0 0.5 0.5 0 0
0 0 -0.5 0.5 0 0 0.5 -0.5 0 0 0
0 -0.5 0 -0.5 0.5 0 0 0 0 0.5 0
0 0 0.5 0.5 0.5 0.5 0 0 0 0 0
0 0 0 0 -0.5 0.5 0 0 0.35355339059327373 -0.35355339059327373 0.5
0 0.5 0.5 0 0 0 0.5 0 0 0.5 0
0 0.5 0.5 0 0 0 0 -0.5 -0.5 0 0
-0.5 0 0 0.5 0 0 0.5 0 0.5 0 0
0 0.5 0.5 0 0 0 0 -0.5 0.5 0 0
0 0.5 0 0.5 0 0 0 -0.5 0 0 -0.5
0 0 0 0 -0.5 -0.5 0 0 0.5 0.5 0
0.5 0.5 0 0 0 0 0 0 0.5 0 0.5
0 0 0 0 -0.5 0.5 0 0 -0.35355339059327373 0.35355339059327373 -0.5
-0.5 -0.5 0 0 0 0 0.5 -0.5 0 0 0
-0.5 0.5 0 0 0.5 -0.5 0 0 0 0 0
-0.5 0 0 -0.5 0 0 0 -0.5 0 0.5 0
0.5 0 0 0 -0.5 0 0.5 0 0 -0.5 0
0 0 0.5 0 0 0.5 0 0.5 0 0 0.5
0 0.5 0 -0.5 0 -0.5 0 0 -0.5 0 0
0 0 0 -0.5 0 0.5 0.5 0 0 -0.5 0
0 0.5 0 -0.5 0 0 0 -0.5 0 0 -0.5
0 0 0 0 0 0 -0.5 0.5 0.5 0.5 0
0 0 0 0 -0.5 -0.5 -0.5 0.5 0 0 0
0 0.5 0 0 0 0.5 -0.5 0 0 0 -0.5
0 0.5 0 0 0.5 0 -0.5 0 0.5 0 0
0 -0.5 0.5 0 0 0 0.5 0 0 -0.5 0
-0.5 0 0 0.5 0 0 0 -0.5 0 -0.5 0
0 -0.5 0.5 0 -0.5 0 0 0 0 0 -0.5
0 0.5 0 -0.5 -0.5 0 0 0 0 -0.5 0
0 0 0 -0.5 0.5 0 -0.5 0 0 0 0.5
0 0 -0.5 0.5 0 0 0 0 0.35355339059327373 -0.5 0.35355339059327373
-0.5 0 -0.5 0 0.5 0 0 0 0.5 0 0
0 0 0 -0.5 -0.5 0 0 -0.5 -0.5 0 0
0 0 0.5 0 0 0.5 0 0.5 0 0 -0.5
0 0 0 0 0.5 0.5 0 0 -0.5 0.5 0
0 0 0.5 0 0.5 0 0 -0.5 0 -0.5 0
0 0 0 0 0 0 0 0 0 1 0
0 0 0 0 -0.5 -0.5 0.5 0.5 0 0 0
0 0.5 0 0 0 0.5 0 0.5 0 0.5 0
0 0 -0.5 0 0 0.5 0 0.5 0 0 0.5
0 0 -0.5 -0.5 0 0 0.5 0.5 0 0 0
0 0 0 1 0 0 0 0 0 0 0
0 0.5 0 -0.5 0 0 0 -0.5 0 0 0.5
0.5 0 0.5 0 0 0 -0.5 0 0 0 0.5
-0.5 -0.5 0 0 0 0 0 0 0.35355339059327373 0.35355339059327373 -0.5
0 -0.5 0 0 0 0.5 -0.5 0 0 0 -0.5
0 0.5 -0.5 0 0 0 -0.5 0 0 -0.5 0
0 0 0 0.5 0 0.5 -0.5 0 0 0.5 0
0 0 0 0.5 0.5 0 0 -0.5 -0.5 0 0
0.5 0 0 -0.5 0 0.5 0 0 0 0 0.5
-0.5 0 0 0 -0.5 0 0.5 0 0 -0.5 0
0 0 0 0 0 0 0.5 -0.5 -0.5 -0.5 0
0 -0.5 0 0 -0.5 0 0.5 0 -0.5 0 0
0.5 0.5 0 0 -0.5 -0.5 0 0 0 0 0
0.5 0.5 0 0 0 0 -0.5 0.5 0 0 0
0 0 0 -0.5 0.5 0 0.5 0 0 0 -0.5
0.5 0 0.5 0 -0.5 0 0 0 0.5 0 0
0 0 0 0 0.5 -0.5 0.5 -0.5 0 0 0
0 0 0 0 -0.5 0.5 0 0 -0.5 -0.5 0
0.5 0 0 0 0.5 0 0.5 0 0 -0.5 0
-0.5 0 0.5 0 0 0 0.5 0 0 0 -0.5
0 0 0.5 0 0 -0.5 0 0.5 0 0 0.5
0.5 0.5 -0.5 -0.5 0 0 0 0 0 0 0
0 0 -0.5 0.5 0 0 0 0 -0.5 0 0.5
0 0 0 0 0.5 -0.5 0 0 0.35355339059327373 -0.5 -0.35355339059327373
0 -0.5 0.5 0 0 0 0.5 0 0 0.5 0
0 0 0 0 0.5 0.5 0.5 -0.5 0 0 0
0 0 0 -0.5 -0.5 0 -0.5 0 0 0 0.5
0 0 0 0 0 0 0.5 0.5 0.35355339059327373 -0.35355339059327373 0.5
0 0 0 0 -1 0 0 0 0 0 0
-0.5 0.5 0 0 0 0 0 0 0 -0.5 -0.5
-0.5 0 0 0.5 0 0.5 0 0 0 0 -0.5
0 0 0 0 0.5 -0.5 -0.5 0.5 0 0 0
0 0 0 0 0 0 -0.5 -0.5 -0.35355339059327373 0.5 0.35355339059327373
0 -0.5 0 0 0 0.5 -0.5 0 0 0 0.5
0 0 0.5 0 0 -0.5 -0.5 0 0.5 0 0
-0.5 0 0 0 0 0.5 0 0.5 0.5 0 0
0 -0.5 0 0 0 0.5 0 0.5 0 -0.5 0
0 0.5 0 0 -0.5 0 0.5 0 -0.5 0 0
0 0 0 0 0.5 0.5 -0.5 0.5 0 0 0
-0.5 0.5 0 0 0 0 0 0 -0.5 0.35355339059327373 -0.35355339059327373
0 0 0 -0.5 0.5 0 0 0.5 -0.5 0 0
0 -0.5 0 0.5 -0.5 0 0 0 0 -0.5 0
-0.5 0 -0.5 0 0 -0.5 0 0 0 -0.5 0
0 0 0.5 -0.5 0 0 0 0 0.35355339059327373 -0.5 -0.35355339059327373
0 0 -0.5 0 -0.5 0 0 0.5 0 0.5 0
0.5 -0.5 0 0 0 0 0 0 0.35355339059327373 0.35355339059327373 0.5
0 0 -0.5 0.5 0 0 0 0 0.5 0 -0.5
0 0.5 0.5 0 0 0 0 0.5 -0.5 0 0
0.5 -0.5 0 0 0 0 0 0 -0.5 0.5 0
-0.5 0 0 0.5 0 -0.5 0 0 0 0 -0.5
0 0.5 0 0 0 0.5 0 0.5 0 -0.5 0
0 0 0.5 0.5 0 0 0.5 -0.5 0 0 0
0 0.5 0 0 -0.5 0 0.5 0 0.5 0 0
0 0 0.5 -0.5 0 0 0 0 -0.35355339059327373 -0.5 0.35355339059327373
-0.5 -0.5 0 0 -0.5 0.5 0 0 0 0 0
0 -0.5 0 0 -0.5 0 -0.5 0 -0.5 0 0
0 0 0 0 0 0 0.5 -0.5 0.35355339059327373 -0.35355339059327373 0.5
0 0 0 0 0 0 0 -1 0 0 0
-0.5 0 0 0 -0.5 0 0 -0.5 0 0 0.5
0 0 0 0 -0.5 -0.5 0 0 -0.35355339059327373 0.35355339059327373 0.5
0 0.5 -0.5 0 0 0 0 -0.5 0.5 0 0
0 1 0 0 0 0 0 0 0 0 0
0 0 -0.5 -0.5 0 0 0 0 -0.35355339059327373 -0.5 0.35355339059327373
0 -0.5 -0.5 0 0 0 -0.5 0 0 -0.5 0
0 0 0 0 0.5 0.5 0 0 0.35355339059327373 0.35355339059327373 0.5
0 0 0.5 0 0 0.5 0 -0.5 0 0 0.5
-0.5 0 0 -0.5 0 0 0 0.5 0 0.5 0
0 -0.5 0.5 0 0 0 -0.5 0 0 0.5 0
0 0 0 0 0 1 0 0 0 0 0
0.5 0.5 0 0 0 0 0.5 -0.5 0 0 0
0.5 0.5 0 0 0.5 0.5 0 0 0 0 0
0 0 -0.5 0 0 -0.5 0 -0.5 0 0 0.5
0.5 -0.5 0 0 0 0 0.5 -0.5 0 0 0
0.5 0.5 0 0 0 0 0 0 0.35355339059327373 -0.5 -0.35355339059327373
0 -0.5 0 -0.5 0 -0.5 0 0 -0.5 0 0
0 0 0 0 0 0 0 0 0 -1 0
0 -0.5 0 -0.5 0 0 0 0.5 0 0 0.5
0 0 0.5 0.5 -0.5 0.5 0 0 0 0 0
0 0 0 0 0 0 0.5 0.5 0.35355339059327373 -0.35355339059327373 -0.5
0.5 0 0 0 0 -0.5 0 -0.5 0.5 0 0
0 0 0.5 0 -0.5 0 0 -0.5 0 0.5 0
0 0.5 0 0 0 -0.5 0 -0.5 0 -0.5 0
0 0.5 0 0.5 0 -0.5 0 0 0.5 0 0
0 0 0 -0.5 0.5 0 0 -0.5 -0.5 0 0
0 0 0 0 0 0 -0.5 -0.5 0.35355339059327373 0.5 -0.35355339059327373
-0.5 0.5 0 0 0 0 -0.5 0.5 0 0 0
0 0 0 0 0 0 0.5 0.5 0.5 0.5 0
0 0 0 0 0.5 -0.5 -0.5 -0.5 0 0 0
0 0 0.5 0 0 0.5 -0.5 0 0.5 0 0
0 0 0.5 0 0 -0.5 0 -0.5 0 0 -0.5
0 -0.5 0.5 0 -0.5 0 0 0 0 0 0.5
0 0 0 0 1 0 0 0 0 0 0
0 0.5 0 0 0 0.5 -0.5 0 0 0 0.5
0 0.5 0 0.5 0.5 0 0 0 0 0.5 0
0 0 0 0.5 -0.5 0 0 -0.5 -0.5 0 0
-0.5 0.5 0 0 0 0 0 0 0.5 -0.35355339059327373 0.35355339059327373
0 0 0 0 0 0 1 0 0 0 0
0 -0.5 0 0 0 -0.5 -0.5 0 0 0 0.5
0 0.5 0.5 0 -0.5 0 0 0 0 0 0.5
0 0.5 -0.5 0 -0.5 0 0 0 0 0 0.5
0 0 0 -0.5 0.5 0 0 -0.5 0.5 0 0
0.5 0 0 0 0 -0.5 0 0.5 -0.5 0 0
0 0 -0.5 -0.5 0 0 0 0 0.35355339059327373 -0.5 -0.35355339059327373
0 0 -0.5 0 0 -0.5 0 0.5 0 0 0.5
0 0 0.5 0 0 0.5 -0.5 0 -0.5 0 0
0.5 0 0 0 0.5 0 -0.5 0 0 0.5 0
-0.5 0.5 0 0 0 0 0.5 -0.5 0 0 0
0 0 0 0 -0.5 -0.5 0 0 -0.5 -0.5 0
0 0 0 0 0.5 -0.5 0 0 -0.35355339059327373 -0.5 0.35355339059327373
0 0.5 0 0 0 -0.5 0 -0.5 0 0.5 0
-0.5 0.5 0 0 0 0 -0.5 -0.5 0 0 0
0 0 0 0 0 0 0 0 -1 0 0
0 -0.5 0 0 0 0.5 0 0.5 0 0.5 0
0.5 -0.5 0 0 0 0 0 0 0.5 -0.5 0
0 0.5 0 0.5 0 0 0 -0.5 0 0 0.5
0 0 0 0 0.5 0.5 0 0 -0.35355339059327373 -0.35355339059327373 -0.5
0 0 -0.5 -0.5 0 0 0 0 0.35355339059327373 0.5 -0.35355339059327373
0.5 0 -0.5 0 0.5 0 0 0 -0.5 0 0
0 0 0 0.5 0.5 0 0 0.5 -0.5 0 0
0 -0.5 0 -0.5 0 0.5 0 0 -0.5 0 0
0 0 0 0.5 -0.5 0 0 -0.5 0.5 0 0
0 0 0 0.5 0 0.5 -0.5 0 0 -0.5 0
0 -0.5 0.5 0 0 0 0 0.5 -0.5 0 0
-0.5 0 0 0 -0.5 0 -0.5 0 0 0.5 0
0 0 0 0 -0.5 -0.5 -0.5 -0.5 0 0 0
-0.5 0 0.5 0 0 0 0.5 0 0 0 0.5
-0.5 0 0 -0.5 0 0 -0.5 0 -0.5 0 0
0.5 0 0 0 0 -0.5 0 -0.5 -0.5 0 0
0.5 0 0 0 0.5 0 0 0.5 0 0 -0.5
-0.5 0 0 0.5 0 0 0 -0.5 0 0.5 0
0 -0.5 0 0.5 0 0 0 0.5 0 0 0.5
0 -0.5 0 0 0 0.5 0.5 0 0 0 -0.5
0.5 0.5 0 0 0 0 -0.5 -0.5 0 0 0
0 0 0 0.5 -0.5 0 0.5 0 0 0 -0.5
0.5 0.5 0 0 0.5 -0.5 0 0 0 0 0
0 0 0 -0.5 -0.5 0 -0.5 0 0 0 -0.5
0 0 0 0 0 0 0 0 0 0 1
0 0 0 -0.5 0 0.5 -0.5 0 0 0.5 0
-0.5 0.5 0.5 -0.5 0 0 0 0 0 0 0
0.5 0.5 0 0 0 0 0 0 0.35355339059327373 0.5 -0.35355339059327373
0 0 0.5 0 0.5 0 0 0.5 0 -0.5 0
0 0 -0.5 -0.5 0.5 -0.5 0 0 0 0 0
0 -0.5 0 -0.5 -0.5 0 0 0 0 -0.5 0
-0.5 0 0 0 0.5 0 0 -0.5 0 0 -0.5
0 0 -0.5 0 0 0.5 -0.5 0 0.5 0 0
0 0.5 0 0 0 -0.5 0 0.5 0 0.5 0
0.5 -0.5 0 0 0.5 -0.5 0 0 0 0 0
0 0 0.5 -0.5 0 0 0.5 0.5 0 0 0
0 0.5 0 -0.5 0 0 0 0.5 0 0 0.5
0 0.5 -0.5 0 0.5 0 0 0 0 0 -0.5
0 -0.5 -0.5 0 0 0 -0.5 0 0 0.5 0
0 0.5 0.5 0 0 0 0 0.5 0.5 0 0
0 0 0 0 0 0 0 0 0 0 -1
0 0 0.5 0 0.5 0 0 -0.5 0 0.5 0
-0.5 0 0.5 0 0 -0.5 0 0 0 0.5 0
0 0 0 0 0.5 -0.5 0 0 -0.35355339059327373 0.5 0.35355339059327373
0 0.5 0.5 0 0.5 0 0 0 0 0 0.5
1 0 0 0 0 0 0 0 0 0 0
0 -0.5 0 0 0.5 0 -0.5 0 -0.5 0 0
0 0 -1 0 0 0 0 0 0 0 0
0 0.5 0 0.5 0 0.5 0 0 -0.5 0 0
0 -0.5 0 0 0.5 0 0.5 0 -0.5 0 0
0 0 0 0.5 0.5 0 0 -0.5 0.5 0 0
0.5 0 0 0 -0.5 0 -0.5 0 0 -0.5 0
0.5 0 -0.5 0 0.5 0 0 0 0.5 0 0
0 0 0 0.5 -0.5 0 0.5 0 0 0 0.5
0 -0.5 -0.5 0 0 0 0 0.5 0.5 0 0
0 -0.5 0 0 0 -0.5 0 0.5 0 -0.5 0
0 0 0 0 0.5 -0.5 0.5 0.5 0 0 0
0 0.5 -0.5 0 0 0 -0.5 0 0 0.5 0
0 0.5 0 0 0 -0.5 0.5 0 0 0 0.5
0 0.5 0 0 0 -0.5 0.5 0 0 0 -0.5
0 0 -0.5 -0.5 0 0 0 0 -0.35355339059327373 0.5 0.35355339059327373
0 0 0 -0.5 -0.5 0 0 0.5 -0.5 0 0
0 0 -0.5 0 0 0.5 -0.5 0 -0.5 0 0
0 0 0.5 -0.5 0 0 0 0 -0.5 0 -0.5
0 0.5 0 0 0.5 0 0.5 0 -0.5 0 0
0 0 1 0 0 0 0 0 0 0 0
-0.5 -0.5 0 0 0 0 -0.5 0.5 0 0 0
0 0 0 0 0.5 -0.5 0 0 0.5 0 0.5
-0.5 0 0 0 0.5 0 0 -0.5 0 0 0.5
0 -0.5 0 -0.5 0 0 0 0.5 0 0 -0.5
0 0 -0.5 0 0.5 0 0 0.5 0 0.5 0
0.5 0 0.5 0 0 0 0.5 0 0 0 -0.5
0 -0.5 0 -0.5 -0.5 0 0 0 0 0.5 0
0 -0.5 0 0.5 0 -0.5 0 0 0.5 0 0
0 0 0.5 0 -0.5 0 0 -0.5 0 -0.5 0
0.5 0 0.5 0 0 0 0.5 0 0 0 0.5
0 0.5 -0.5 0 0 0 0 0.5 0.5 0 0
0 0 0 0 0.5 0.5 0.5 0.5 0 0 0
0 0 0 -0.5 -0.5 0 0.5 0 0 0 0.5
-0.5 0 0 0.5 0 0 -0.5 0 0.5 0 0
-0.5 0 0 0 0 0.5 0 -0.5 0.5 0 0
0 0 0 -0.5 -0.5 0 0.5 0 0 0 -0.5
0 0 -0.5 0 0 -0.5 -0.5 0 0.5 0 0
0 -0.5 -0.5 0 0 0 0 -0.5 0.5 0 0
0 0.5 0 -0.5 -0.5 0 0 0 0 0.5 0
0 0 0.5 0 0 -0.5 -0.5 0 -0.5 0 0
-0.5 0 0.5 0 0 -0.5 0 0 0 -0.5 0
-0.5 0 0 0.5 0 0 0 0.5 0 0.5 0
0 0 0 0 -0.5 0.5 -0.5 0.5 0 0 0
0 0.5 0 0 0 0.5 0.5 0 0 0 -0.5
0 -0.5 -0.5 0 0 0 0 -0.5 -0.5 0 0
0 0 0.5 0.5 0 0 -0.5 0.5 0 0 0
-0.5 0 0 -0.5 0 0.5 0 0 0 0 0.5
0 -0.5 0.5 0 0 0 0 0.5 0.5 0 0
0 0 -0.5 0 0 0.5 0 -0.5 0 0 0.5
0.5 -0.5 0 0 0 0 0 0 -0.35355339059327373 -0.35355339059327373 0.5
0.5 0 -0.5 0 -0.5 0 0 0 -0.5 0 0
0 0.5 0 0 0 0.5 0.5 0 0 0 0.5
0 -0.5 0 0 0 0.5 0.5 0 0 0 0.5
0 -0.5 -0.5 0 -0.5 0 0 0 0 0 0.5
0 0 0 0 0 0 -1 0 0 0 0
0 0 0 0 0 0 0.5 -0.5 -0.35355339059327373 0.35355339059327373 -0.5
0 -0.5 0 0 0 -0.5 0 0.5 0 0.5 0
0.5 0 0 0 -0.5 0 0 -0.5 0 0 0.5
-1 0 0 0 0 0 0 0 0 0 0
0 0 -0.5 0.5 0.5 -0.5 0 0 0 0 0
0 0 -0.5 0.5 0 0 0 0 -0.35355339059327373 0.5 -0.35355339059327373
0 -1 0 0 0 0 0 0 0 0 0
0 0 -0.5 0.5 0 0 0 0 -0.35355339059327373 -0.5 -0.35355339059327373
0 0 0 0 0 0 0 1 0 0 0
-0.5 0 0 0.5 0 0 0 0.5 0 -0.5 0
0 -0.5 0 0 -0.5 0 -0.5 0 0.5 0 0
0 0 0 0.5 0 0.5 0.5 0 0 -0.5 0
0 0.5 0 -0.5 0 0 0 0.5 0 0 -0.5
0 0 0 0 0 0 0 0 1 0 0
-0.5 0 0 0.5 0 0 -0.5 0 -0.5 0 0
0 0 -0.5 -0.5 0 0 0 0 0.5 0 0.5
0 0.5 0 0 0 -0.5 0 0.5 0 -0.5 0
0 0 0 0.5 0 -0.5 -0.5 0 0 0.5 0
0 0 0 0 0 -1 0 0 0 0 0
-0.5 0 0 0 0 0.5 0 -0.5 -0.5 0 0
0 0.5 0 0.5 0 0.5 0 0 0.5 0 0
0 0 0 -1 0 0 0 0 0 0 0
0 0 0.5 -0.5 0 0 -0.5 0.5 0 0 0
0 0 0 0 0.5 0.5 -0.5 -0.5 0 0 0
0.5 0 -0.5 0 -0.5 0 0 0 0.5 0 0
0 -0.5 0 -0.5 0 0.5 0 0 0.5 0 0
0 0 0 0 -0.5 0.5 0.5 0.5 0 0 0
-0.5 0 -0.5 0 0.5 0 0 0 -0.5 0 0
0.5 0 0.5 0 0.5 0 0 0 0.5 0 0
0 0 0 -0.5 -0.5 0 0 -0.5 0.5 0 0
0.5 0 0.5 0 0.5 0 0 0 -0.5 0 0
0 0 -0.5 0 0 -0.5 -0.5 0 -0.5 0 0
-0.5 0 0 0 0 0.5 0 0.5 -0.5 0 0
0 0 -0.5 0 0.5 0 0 0.5 0 -0.5 0
0 0 0 0.5 0.5 0 0 0.5 0.5 0 0
-0.5 0 -0.5 0 0 0 0.5 0 0 0 -0.5
0 0.5 0 0 -0.5 0 -0.5 0 0.5 0 0
0 0.5 0 0 -0.5 0 -0.5 0 -0.5 0 0
0 0.5 0.5 0 0 0 -0.5 0 0 0.5 0
0.5 0 0.5 0 0 0.5 0 0 0 -0.5 0
0 -0.5 -0.5 0 0.5 0 0 0 0 0 -0.5
0 0 0.5 0.5 0.5 -0.5 0 0 0 0 0
0 0 0.5 0.5 -0.5 -0.5 0 0 0 0 0
0 0.5 0 0.5 0 -0.5 0 0 -0.5 0 0
0 0 0 -0.5 0.5 0 0.5 0 0 0 0.5
0 0.5 0 0 0 -0.5 -0.5 0 0 0 -0.5
0 -0.5 0 0 0 -0.5 -0.5 0 0 0 -0.5
-0.5 0 0 -0.5 0 -0.5 0 0 0 0 -0.5
0 0 0.5 0 0 -0.5 0 -0.5 0 0 0.5
0 0 0.5 -0.5 0.5 -0.5 0 0 0 0 0
0 0 0.5 -0.5 -0.5 -0.5 0 0 0 0 0
0.5 0 0 -0.5 0 0.5 0 0 0 0 -0.5
0 0 0.5 -0.5 -0.5 0.5 0 0 0 0 0
0.5 0.5 0.5 0.5 0 0 0 0 0 0 0
0 0 0 0 0 0 0.5 0.5 -0.5 -0.5 0
0 -0.5 0 0 0 0.5 0 -0.5 0 0.5 0
0 -0.5 0 0 0 0.5 0 -0.5 0 -0.5 0
0.5 -0.5 0 0 -0.5 0.5 0 0 0 0 0
0 0 0 0 -0.5 0.5 0.5 -0.5 0 0 0
0 0 0 0 -0.5 0.5 -0.5 -0.5 0 0 0
0 0.5 0.5 0 0 0 0.5 0 0 -0.5 0
-0.5 0 0 0 0.5 0 0.5 0 0 0.5 0
-0.5 0 0 0 -0.5 0 0.5 0 0 0.5 0
-0.5 0 -0.5 0 0 0.5 0 0 0 0.5 0
0 0 0 -0.5 0 0.5 0.5 0 0 0.5 0
-0.5 0 0.5 0 0 0.5 0 0 0 0.5 0
0 -0.5 0.5 0 0 0 0 -0.5 0.5 0 0
0 -0.5 0.5 0 0 0 0 -0.5 -0.5 0 0
-0.5 -0.5 0.5 -0.5 0 0 0 0 0 0 0
-0.5 0 0.5 0 0.5 0 0 0 -0.5 0 0
-0.5 0 0 0 0.5 0 -0.5 0 0 0.5 0
-0.5 0 0.5 0 0 0 -0.5 0 0 0 -0.5
0 0 0 0 0 0 0.5 -0.5 0.5 0.5 0
0.5 0.5 -0.5 0.5 0 0 0 0 0 0 0
0 0 0.5 -0.5 0.5 0.5 0 0 0 0 0
0 -0.5 0.5 0 0.5 0 0 0 0 0 0.5
0 -0.5 0.5 0 0.5 0 0 0 0 0 -0.5
0 0 0 0 -0.5 -0.5 0 0 -0.35355339059327373 0.35355339059327373 -0.5
0.5 0 0 -0.5 0 0 0.5 0 -0.5 0 0
0.5 0 0 0 0 0.5 0 0.5 -0.5 0 0
0.5 0 0 0 0 0.5 0 -0.5 -0.5 0 0
0 0 -0.5 0 0 0.5 0.5 0 -0.5 0 0
0 0 -0.5 0 0 -0.5 0 -0.5 0 0 -0.5
0 0.5 0 -0.5 0.5 0 0 0 0 0.5 0
0 0 0 -0.5 0.5 0 -0.5 0 0 0 -0.5
0 0.5 0 0 0.5 0 -0.5 0 -0.5 0 0
0 0 0 0 -0.5 -0.5 0 0 0.35355339059327373 -0.35355339059327373 -0.5
0 0.5 0.5 0 0 0 -0.5 0 0 -0.5 0
0 0.5 0 0.5 0.5 0 0 0 0 -0.5 0
0.5 0 0 0 0.5 0 0 0.5 0 0 0.5
0.5 0 0 0 -0.5 0 0 0.5 0 0 0.5
0.5 0.5 0 0 -0.5 0.5 0 0 0 0 0
0 0 0 0 0 0 -0.5 -0.5 0.5 0 0.5
0 0 0.5 0 0 -0.5 0 0.5 0 0 -0.5
0 0 -0.5 0 0 -0.5 0 0.5 0 0 -0.5
0 0 0.5 0 0 0.5 0 -0.5 0 0 -0.5
0 0.5 -0.5 0 0 0 0.5 0 0 0.5 0
0 0.5 -0.5 0 0 0 0.5 0 0 -0.5 0
0.5 0 0 0.5 0 0 0 -0.5 0 0.5 0
0.5 0 0 -0.5 0 0 0 -0.5 0 0.5 0
0.5 0 -0.5 0 0 0.5 0 0 0 0.5 0
0 -0.5 0 0.5 0 -0.5 0 0 -0.5 0 0
0 0 0 0.5 0 -0.5 0.5 0 0 -0.5 0
0.5 0 0 0.5 0 0 0 -0.5 0 -0.5 0
0 0 -0.5 0 -0.5 0 0 -0.5 0 -0.5 0
0 -0.5 0 0 0 -0.5 0.5 0 0 0 0.5
0 -0.5 0 0 0 -0.5 0.5 0 0 0 -0.5
0 0 0 -0.5 0 -0.5 0.5 0 0 -0.5 0
-0.5 0 0 0 0.5 0 0 0.5 0 0 0.5
-0.5 0 0 0 0.5 0 0 0.5 0 0 -0.5
-0.5 0.5 0 0 0 0 0.5 0.5 0 0 0
-0.5 0.5 0 0 0.5 0.5 0 0 0 0 0
0 0 -0.5 0.5 0.5 0.5 0 0 0 0 0
0 -0.5 0 0.5 0 0.5 0 0 0.5 0 0
-0.5 0 0.5 0 -0.5 0 0 0 -0.5 0 0
0 0 0.5 0 -0.5 0 0 0.5 0 -0.5 0
-0.5 0 0 0 0 -0.5 0 0.5 -0.5 0 0
-0.5 0 0 0 0 -0.5 0 -0.5 -0.5 0 0
-0.5 0 0 0.5 0 0 0.5 0 -0.5 0 0
0 0 -0.5 0 0 -0.5 0.5 0 -0.5 0 0
-0.5 0 0 -0.5 0 0 0.5 0 -0.5 0 0
-0.5 0 0 0.5 0 0.5 0 0 0 0 0.5
0 0.5 0 0.5 0 0 0 0.5 0 0 0.5
0 0 -0.5 -0.5 0 0 0.5 -0.5 0 0 0
0.5 0 0 0.5 0 0.5 0 0 0 0 0.5
0.5 0 0 0.5 0 0 -0.5 0 0.5 0 0
0.5 0 0 0.5 0 0 -0.5 0 -0.5 0 0
0 -0.5 0.5 0 0 0 -0.5 0 0 -0.5 0
0 -0.5 0 0 -0.5 0 0.5 0 0.5 0 0
0 -0.5 -0.5 0 0 0 0.5 0 0 -0.5 0
0 -0.5 0 0.5 0.5 0 0 0 0 -0.5 0
0 -0.5 -0.5 0 0 0 0.5 0 0 0.5 0
0 0 0 -0.5 0.5 0 0 0.5 0.5 0 0
0 0 0 -0.5 -0.5 0 0 0.5 0.5 0 0
0 -0.5 0 -0.5 0 -0.5 0 0 0.5 0 0
0 0.5 0 -0.5 0 -0.5 0 0 0.5 0 0
-0.5 0 -0.5 0 0 0.5 0 0 0 -0.5 0
-0.5 0 0 0 -0.5 0 -0.5 0 0 -0.5 0
0 0 0 -0.5 0 0.5 -0.5 0 0 -0.5 0
-0.5 0.5 0 0 0 0 0 0 -0.5 -0.35355339059327373 0.35355339059327373
0.5 0 0.5 0 0 0 -0.5 0 0 0 -0.5
0.5 0 0.5 0 -0.5 0 0 0 -0.5 0 0
0.5 0 0 0 -0.5 0 -0.5 0 0 0.5 0
0.5 0 0 -0.5 0 -0.5 0 0 0 0 -0.5
0.5 0 0 -0.5 0 0 -0.5 0 0.5 0 0
0 0 0 -0.5 0 -0.5 -0.5 0 0 0.5 0
0.5 0 0 -0.5 0 0 -0.5 0 -0.5 0 0
0.5 0 0 -0.5 0 -0.5 0 0 0 0 0.5
0 -0.5 -0.5 0 0.5 0 0 0 0 0 0.5
0 0 0 0.5 0.5 0 -0.5 0 0 0 0.5
0 0 -0.5 -0.5 0 0 -0.5 -0.5 0 0 0
0 -0.5 0 -0.5 0 0 0 -0.5 0 0 0.5
0 0 0.5 -0.5 0 0 -0.5 -0.5 0 0 0
0 0 -0.5 -0.5 0.5 0.5 0 0 0 0 0
0 0 -0.5 -0.5 -0.5 0.5 0 0 0 0 0
0.5 0 0 0 0.5 0 0 -0.5 0 0 0.5
0.5 0 0 0 0.5 0 0 -0.5 0 0 -0.5
0.5 -0.5 0 0 0.5 0.5 0 0 0 0 0
-0.5 0 0.5 0 0 0 -0.5 0 0 0 0.5
-0.5 0 -0.5 0 0 0 -0.5 0 0 0 0.5
-0.5 0 0 0.5 0 -0.5 0 0 0 0 0.5
-0.5 0 0 -0.5 0 -0.5 0 0 0 0 0.5
0 0.5 0 0 0 -0.5 -0.5 0 0 0 0.5
0.5 -0.5 0 0 0 0 0.5 0.5 0 0 0
0 0 -0.5 0.5 0 0 0.5 0.5 0 0 0
0.5 0 -0.5 0 0 0 0.5 0 0 0 -0.5
0.5 0 -0.5 0 0 0 0.5 0 0 0 0.5
0.5 0.5 0 0 0 0 0.5 0.5 0 0 0
0 -0.5 -0.5 0 -0.5 0 0 0 0 0 -0.5
0.5 0 0 0 -0.5 0 0.5 0 0 0.5 0
0 0 0 0.5 0 -0.5 0.5 0 0 0.5 0
0.5 0 0 0 0 0.5 0 -0.5 0.5 0 0
0 0 0.5 0 0 0.5 0.5 0 0.5 0 0
0.5 0 0 -0.5 0 0 0.5 0 0.5 0 0
0.5 0 0 0 0 0.5 0 0.5 0.5 0 0
0.5 0 0 -0.5 0 0 0 0.5 0 0.5 0
0 0 0.5 0 0.5 0 0 0.5 0 0.5 0
0.5 0 0.5 0 0 0.5 0 0 0 0.5 0
0 0 0.5 0 -0.5 0 0 0.5 0 0.5 0
0 0.5 0 -0.5 0 0.5 0 0 0.5 0 0
0 0.5 0 -0.5 0 0.5 0 0 -0.5 0 0
0 0.5 0 0 0 0.5 0 -0.5 0 0.5 0
0 0.5 0 0 0 0.5 0 -0.5 0 -0.5 0
-0.5 -0.5 0.5 0.5 0 0 0 0 0 0 0
-0.5 -0.5 0 0 0.5 0.5 0 0 0 0 0
0 -0.5 0 0.5 0.5 0 0 0 0 0.5 0
0 -0.5 0 0 0 -0.5 0 -0.5 0 -0.5 0
0 0 0 0 -0.5 -0.5 0.5 -0.5 0 0 0
0 -0.5 0 0 0 -0.5 0 -0.5 0 0.5 0
0.5 0 0 0 0.5 0 -0.5 0 0 -0.5 0
0.5 0 0 -0.5 0 0 0 0.5 0 -0.5 0
0 0 0 0.5 -0.5 0 -0.5 0 0 0 0.5
0 0 -0.5 0.5 -0.5 0.5 0 0 0 0 0
-0.5 0.5 -0.5 -0.5 0 0 0 0 0 0 0
0 0 0 0.5 -0.5 0 -0.5 0 0 0 -0.5
0.5 0 0 0.5 0 -0.5 0 0 0 0 -0.5
0.5 0 0 0 -0.5 0 0 0.5 0 0 -0.5
0 0 0.5 0 0 -0.5 0.5 0 0.5 0 0
0 0 -0.5 0 0 -0.5 0.5 0 0.5 0 0
-0.5 0 0 0 0 -0.5 0 0.5 0.5 0 0
-0.5 0 0 -0.5 0 0 0.5 0 0.5 0 0
-0.5 0 0 0 0 -0.5 0 -0.5 0.5 0 0
-0.5 0.5 0 0 -0.5 0.5 0 0 0 0 0
-0.5 0.5 0 0 -0.5 -0.5 0 0 0 0 0
-0.5 0.5 0.5 0.5 0 0 0 0 0 0 0
-0.5 0.5 -0.5 0.5 0 0 0 0 0 0 0
0 0.5 0 0.5 -0.5 0 0 0 0 0.5 0
0.5 -0.5 0 0 0 0 -0.5 0.5 0 0 0
0 0 -0.5 0.5 0 0 -0.5 0.5 0 0 0
0 0 -0.5 -0.5 0 0 -0.5 0.5 0 0 0
0.5 0 -0.5 0 0 0 -0.5 0 0 0 -0.5
0.5 0 -0.5 0 0 0 -0.5 0 0 0 0.5
-0.5 0 0 -0.5 0 0 0 0.5 0 -0.5 0
-0.5 0 0 -0.5 0 0 0 -0.5 0 -0.5 0
0 0.5 0 -0.5 0.5 0 0 0 0 -0.5 0
0 0 0.5 0.5 0 0 0 0 0.5 0.35355339059327379 0.35355339059327379
0 -0.5 0 -0.5 0.5 0 0 0 0 -0.5 0
0 0 0 0 0.5 -0.5 0 0 -0.5 0 -0.5
0 0 -0.5 0 0.5 0 0 -0.5 0 -0.5 0
0 0.5 -0.5 0 0.5 0 0 0 0 0 0.5
0 0.5 -0.5 0 0 0 0 -0.5 -0.5 0 0
0 0 -0.5 0 0.5 0 0 -0.5 0 0.5 0
-0.5 -0.5 0 0 0 0 -0.5 -0.5 0 0 0
0 0 0.5 0.5 0 0 -0.5 -0.5 0 0 0
0.5 -0.5 0 0 0 0 -0.5 -0.5 0 0 0
0 -0.5 0 0.5 0 0 0 -0.5 0 0 0.5
0.5 -0.5 -0.5 0.5 0 0 0 0 0 0 0
0.5 -0.5 -0.5 -0.5 0 0 0 0 0 0 0
0.5 0 -0.5 0 0 -0.5 0 0 0 0.5 0
0 -0.5 0 0.5 -0.5 0 0 0 0 0.5 0
0 0 0.5 -0.5 0 0 0 0 0.5 0 0.5
0 0 0 0.5 -0.5 0 0 0.5 0.5 0 0
0 0 0 0.5 -0.5 0 0 0.5 -0.5 0 0
0.5 0 0.5 0 0 -0.5 0 0 0 -0.5 0
0.5 -0.5 0.5 0.5 0 0 0 0 0 0 0
0.5 -0.5 0.5 -0.5 0 0 0 0 0 0 0
0.5 -0.5 0 0 -0.5 -0.5 0 0 0 0 0
0.5 0 0.5 0 0 -0.5 0 0 0 0.5 0
0.5 0 0 0 -0.5 0 0 -0.5 0 0 -0.5
-0.5 0 0 0 -0.5 0 0 -0.5 0 0 -0.5
0.5 0 0 0.5 0 0 0.5 0 0.5 0 0
0.5 0 0 0.5 0 0 0.5 0 -0.5 0 0
0.5 0 0 0 0.5 0 0.5 0 0 0.5 0
0 0 0 0.5 0.5 0 0.5 0 0 0 -0.5
0 0 0 0.5 0.5 0 0.5 0 0 0 0.5
-0.5 -0.5 -0.5 -0.5 0 0 0 0 0 0 0
-0.5 -0.5 0 0 0.5 -0.5 0 0 0 0 0
-0.5 -0.5 0 0 -0.5 -0.5 0 0 0 0 0
-0.5 0 -0.5 0 0 -0.5 0 0 0 0.5 0
-0.5 -0.5 -0.5 0.5 0 0 0 0 0 0 0
0 -0.5 0 0.5 0 0 0 -0.5 0 0 -0.5
0 0.5 -0.5 0 -0.5 0 0 0 0 0 -0.5
0 0 -0.5 0 0 0.5 0 -0.5 0 0 -0.5
0 0.5 0 0.5 0 0 0 0.5 0 0 -0.5
0 -0.5 0 0.5 0 0 0 0.5 0 0 -0.5
0 0 -0.5 0 0 0.5 0 0.5 0 0 -0.5
0.5 0 0 0.5 0 0.5 0 0 0 0 -0.5
-0.5 0 -0.5 0 -0.5 0 0 0 0.5 0 0
-0.5 0 -0.5 0 -0.5 0 0 0 -0.5 0 0
0 0 0 0.5 0 -0.5 -0.5 0 0 -0.5 0
-0.5 0 0 0 -0.5 0 0 0.5 0 0 -0.5
-0.5 0 0 0 -0.5 0 0 0.5 0 0 0.5
0 0.5 0.5 0 0.5 0 0 0 0 0 -0.5
0 0.5 0.5 0 -0.5 0 0 0 0 0 -0.5
0 0 0 0 0 0 0.5 0.5 -0.35355339059327373 0.35355339059327373 0.5
0 0 0.5 0.5 0 0 0 0 0 0.5 -0.5
0 0 0.5 0.5 0 0 0 0 -0.5 -0.35355339059327379 -0.35355339059327379
-0.5 0 0 0 0.5 0 0.5 0 0 -0.5 0
0 0 0.5 0.5 0 0 0 0 -0.5 0.35355339059327379 0.35355339059327379
0 0 0.5 0.5 0 0 0 0 0.5 -0.35355339059327379 -0.35355339059327379
0 0 0 0 0 0 0.5 -0.5 0.35355339059327373 -0.35355339059327373 -0.5
0 0 -0.5 0 -0.5 0 0 0.5 0 -0.5 0
0 0 0 0 0 0 -0.5 0.5 -0.35355339059327373 0.35355339059327373 0.5
0 0 0 0 0.5 0.5 0 0 -0.35355339059327373 -0.35355339059327373 0.5
0.5 0.5 0 0 0 0 0 0 -0.5 0 -0.5
-0.5 0.5 0 0 0 0 0 0 0 0.5 0.5
0 0 0.5 -0.5 0 0 0 0 0.35355339059327373 0.5 -0.35355339059327373
0 0 0 0 0 0 -0.5 -0.5 -0.5 0 -0.5
0.5 -0.5 0 0 0 0 0 0 -0.35355339059327373 -0.35355339059327373 -0.5
0 0 -0.5 -0.5 0 0 0 0 -0.5 0 -0.5
0 0 0.5 -0.5 0 0 0 0 -0.35355339059327373 0.5 0.35355339059327373
0 0 0 0 0 0 -0.5 0.5 -0.5 -0.5 0
0 0 0 0 0 0 -0.5 0.5 -0.35355339059327373 0.35355339059327373 -0.5
0.5 0.5 0 0 0 0 0 0 -0.35355339059327373 0.5 0.35355339059327373
0 0 0.5 0.5 0 0 0 0 0 -0.5 0.5
-0.5 -0.5 0 0 0 0 0 0 0.5 -0.5 0
-0.5 -0.5 0 0 0 0 0 0 0.35355339059327373 0.35355339059327373 0.5
0 0 0 0 0 0 -0.5 0.5 0.35355339059327373 -0.35355339059327373 -0.5
0.5 0.5 0 0 0 0 0 0 -0.35355339059327373 -0.5 0.35355339059327373
0 0 0 0 -0.5 0.5 0 0 0.35355339059327373 -0.35355339059327373 -0.5
0 0 0 0 -0.5 0.5 0 0 -0.35355339059327373 0.35355339059327373 0.5
0 0 0 0 -0.5 0.5 0 0 0.5 0.5 0
-0.5 -0.5 0 0 0 0 0 0 -0.5 0.5 0
-0.5 -0.5 0 0 0 0 0 0 -0.35355339059327373 -0.35355339059327373 -0.5
-0.5 -0.5 0 0 0 0 0 0 -0.35355339059327373 -0.35355339059327373 0.5
