3920
4034
4031
4012
4009
3919
3916
3897
3894
4028
4027
4016
4015
3913
3912
3901
3900
4024
4023
4020
4019
3909
3908
3905
3904
4002
4001
4000
3999
3930
3929
3928
3927
3989
3988
3981
3980
3949
3948
3941
3940
3976
3975
3974
3973
3956
3955
3954
3953
4004
4003
3998
3997
3932
3931
3926
3925
3992
3991
3978
3977
3952
3951
3938
3937
3970
3969
3968
3967
3962
3961
3960
3959
4007
4006
3995
3994
3935
3934
3923
3922
3986
3985
3984
3983
3946
3945
3944
3943
3972
3971
3966
3965
3964
3963
3958
3957
3881
3868
3880
3869
4022
4021
3552
3539
3551
3540
3907
3906