3952
4034
4033
4012
4011
3917
3916
3895
3894
3990
3987
3980
3977
3951
3948
3941
3938
3986
3985
3982
3981
3947
3946
3943
3942
4026
4025
4020
4019
3909
3908
3903
3902
4004
4003
3998
3997
3931
3930
3925
3924
3974
3973
3972
3971
3958
3957
3956
3955
4024
4023
4022
4021
3907
3906
3905
3904
4007
4006
3995
3994
3934
3933
3922
3921
3968
3967
3966
3965
3964
3963
3962
3961
4029
4028
4017
4016
3912
3911
3900
3899
4002
4001
4000
3999
3929
3928
3927
3926
3976
3975
3970
3969
3960
3959
3954
3953
3817
3804
3816
3805
3984
3983
3616
3603
3615
3604
3945
3944