3958
4034
4033
4012
4011
3917
3916
3895
3894
3990
3989
3984
3983
3945
3944
3939
3938
3970
3969
3966
3965
3964
3963
3960
3959
4031
4030
4015
4014
3914
3913
3898
3897
4002
4001
4000
3999
3929
3928
3927
3926
3978
3977
3976
3975
3953
3952
3951
3950
4026
4025
4020
4019
3909
3908
3903
3902
4005
4004
3997
3996
3932
3931
3924
3923
3988
3987
3986
3985
3943
3942
3941
3940
4024
4023
4022
4021
3907
3906
3905
3904
4009
4008
3993
3992
3936
3935
3920
3919
3980
3979
3974
3973
3955
3954
3949
3948
3769
3756
3768
3757
3968
3967
3665
3652
3664
3653
3962
3961