3964
4034
4033
4012
4011
3917
3916
3895
3894
3990
3989
3976
3975
3953
3952
3939
3938
3970
3969
3966
3965
3963
3962
3959
3958
4024
4023
4022
4021
3907
3906
3905
3904
4009
4008
3993
3992
3936
3935
3920
3919
3986
3985
3980
3979
3949
3948
3943
3942
4031
4030
4015
4014
3914
3913
3898
3897
4002
4001
4000
3999
3929
3928
3927
3926
3974
3973
3972
3971
3957
3956
3955
3954
4027
4026
4019
4018
3910
3909
3902
3901
4004
4003
3998
3997
3931
3930
3925
3924
3984
3983
3982
3981
3947
3946
3945
3944
3769
3756
3768
3757
3968
3967
3664
3651
3663
3652
3961
3960