3962
4034
4033
4012
4011
3917
3916
3895
3894
3990
3989
3984
3983
3945
3944
3939
3938
3970
3969
3968
3967
3961
3960
3959
3958
4027
4026
4019
4018
3910
3909
3902
3901
4005
4004
3997
3996
3932
3931
3924
3923
3988
3987
3986
3985
3943
3942
3941
3940
4024
4023
4022
4021
3907
3906
3905
3904
4009
4008
3993
3992
3936
3935
3920
3919
3979
3978
3975
3974
3954
3953
3950
3949
4031
4030
4015
4014
3914
3913
3898
3897
4002
4001
4000
3999
3929
3928
3927
3926
3982
3981
3972
3971
3957
3956
3947
3946
3737
3724
3736
3725
3966
3965
3697
3684
3696
3685
3964
3963