1 0 0 0 0 0 0 0 0 0 0
-1 0 0 0 0 0 0 0 0 0 0
0 1 0 0 0 0 0 0 0 0 0
0 -1 0 0 0 0 0 0 0 0 0
0 0 1 0 0 0 0 0 0 0 0
0 0 -1 0 0 0 0 0 0 0 0
0 0 0 1 0 0 0 0 0 0 0
0 0 0 -1 0 0 0 0 0 0 0
0 0 0 0 1 0 0 0 0 0 0
0 0 0 0 -1 0 0 0 0 0 0
0 0 0 0 0 1 0 0 0 0 0
0 0 0 0 0 -1 0 0 0 0 0
0 0 0 0 0 0 1 0 0 0 0
0 0 0 0 0 0 -1 0 0 0 0
0 0 0 0 0 0 0 1 0 0 0
0 0 0 0 0 0 0 -1 0 0 0
0.5 0.5 0.5 0.5 0 0 0 0 0 0 0
0.5 0.5 0.5 -0.5 0 0 0 0 0 0 0
0.5 0.5 -0.5 0.5 0 0 0 0 0 0 0
0.5 0.5 -0.5 -0.5 0 0 0 0 0 0 0
0.5 -0.5 0.5 0.5 0 0 0 0 0 0 0
0.5 -0.5 0.5 -0.5 0 0 0 0 0 0 0
0.5 -0.5 -0.5 0.5 0 0 0 0 0 0 0
0.5 -0.5 -0.5 -0.5 0 0 0 0 0 0 0
-0.5 0.5 0.5 0.5 0 0 0 0 0 0 0
-0.5 0.5 0.5 -0.5 0 0 0 0 0 0 0
-0.5 0.5 -0.5 0.5 0 0 0 0 0 0 0
-0.5 0.5 -0.5 -0.5 0 0 0 0 0 0 0
-0.5 -0.5 0.5 0.5 0 0 0 0 0 0 0
-0.5 -0.5 0.5 -0.5 0 0 0 0 0 0 0
-0.5 -0.5 -0.5 0.5 0 0 0 0 0 0 0
-0.5 -0.5 -0.5 -0.5 0 0 0 0 0 0 0
0.5 0.5 0 0 0.5 0.5 0 0 0 0 0
0.5 0.5 0 0 0.5 -0.5 0 0 0 0 0
0.5 0.5 0 0 -0.5 0.5 0 0 0 0 0
0.5 0.5 0 0 -0.5 -0.5 0 0 0 0 0
0.5 -0.5 0 0 0.5 0.5 0 0 0 0 0
0.5 -0.5 0 0 0.5 -0.5 0 0 0 0 0
0.5 -0.5 0 0 -0.5 0.5 0 0 0 0 0
0.5 -0.5 0 0 -0.5 -0.5 0 0 0 0 0
-0.5 0.5 0 0 0.5 0.5 0 0 0 0 0
-0.5 0.5 0 0 0.5 -0.5 0 0 0 0 0
-0.5 0.5 0 0 -0.5 0.5 0 0 0 0 0
-0.5 0.5 0 0 -0.5 -0.5 0 0 0 0 0
-0.5 -0.5 0 0 0.5 0.5 0 0 0 0 0
-0.5 -0.5 0 0 0.5 -0.5 0 0 0 0 0
-0.5 -0.5 0 0 -0.5 0.5 0 0 0 0 0
-0.5 -0.5 0 0 -0.5 -0.5 0 0 0 0 0
0.5 0.5 0 0 0 0 0.5 0.5 0 0 0
0.5 0.5 0 0 0 0 0.5 -0.5 0 0 0
0.5 0.5 0 0 0 0 -0.5 0.5 0 0 0
0.5 0.5 0 0 0 0 -0.5 -0.5 0 0 0
0.5 -0.5 0 0 0 0 0.5 0.5 0 0 0
0.5 -0.5 0 0 0 0 0.5 -0.5 0 0 0
0.5 -0.5 0 0 0 0 -0.5 0.5 0 0 0
0.5 -0.5 0 0 0 0 -0.5 -0.5 0 0 0
-0.5 0.5 0 0 0 0 0.5 0.5 0 0 0
-0.5 0.5 0 0 0 0 0.5 -0.5 0 0 0
-0.5 0.5 0 0 0 0 -0.5 0.5 0 0 0
-0.5 0.5 0 0 0 0 -0.5 -0.5 0 0 0
-0.5 -0.5 0 0 0 0 0.5 0.5 0 0 0
-0.5 -0.5 0 0 0 0 0.5 -0.5 0 0 0
-0.5 -0.5 0 0 0 0 -0.5 0.5 0 0 0
-0.5 -0.5 0 0 0 0 -0.5 -0.5 0 0 0
0 0 0.5 0.5 0.5 0.5 0 0 0 0 0
0 0 0.5 0.5 0.5 -0.5 0 0 0 0 0
0 0 0.5 0.5 -0.5 0.5 0 0 0 0 0
0 0 0.5 0.5 -0.5 -0.5 0 0 0 0 0
0 0 0.5 -0.5 0.5 0.5 0 0 0 0 0
0 0 0.5 -0.5 0.5 -0.5 0 0 0 0 0
0 0 0.5 -0.5 -0.5 0.5 0 0 0 0 0
0 0 0.5 -0.5 -0.5 -0.5 0 0 0 0 0
0 0 -0.5 0.5 0.5 0.5 0 0 0 0 0
0 0 -0.5 0.5 0.5 -0.5 0 0 0 0 0
0 0 -0.5 0.5 -0.5 0.5 0 0 0 0 0
0 0 -0.5 0.5 -0.5 -0.5 0 0 0 0 0
0 0 -0.5 -0.5 0.5 0.5 0 0 0 0 0
0 0 -0.5 -0.5 0.5 -0.5 0 0 0 0 0
0 0 -0.5 -0.5 -0.5 0.5 0 0 0 0 0
0 0 -0.5 -0.5 -0.5 -0.5 0 0 0 0 0
0 0 0.5 0.5 0 0 0.5 0.5 0 0 0
0 0 0.5 0.5 0 0 0.5 -0.5 0 0 0
0 0 0.5 0.5 0 0 -0.5 0.5 0 0 0
0 0 0.5 0.5 0 0 -0.5 -0.5 0 0 0
0 0 0.5 -0.5 0 0 0.5 0.5 0 0 0
0 0 0.5 -0.5 0 0 0.5 -0.5 0 0 0
0 0 0.5 -0.5 0 0 -0.5 0.5 0 0 0
0 0 0.5 -0.5 0 0 -0.5 -0.5 0 0 0
0 0 -0.5 0.5 0 0 0.5 0.5 0 0 0
0 0 -0.5 0.5 0 0 0.5 -0.5 0 0 0
0 0 -0.5 0.5 0 0 -0.5 0.5 0 0 0
0 0 -0.5 0.5 0 0 -0.5 -0.5 0 0 0
0 0 -0.5 -0.5 0 0 0.5 0.5 0 0 0
0 0 -0.5 -0.5 0 0 0.5 -0.5 0 0 0
0 0 -0.5 -0.5 0 0 -0.5 0.5 0 0 0
0 0 -0.5 -0.5 0 0 -0.5 -0.5 0 0 0
0 0 0 0 0.5 0.5 0.5 0.5 0 0 0
0 0 0 0 0.5 0.5 0.5 -0.5 0 0 0
0 0 0 0 0.5 0.5 -0.5 0.5 0 0 0
0 0 0 0 0.5 0.5 -0.5 -0.5 0 0 0
0 0 0 0 0.5 -0.5 0.5 0.5 0 0 0
0 0 0 0 0.5 -0.5 0.5 -0.5 0 0 0
0 0 0 0 0.5 -0.5 -0.5 0.5 0 0 0
0 0 0 0 0.5 -0.5 -0.5 -0.5 0 0 0
0 0 0 0 -0.5 0.5 0.5 0.5 0 0 0
0 0 0 0 -0.5 0.5 0.5 -0.5 0 0 0
0 0 0 0 -0.5 0.5 -0.5 0.5 0 0 0
0 0 0 0 -0.5 0.5 -0.5 -0.5 0 0 0
0 0 0 0 -0.5 -0.5 0.5 0.5 0 0 0
0 0 0 0 -0.5 -0.5 0.5 -0.5 0 0 0
0 0 0 0 -0.5 -0.5 -0.5 0.5 0 0 0
0 0 0 0 -0.5 -0.5 -0.5 -0.5 0 0 0
0.5 0 0.5 0 0.5 0 0 0 0.5 0 0
0.5 0 0.5 0 -0.5 0 0 0 0.5 0 0
0.5 0 -0.5 0 0.5 0 0 0 0.5 0 0
0.5 0 -0.5 0 -0.5 0 0 0 0.5 0 0
-0.5 0 0.5 0 0.5 0 0 0 0.5 0 0
-0.5 0 0.5 0 -0.5 0 0 0 0.5 0 0
-0.5 0 -0.5 0 0.5 0 0 0 0.5 0 0
-0.5 0 -0.5 0 -0.5 0 0 0 0.5 0 0
0.5 0 0 0.5 0 0 0.5 0 0.5 0 0
0.5 0 0 0.5 0 0 -0.5 0 0.5 0 0
0.5 0 0 -0.5 0 0 0.5 0 0.5 0 0
0.5 0 0 -0.5 0 0 -0.5 0 0.5 0 0
-0.5 0 0 0.5 0 0 0.5 0 0.5 0 0
-0.5 0 0 0.5 0 0 -0.5 0 0.5 0 0
-0.5 0 0 -0.5 0 0 0.5 0 0.5 0 0
-0.5 0 0 -0.5 0 0 -0.5 0 0.5 0 0
0.5 0 0 0 0 0.5 0 0.5 0.5 0 0
0.5 0 0 0 0 0.5 0 -0.5 0.5 0 0
0.5 0 0 0 0 -0.5 0 0.5 0.5 0 0
0.5 0 0 0 0 -0.5 0 -0.5 0.5 0 0
-0.5 0 0 0 0 0.5 0 0.5 0.5 0 0
-0.5 0 0 0 0 0.5 0 -0.5 0.5 0 0
-0.5 0 0 0 0 -0.5 0 0.5 0.5 0 0
-0.5 0 0 0 0 -0.5 0 -0.5 0.5 0 0
0 0.5 0.5 0 0 0 0 0.5 0.5 0 0
0 0.5 0.5 0 0 0 0 -0.5 0.5 0 0
0 0.5 -0.5 0 0 0 0 0.5 0.5 0 0
0 0.5 -0.5 0 0 0 0 -0.5 0.5 0 0
0 -0.5 0.5 0 0 0 0 0.5 0.5 0 0
0 -0.5 0.5 0 0 0 0 -0.5 0.5 0 0
0 -0.5 -0.5 0 0 0 0 0.5 0.5 0 0
0 -0.5 -0.5 0 0 0 0 -0.5 0.5 0 0
0 0.5 0 0.5 0 0.5 0 0 0.5 0 0
0 0.5 0 0.5 0 -0.5 0 0 0.5 0 0
0 0.5 0 -0.5 0 0.5 0 0 0.5 0 0
0 0.5 0 -0.5 0 -0.5 0 0 0.5 0 0
0 -0.5 0 0.5 0 0.5 0 0 0.5 0 0
0 -0.5 0 0.5 0 -0.5 0 0 0.5 0 0
0 -0.5 0 -0.5 0 0.5 0 0 0.5 0 0
0 -0.5 0 -0.5 0 -0.5 0 0 0.5 0 0
0 0.5 0 0 0.5 0 0.5 0 0.5 0 0
0 0.5 0 0 0.5 0 -0.5 0 0.5 0 0
0 0.5 0 0 -0.5 0 0.5 0 0.5 0 0
0 0.5 0 0 -0.5 0 -0.5 0 0.5 0 0
0 -0.5 0 0 0.5 0 0.5 0 0.5 0 0
0 -0.5 0 0 0.5 0 -0.5 0 0.5 0 0
0 -0.5 0 0 -0.5 0 0.5 0 0.5 0 0
0 -0.5 0 0 -0.5 0 -0.5 0 0.5 0 0
0 0 0.5 0 0 0.5 0.5 0 0.5 0 0
0 0 0.5 0 0 0.5 -0.5 0 0.5 0 0
0 0 0.5 0 0 -0.5 0.5 0 0.5 0 0
0 0 0.5 0 0 -0.5 -0.5 0 0.5 0 0
0 0 -0.5 0 0 0.5 0.5 0 0.5 0 0
0 0 -0.5 0 0 0.5 -0.5 0 0.5 0 0
0 0 -0.5 0 0 -0.5 0.5 0 0.5 0 0
0 0 -0.5 0 0 -0.5 -0.5 0 0.5 0 0
0 0 0 0.5 0.5 0 0 0.5 0.5 0 0
0 0 0 0.5 0.5 0 0 -0.5 0.5 0 0
0 0 0 0.5 -0.5 0 0 0.5 0.5 0 0
0 0 0 0.5 -0.5 0 0 -0.5 0.5 0 0
0 0 0 -0.5 0.5 0 0 0.5 0.5 0 0
0 0 0 -0.5 0.5 0 0 -0.5 0.5 0 0
0 0 0 -0.5 -0.5 0 0 0.5 0.5 0 0
0 0 0 -0.5 -0.5 0 0 -0.5 0.5 0 0
0.5 0 0.5 0 0 0.5 0 0 0 0.5 0
0.5 0 0.5 0 0 0.5 0 0 0 -0.5 0
0.5 0 0.5 0 0 -0.5 0 0 0 0.5 0
0.5 0 0.5 0 0 -0.5 0 0 0 -0.5 0
0.5 0 -0.5 0 0 0.5 0 0 0 0.5 0
0.5 0 -0.5 0 0 0.5 0 0 0 -0.5 0
0.5 0 -0.5 0 0 -0.5 0 0 0 0.5 0
0.5 0 -0.5 0 0 -0.5 0 0 0 -0.5 0
-0.5 0 0.5 0 0 0.5 0 0 0 0.5 0
-0.5 0 0.5 0 0 0.5 0 0 0 -0.5 0
-0.5 0 0.5 0 0 -0.5 0 0 0 0.5 0
-0.5 0 0.5 0 0 -0.5 0 0 0 -0.5 0
-0.5 0 -0.5 0 0 0.5 0 0 0 0.5 0
-0.5 0 -0.5 0 0 0.5 0 0 0 -0.5 0
-0.5 0 -0.5 0 0 -0.5 0 0 0 0.5 0
-0.5 0 -0.5 0 0 -0.5 0 0 0 -0.5 0
0.5 0 0 0.5 0 0 0 0.5 0 0.5 0
0.5 0 0 0.5 0 0 0 0.5 0 -0.5 0
0.5 0 0 0.5 0 0 0 -0.5 0 0.5 0
0.5 0 0 0.5 0 0 0 -0.5 0 -0.5 0
0.5 0 0 -0.5 0 0 0 0.5 0 0.5 0
0.5 0 0 -0.5 0 0 0 0.5 0 -0.5 0
0.5 0 0 -0.5 0 0 0 -0.5 0 0.5 0
0.5 0 0 -0.5 0 0 0 -0.5 0 -0.5 0
-0.5 0 0 0.5 0 0 0 0.5 0 0.5 0
-0.5 0 0 0.5 0 0 0 0.5 0 -0.5 0
-0.5 0 0 0.5 0 0 0 -0.5 0 0.5 0
-0.5 0 0 0.5 0 0 0 -0.5 0 -0.5 0
-0.5 0 0 -0.5 0 0 0 0.5 0 0.5 0
-0.5 0 0 -0.5 0 0 0 0.5 0 -0.5 0
-0.5 0 0 -0.5 0 0 0 -0.5 0 0.5 0
-0.5 0 0 -0.5 0 0 0 -0.5 0 -0.5 0
0.5 0 0 0 0.5 0 0.5 0 0 0.5 0
0.5 0 0 0 0.5 0 0.5 0 0 -0.5 0
0.5 0 0 0 0.5 0 -0.5 0 0 0.5 0
0.5 0 0 0 0.5 0 -0.5 0 0 -0.5 0
0.5 0 0 0 -0.5 0 0.5 0 0 0.5 0
0.5 0 0 0 -0.5 0 0.5 0 0 -0.5 0
0.5 0 0 0 -0.5 0 -0.5 0 0 0.5 0
0.5 0 0 0 -0.5 0 -0.5 0 0 -0.5 0
-0.5 0 0 0 0.5 0 0.5 0 0 0.5 0
-0.5 0 0 0 0.5 0 0.5 0 0 -0.5 0
-0.5 0 0 0 0.5 0 -0.5 0 0 0.5 0
-0.5 0 0 0 0.5 0 -0.5 0 0 -0.5 0
-0.5 0 0 0 -0.5 0 0.5 0 0 0.5 0
-0.5 0 0 0 -0.5 0 0.5 0 0 -0.5 0
-0.5 0 0 0 -0.5 0 -0.5 0 0 0.5 0
-0.5 0 0 0 -0.5 0 -0.5 0 0 -0.5 0
0 0.5 0.5 0 0 0 0.5 0 0 0.5 0
0 0.5 0.5 0 0 0 0.5 0 0 -0.5 0
0 0.5 0.5 0 0 0 -0.5 0 0 0.5 0
0 0.5 0.5 0 0 0 -0.5 0 0 -0.5 0
0 0.5 -0.5 0 0 0 0.5 0 0 0.5 0
0 0.5 -0.5 0 0 0 0.5 0 0 -0.5 0
0 0.5 -0.5 0 0 0 -0.5 0 0 0.5 0
0 0.5 -0.5 0 0 0 -0.5 0 0 -0.5 0
0 -0.5 0.5 0 0 0 0.5 0 0 0.5 0
0 -0.5 0.5 0 0 0 0.5 0 0 -0.5 0
0 -0.5 0.5 0 0 0 -0.5 0 0 0.5 0
0 -0.5 0.5 0 0 0 -0.5 0 0 -0.5 0
0 -0.5 -0.5 0 0 0 0.5 0 0 0.5 0
0 -0.5 -0.5 0 0 0 0.5 0 0 -0.5 0
0 -0.5 -0.5 0 0 0 -0.5 0 0 0.5 0
0 -0.5 -0.5 0 0 0 -0.5 0 0 -0.5 0
0 0.5 0 0.5 0.5 0 0 0 0 0.5 0
0 0.5 0 0.5 0.5 0 0 0 0 -0.5 0
0 0.5 0 0.5 -0.5 0 0 0 0 0.5 0
0 0.5 0 0.5 -0.5 0 0 0 0 -0.5 0
0 0.5 0 -0.5 0.5 0 0 0 0 0.5 0
0 0.5 0 -0.5 0.5 0 0 0 0 -0.5 0
0 0.5 0 -0.5 -0.5 0 0 0 0 0.5 0
0 0.5 0 -0.5 -0.5 0 0 0 0 -0.5 0
0 -0.5 0 0.5 0.5 0 0 0 0 0.5 0
0 -0.5 0 0.5 0.5 0 0 0 0 -0.5 0
0 -0.5 0 0.5 -0.5 0 0 0 0 0.5 0
0 -0.5 0 0.5 -0.5 0 0 0 0 -0.5 0
0 -0.5 0 -0.5 0.5 0 0 0 0 0.5 0
0 -0.5 0 -0.5 0.5 0 0 0 0 -0.5 0
0 -0.5 0 -0.5 -0.5 0 0 0 0 0.5 0
0 -0.5 0 -0.5 -0.5 0 0 0 0 -0.5 0
0 0.5 0 0 0 0.5 0 0.5 0 0.5 0
0 0.5 0 0 0 0.5 0 0.5 0 -0.5 0
0 0.5 0 0 0 0.5 0 -0.5 0 0.5 0
0 0.5 0 0 0 0.5 0 -0.5 0 -0.5 0
0 0.5 0 0 0 -0.5 0 0.5 0 0.5 0
0 0.5 0 0 0 -0.5 0 0.5 0 -0.5 0
0 0.5 0 0 0 -0.5 0 -0.5 0 0.5 0
0 0.5 0 0 0 -0.5 0 -0.5 0 -0.5 0
0 -0.5 0 0 0 0.5 0 0.5 0 0.5 0
0 -0.5 0 0 0 0.5 0 0.5 0 -0.5 0
0 -0.5 0 0 0 0.5 0 -0.5 0 0.5 0
0 -0.5 0 0 0 0.5 0 -0.5 0 -0.5 0
0 -0.5 0 0 0 -0.5 0 0.5 0 0.5 0
0 -0.5 0 0 0 -0.5 0 0.5 0 -0.5 0
0 -0.5 0 0 0 -0.5 0 -0.5 0 0.5 0
0 -0.5 0 0 0 -0.5 0 -0.5 0 -0.5 0
0 0 0.5 0 0.5 0 0 0.5 0 0.5 0
0 0 0.5 0 0.5 0 0 0.5 0 -0.5 0
0 0 0.5 0 0.5 0 0 -0.5 0 0.5 0
0 0 0.5 0 0.5 0 0 -0.5 0 -0.5 0
0 0 0.5 0 -0.5 0 0 0.5 0 0.5 0
0 0 0.5 0 -0.5 0 0 0.5 0 -0.5 0
0 0 0.5 0 -0.5 0 0 -0.5 0 0.5 0
0 0 0.5 0 -0.5 0 0 -0.5 0 -0.5 0
0 0 -0.5 0 0.5 0 0 0.5 0 0.5 0
0 0 -0.5 0 0.5 0 0 0.5 0 -0.5 0
0 0 -0.5 0 0.5 0 0 -0.5 0 0.5 0
0 0 -0.5 0 0.5 0 0 -0.5 0 -0.5 0
0 0 -0.5 0 -0.5 0 0 0.5 0 0.5 0
0 0 -0.5 0 -0.5 0 0 0.5 0 -0.5 0
0 0 -0.5 0 -0.5 0 0 -0.5 0 0.5 0
0 0 -0.5 0 -0.5 0 0 -0.5 0 -0.5 0
0 0 0 0.5 0 0.5 0.5 0 0 0.5 0
0 0 0 0.5 0 0.5 0.5 0 0 -0.5 0
0 0 0 0.5 0 0.5 -0.5 0 0 0.5 0
0 0 0 0.5 0 0.5 -0.5 0 0 -0.5 0
0 0 0 0.5 0 -0.5 0.5 0 0 0.5 0
0 0 0 0.5 0 -0.5 0.5 0 0 -0.5 0
0 0 0 0.5 0 -0.5 -0.5 0 0 0.5 0
0 0 0 0.5 0 -0.5 -0.5 0 0 -0.5 0
0 0 0 -0.5 0 0.5 0.5 0 0 0.5 0
0 0 0 -0.5 0 0.5 0.5 0 0 -0.5 0
0 0 0 -0.5 0 0.5 -0.5 0 0 0.5 0
0 0 0 -0.5 0 0.5 -0.5 0 0 -0.5 0
0 0 0 -0.5 0 -0.5 0.5 0 0 0.5 0
0 0 0 -0.5 0 -0.5 0.5 0 0 -0.5 0
0 0 0 -0.5 0 -0.5 -0.5 0 0 0.5 0
0 0 0 -0.5 0 -0.5 -0.5 0 0 -0.5 0
0.5 0 0.5 0 0 0 0.5 0 0 0 0.5
0.5 0 0.5 0 0 0 0.5 0 0 0 -0.5
0.5 0 0.5 0 0 0 -0.5 0 0 0 0.5
0.5 0 0.5 0 0 0 -0.5 0 0 0 -0.5
0.5 0 -0.5 0 0 0 0.5 0 0 0 0.5
0.5 0 -0.5 0 0 0 0.5 0 0 0 -0.5
0.5 0 -0.5 0 0 0 -0.5 0 0 0 0.5
0.5 0 -0.5 0 0 0 -0.5 0 0 0 -0.5
-0.5 0 0.5 0 0 0 0.5 0 0 0 0.5
-0.5 0 0.5 0 0 0 0.5 0 0 0 -0.5
-0.5 0 0.5 0 0 0 -0.5 0 0 0 0.5
-0.5 0 0.5 0 0 0 -0.5 0 0 0 -0.5
-0.5 0 -0.5 0 0 0 0.5 0 0 0 0.5
-0.5 0 -0.5 0 0 0 0.5 0 0 0 -0.5
-0.5 0 -0.5 0 0 0 -0.5 0 0 0 0.5
-0.5 0 -0.5 0 0 0 -0.5 0 0 0 -0.5
0.5 0 0 0.5 0 0.5 0 0 0 0 0.5
0.5 0 0 0.5 0 0.5 0 0 0 0 -0.5
0.5 0 0 0.5 0 -0.5 0 0 0 0 0.5
0.5 0 0 0.5 0 -0.5 0 0 0 0 -0.5
0.5 0 0 -0.5 0 0.5 0 0 0 0 0.5
0.5 0 0 -0.5 0 0.5 0 0 0 0 -0.5
0.5 0 0 -0.5 0 -0.5 0 0 0 0 0.5
0.5 0 0 -0.5 0 -0.5 0 0 0 0 -0.5
-0.5 0 0 0.5 0 0.5 0 0 0 0 0.5
-0.5 0 0 0.5 0 0.5 0 0 0 0 -0.5
-0.5 0 0 0.5 0 -0.5 0 0 0 0 0.5
-0.5 0 0 0.5 0 -0.5 0 0 0 0 -0.5
-0.5 0 0 -0.5 0 0.5 0 0 0 0 0.5
-0.5 0 0 -0.5 0 0.5 0 0 0 0 -0.5
-0.5 0 0 -0.5 0 -0.5 0 0 0 0 0.5
-0.5 0 0 -0.5 0 -0.5 0 0 0 0 -0.5
0.5 0 0 0 0.5 0 0 0.5 0 0 0.5
0.5 0 0 0 0.5 0 0 0.5 0 0 -0.5
0.5 0 0 0 0.5 0 0 -0.5 0 0 0.5
0.5 0 0 0 0.5 0 0 -0.5 0 0 -0.5
0.5 0 0 0 -0.5 0 0 0.5 0 0 0.5
0.5 0 0 0 -0.5 0 0 0.5 0 0 -0.5
0.5 0 0 0 -0.5 0 0 -0.5 0 0 0.5
0.5 0 0 0 -0.5 0 0 -0.5 0 0 -0.5
-0.5 0 0 0 0.5 0 0 0.5 0 0 0.5
-0.5 0 0 0 0.5 0 0 0.5 0 0 -0.5
-0.5 0 0 0 0.5 0 0 -0.5 0 0 0.5
-0.5 0 0 0 0.5 0 0 -0.5 0 0 -0.5
-0.5 0 0 0 -0.5 0 0 0.5 0 0 0.5
-0.5 0 0 0 -0.5 0 0 0.5 0 0 -0.5
-0.5 0 0 0 -0.5 0 0 -0.5 0 0 0.5
-0.5 0 0 0 -0.5 0 0 -0.5 0 0 -0.5
0 0.5 0.5 0 0.5 0 0 0 0 0 0.5
0 0.5 0.5 0 0.5 0 0 0 0 0 -0.5
0 0.5 0.5 0 -0.5 0 0 0 0 0 0.5
0 0.5 0.5 0 -0.5 0 0 0 0 0 -0.5
0 0.5 -0.5 0 0.5 0 0 0 0 0 0.5
0 0.5 -0.5 0 0.5 0 0 0 0 0 -0.5
0 0.5 -0.5 0 -0.5 0 0 0 0 0 0.5
0 0.5 -0.5 0 -0.5 0 0 0 0 0 -0.5
0 -0.5 0.5 0 0.5 0 0 0 0 0 0.5
0 -0.5 0.5 0 0.5 0 0 0 0 0 -0.5
0 -0.5 0.5 0 -0.5 0 0 0 0 0 0.5
0 -0.5 0.5 0 -0.5 0 0 0 0 0 -0.5
0 -0.5 -0.5 0 0.5 0 0 0 0 0 0.5
0 -0.5 -0.5 0 0.5 0 0 0 0 0 -0.5
0 -0.5 -0.5 0 -0.5 0 0 0 0 0 0.5
0 -0.5 -0.5 0 -0.5 0 0 0 0 0 -0.5
0 0.5 0 0.5 0 0 0 0.5 0 0 0.5
0 0.5 0 0.5 0 0 0 0.5 0 0 -0.5
0 0.5 0 0.5 0 0 0 -0.5 0 0 0.5
0 0.5 0 0.5 0 0 0 -0.5 0 0 -0.5
0 0.5 0 -0.5 0 0 0 0.5 0 0 0.5
0 0.5 0 -0.5 0 0 0 0.5 0 0 -0.5
0 0.5 0 -0.5 0 0 0 -0.5 0 0 0.5
0 0.5 0 -0.5 0 0 0 -0.5 0 0 -0.5
0 -0.5 0 0.5 0 0 0 0.5 0 0 0.5
0 -0.5 0 0.5 0 0 0 0.5 0 0 -0.5
0 -0.5 0 0.5 0 0 0 -0.5 0 0 0.5
0 -0.5 0 0.5 0 0 0 -0.5 0 0 -0.5
0 -0.5 0 -0.5 0 0 0 0.5 0 0 0.5
0 -0.5 0 -0.5 0 0 0 0.5 0 0 -0.5
0 -0.5 0 -0.5 0 0 0 -0.5 0 0 0.5
0 -0.5 0 -0.5 0 0 0 -0.5 0 0 -0.5
0 0.5 0 0 0 0.5 0.5 0 0 0 0.5
0 0.5 0 0 0 0.5 0.5 0 0 0 -0.5
0 0.5 0 0 0 0.5 -0.5 0 0 0 0.5
0 0.5 0 0 0 0.5 -0.5 0 0 0 -0.5
0 0.5 0 0 0 -0.5 0.5 0 0 0 0.5
0 0.5 0 0 0 -0.5 0.5 0 0 0 -0.5
0 0.5 0 0 0 -0.5 -0.5 0 0 0 0.5
0 0.5 0 0 0 -0.5 -0.5 0 0 0 -0.5
0 -0.5 0 0 0 0.5 0.5 0 0 0 0.5
0 -0.5 0 0 0 0.5 0.5 0 0 0 -0.5
0 -0.5 0 0 0 0.5 -0.5 0 0 0 0.5
0 -0.5 0 0 0 0.5 -0.5 0 0 0 -0.5
0 -0.5 0 0 0 -0.5 0.5 0 0 0 0.5
0 -0.5 0 0 0 -0.5 0.5 0 0 0 -0.5
0 -0.5 0 0 0 -0.5 -0.5 0 0 0 0.5
0 -0.5 0 0 0 -0.5 -0.5 0 0 0 -0.5
0 0 0.5 0 0 0.5 0 0.5 0 0 0.5
0 0 0.5 0 0 0.5 0 0.5 0 0 -0.5
0 0 0.5 0 0 0.5 0 -0.5 0 0 0.5
0 0 0.5 0 0 0.5 0 -0.5 0 0 -0.5
0 0 0.5 0 0 -0.5 0 0.5 0 0 0.5
0 0 0.5 0 0 -0.5 0 0.5 0 0 -0.5
0 0 0.5 0 0 -0.5 0 -0.5 0 0 0.5
0 0 0.5 0 0 -0.5 0 -0.5 0 0 -0.5
0 0 -0.5 0 0 0.5 0 0.5 0 0 0.5
0 0 -0.5 0 0 0.5 0 0.5 0 0 -0.5
0 0 -0.5 0 0 0.5 0 -0.5 0 0 0.5
0 0 -0.5 0 0 0.5 0 -0.5 0 0 -0.5
0 0 -0.5 0 0 -0.5 0 0.5 0 0 0.5
0 0 -0.5 0 0 -0.5 0 0.5 0 0 -0.5
0 0 -0.5 0 0 -0.5 0 -0.5 0 0 0.5
0 0 -0.5 0 0 -0.5 0 -0.5 0 0 -0.5
0 0 0 0.5 0.5 0 0.5 0 0 0 0.5
0 0 0 0.5 0.5 0 0.5 0 0 0 -0.5
0 0 0 0.5 0.5 0 -0.5 0 0 0 0.5
0 0 0 0.5 0.5 0 -0.5 0 0 0 -0.5
0 0 0 0.5 -0.5 0 0.5 0 0 0 0.5
0 0 0 0.5 -0.5 0 0.5 0 0 0 -0.5
0 0 0 0.5 -0.5 0 -0.5 0 0 0 0.5
0 0 0 0.5 -0.5 0 -0.5 0 0 0 -0.5
0 0 0 -0.5 0.5 0 0.5 0 0 0 0.5
0 0 0 -0.5 0.5 0 0.5 0 0 0 -0.5
0 0 0 -0.5 0.5 0 -0.5 0 0 0 0.5
0 0 0 -0.5 0.5 0 -0.5 0 0 0 -0.5
0 0 0 -0.5 -0.5 0 0.5 0 0 0 0.5
0 0 0 -0.5 -0.5 0 0.5 0 0 0 -0.5
0 0 0 -0.5 -0.5 0 -0.5 0 0 0 0.5
0 0 0 -0.5 -0.5 0 -0.5 0 0 0 -0.5
0.5 0.5 0 0 0 0 0 0 0.5 0.35355339059327379 0.35355339059327379
0.5 0.5 0 0 0 0 0 0 0.5 -0.35355339059327379 -0.35355339059327379
0.5 0.5 0 0 0 0 0 0 0 0.5 -0.5
0.5 0.5 0 0 0 0 0 0 0 -0.5 0.5
0.5 -0.5 0 0 0 0 0 0 0.5 0.35355339059327379 0.35355339059327379
0.5 -0.5 0 0 0 0 0 0 0.5 -0.35355339059327379 -0.35355339059327379
0.5 -0.5 0 0 0 0 0 0 0 0.5 -0.5
0.5 -0.5 0 0 0 0 0 0 0 -0.5 0.5
-0.5 0.5 0 0 0 0 0 0 0.5 0.35355339059327379 0.35355339059327379
-0.5 0.5 0 0 0 0 0 0 0.5 -0.35355339059327379 -0.35355339059327379
-0.5 0.5 0 0 0 0 0 0 0 0.5 -0.5
-0.5 0.5 0 0 0 0 0 0 0 -0.5 0.5
-0.5 -0.5 0 0 0 0 0 0 0.5 0.35355339059327379 0.35355339059327379
-0.5 -0.5 0 0 0 0 0 0 0.5 -0.35355339059327379 -0.35355339059327379
-0.5 -0.5 0 0 0 0 0 0 0 0.5 -0.5
-0.5 -0.5 0 0 0 0 0 0 0 -0.5 0.5
0 0 0.5 0.5 0 0 0 0 0.5 0.35355339059327379 0.35355339059327379
0 0 0.5 0.5 0 0 0 0 0.5 -0.35355339059327379 -0.35355339059327379
0 0 0.5 0.5 0 0 0 0 0 0.5 -0.5
0 0 0.5 0.5 0 0 0 0 0 -0.5 0.5
0 0 0.5 -0.5 0 0 0 0 0.5 0.35355339059327379 0.35355339059327379
0 0 0.5 -0.5 0 0 0 0 0.5 -0.35355339059327379 -0.35355339059327379
0 0 0.5 -0.5 0 0 0 0 0 0.5 -0.5
0 0 0.5 -0.5 0 0 0 0 0 -0.5 0.5
0 0 -0.5 0.5 0 0 0 0 0.5 0.35355339059327379 0.35355339059327379
0 0 -0.5 0.5 0 0 0 0 0.5 -0.35355339059327379 -0.35355339059327379
0 0 -0.5 0.5 0 0 0 0 0 0.5 -0.5
0 0 -0.5 0.5 0 0 0 0 0 -0.5 0.5
0 0 -0.5 -0.5 0 0 0 0 0.5 0.35355339059327379 0.35355339059327379
0 0 -0.5 -0.5 0 0 0 0 0.5 -0.35355339059327379 -0.35355339059327379
0 0 -0.5 -0.5 0 0 0 0 0 0.5 -0.5
0 0 -0.5 -0.5 0 0 0 0 0 -0.5 0.5
0 0 0 0 0.5 0.5 0 0 0.5 0.35355339059327379 0.35355339059327379
0 0 0 0 0.5 0.5 0 0 0.5 -0.35355339059327379 -0.35355339059327379
0 0 0 0 0.5 0.5 0 0 0 0.5 -0.5
0 0 0 0 0.5 0.5 0 0 0 -0.5 0.5
0 0 0 0 0.5 -0.5 0 0 0.5 0.35355339059327379 0.35355339059327379
0 0 0 0 0.5 -0.5 0 0 0.5 -0.35355339059327379 -0.35355339059327379
0 0 0 0 0.5 -0.5 0 0 0 0.5 -0.5
0 0 0 0 0.5 -0.5 0 0 0 -0.5 0.5
0 0 0 0 -0.5 0.5 0 0 0.5 0.35355339059327379 0.35355339059327379
0 0 0 0 -0.5 0.5 0 0 0.5 -0.35355339059327379 -0.35355339059327379
0 0 0 0 -0.5 0.5 0 0 0 0.5 -0.5
0 0 0 0 -0.5 0.5 0 0 0 -0.5 0.5
0 0 0 0 -0.5 -0.5 0 0 0.5 0.35355339059327379 0.35355339059327379
0 0 0 0 -0.5 -0.5 0 0 0.5 -0.35355339059327379 -0.35355339059327379
0 0 0 0 -0.5 -0.5 0 0 0 0.5 -0.5
0 0 0 0 -0.5 -0.5 0 0 0 -0.5 0.5
0 0 0 0 0 0 0.5 0.5 0.5 0.35355339059327379 0.35355339059327379
0 0 0 0 0 0 0.5 0.5 0.5 -0.35355339059327379 -0.35355339059327379
0 0 0 0 0 0 0.5 0.5 0 0.5 -0.5
0 0 0 0 0 0 0.5 0.5 0 -0.5 0.5
0 0 0 0 0 0 0.5 -0.5 0.5 0.35355339059327379 0.35355339059327379
0 0 0 0 0 0 0.5 -0.5 0.5 -0.35355339059327379 -0.35355339059327379
0 0 0 0 0 0 0.5 -0.5 0 0.5 -0.5
0 0 0 0 0 0 0.5 -0.5 0 -0.5 0.5
0 0 0 0 0 0 -0.5 0.5 0.5 0.35355339059327379 0.35355339059327379
0 0 0 0 0 0 -0.5 0.5 0.5 -0.35355339059327379 -0.35355339059327379
0 0 0 0 0 0 -0.5 0.5 0 0.5 -0.5
0 0 0 0 0 0 -0.5 0.5 0 -0.5 0.5
0 0 0 0 0 0 -0.5 -0.5 0.5 0.35355339059327379 0.35355339059327379
0 0 0 0 0 0 -0.5 -0.5 0.5 -0.35355339059327379 -0.35355339059327379
0 0 0 0 0 0 -0.5 -0.5 0 0.5 -0.5
0 0 0 0 0 0 -0.5 -0.5 0 -0.5 0.5
0 0 0 0 0 0 0 0 1 0 0
0 0 0 0 0 0 0 0 0 0.70710678118654757 0.70710678118654757
0 0 0 0 0 0 0 0 0 -0.70710678118654757 -0.70710678118654757
0 0 0 0 0 0 0 0 0.5 0.85355339059327373 -0.14644660940672621
0 0 0 0 0 0 0 0 0.5 -0.14644660940672621 0.85355339059327373
0 0 0 0 0 0 0 0 0.5 0.14644660940672621 -0.85355339059327373
0 0 0 0 0 0 0 0 0.5 -0.85355339059327373 0.14644660940672621
0.5 0 0.5 0 0.5 0 0 0 -0.5 0 0
0.5 0 0.5 0 -0.5 0 0 0 -0.5 0 0
0.5 0 -0.5 0 0.5 0 0 0 -0.5 0 0
0.5 0 -0.5 0 -0.5 0 0 0 -0.5 0 0
-0.5 0 0.5 0 0.5 0 0 0 -0.5 0 0
-0.5 0 0.5 0 -0.5 0 0 0 -0.5 0 0
-0.5 0 -0.5 0 0.5 0 0 0 -0.5 0 0
-0.5 0 -0.5 0 -0.5 0 0 0 -0.5 0 0
0.5 0 0 0.5 0 0 0.5 0 -0.5 0 0
0.5 0 0 0.5 0 0 -0.5 0 -0.5 0 0
0.5 0 0 -0.5 0 0 0.5 0 -0.5 0 0
0.5 0 0 -0.5 0 0 -0.5 0 -0.5 0 0
-0.5 0 0 0.5 0 0 0.5 0 -0.5 0 0
-0.5 0 0 0.5 0 0 -0.5 0 -0.5 0 0
-0.5 0 0 -0.5 0 0 0.5 0 -0.5 0 0
-0.5 0 0 -0.5 0 0 -0.5 0 -0.5 0 0
0.5 0 0 0 0 0.5 0 0.5 -0.5 0 0
0.5 0 0 0 0 0.5 0 -0.5 -0.5 0 0
0.5 0 0 0 0 -0.5 0 0.5 -0.5 0 0
0.5 0 0 0 0 -0.5 0 -0.5 -0.5 0 0
-0.5 0 0 0 0 0.5 0 0.5 -0.5 0 0
-0.5 0 0 0 0 0.5 0 -0.5 -0.5 0 0
-0.5 0 0 0 0 -0.5 0 0.5 -0.5 0 0
-0.5 0 0 0 0 -0.5 0 -0.5 -0.5 0 0
0 0.5 0.5 0 0 0 0 0.5 -0.5 0 0
0 0.5 0.5 0 0 0 0 -0.5 -0.5 0 0
0 0.5 -0.5 0 0 0 0 0.5 -0.5 0 0
0 0.5 -0.5 0 0 0 0 -0.5 -0.5 0 0
0 -0.5 0.5 0 0 0 0 0.5 -0.5 0 0
0 -0.5 0.5 0 0 0 0 -0.5 -0.5 0 0
0 -0.5 -0.5 0 0 0 0 0.5 -0.5 0 0
0 -0.5 -0.5 0 0 0 0 -0.5 -0.5 0 0
0 0.5 0 0.5 0 0.5 0 0 -0.5 0 0
0 0.5 0 0.5 0 -0.5 0 0 -0.5 0 0
0 0.5 0 -0.5 0 0.5 0 0 -0.5 0 0
0 0.5 0 -0.5 0 -0.5 0 0 -0.5 0 0
0 -0.5 0 0.5 0 0.5 0 0 -0.5 0 0
0 -0.5 0 0.5 0 -0.5 0 0 -0.5 0 0
0 -0.5 0 -0.5 0 0.5 0 0 -0.5 0 0
0 -0.5 0 -0.5 0 -0.5 0 0 -0.5 0 0
0 0.5 0 0 0.5 0 0.5 0 -0.5 0 0
0 0.5 0 0 0.5 0 -0.5 0 -0.5 0 0
0 0.5 0 0 -0.5 0 0.5 0 -0.5 0 0
0 0.5 0 0 -0.5 0 -0.5 0 -0.5 0 0
0 -0.5 0 0 0.5 0 0.5 0 -0.5 0 0
0 -0.5 0 0 0.5 0 -0.5 0 -0.5 0 0
0 -0.5 0 0 -0.5 0 0.5 0 -0.5 0 0
0 -0.5 0 0 -0.5 0 -0.5 0 -0.5 0 0
0 0 0.5 0 0 0.5 0.5 0 -0.5 0 0
0 0 0.5 0 0 0.5 -0.5 0 -0.5 0 0
0 0 0.5 0 0 -0.5 0.5 0 -0.5 0 0
0 0 0.5 0 0 -0.5 -0.5 0 -0.5 0 0
0 0 -0.5 0 0 0.5 0.5 0 -0.5 0 0
0 0 -0.5 0 0 0.5 -0.5 0 -0.5 0 0
0 0 -0.5 0 0 -0.5 0.5 0 -0.5 0 0
0 0 -0.5 0 0 -0.5 -0.5 0 -0.5 0 0
0 0 0 0.5 0.5 0 0 0.5 -0.5 0 0
0 0 0 0.5 0.5 0 0 -0.5 -0.5 0 0
0 0 0 0.5 -0.5 0 0 0.5 -0.5 0 0
0 0 0 0.5 -0.5 0 0 -0.5 -0.5 0 0
0 0 0 -0.5 0.5 0 0 0.5 -0.5 0 0
0 0 0 -0.5 0.5 0 0 -0.5 -0.5 0 0
0 0 0 -0.5 -0.5 0 0 0.5 -0.5 0 0
0 0 0 -0.5 -0.5 0 0 -0.5 -0.5 0 0
0.5 0.5 0 0 0 0 0 0 -0.5 -0.35355339059327379 -0.35355339059327379
0.5 0.5 0 0 0 0 0 0 -0.5 0.35355339059327379 0.35355339059327379
0.5 -0.5 0 0 0 0 0 0 -0.5 -0.35355339059327379 -0.35355339059327379
0.5 -0.5 0 0 0 0 0 0 -0.5 0.35355339059327379 0.35355339059327379
-0.5 0.5 0 0 0 0 0 0 -0.5 -0.35355339059327379 -0.35355339059327379
-0.5 0.5 0 0 0 0 0 0 -0.5 0.35355339059327379 0.35355339059327379
-0.5 -0.5 0 0 0 0 0 0 -0.5 -0.35355339059327379 -0.35355339059327379
-0.5 -0.5 0 0 0 0 0 0 -0.5 0.35355339059327379 0.35355339059327379
0 0 0.5 0.5 0 0 0 0 -0.5 -0.35355339059327379 -0.35355339059327379
0 0 0.5 0.5 0 0 0 0 -0.5 0.35355339059327379 0.35355339059327379
0 0 0.5 -0.5 0 0 0 0 -0.5 -0.35355339059327379 -0.35355339059327379
0 0 0.5 -0.5 0 0 0 0 -0.5 0.35355339059327379 0.35355339059327379
0 0 -0.5 0.5 0 0 0 0 -0.5 -0.35355339059327379 -0.35355339059327379
0 0 -0.5 0.5 0 0 0 0 -0.5 0.35355339059327379 0.35355339059327379
0 0 -0.5 -0.5 0 0 0 0 -0.5 -0.35355339059327379 -0.35355339059327379
0 0 -0.5 -0.5 0 0 0 0 -0.5 0.35355339059327379 0.35355339059327379
0 0 0 0 0.5 0.5 0 0 -0.5 -0.35355339059327379 -0.35355339059327379
0 0 0 0 0.5 0.5 0 0 -0.5 0.35355339059327379 0.35355339059327379
0 0 0 0 0.5 -0.5 0 0 -0.5 -0.35355339059327379 -0.35355339059327379
0 0 0 0 0.5 -0.5 0 0 -0.5 0.35355339059327379 0.35355339059327379
0 0 0 0 -0.5 0.5 0 0 -0.5 -0.35355339059327379 -0.35355339059327379
0 0 0 0 -0.5 0.5 0 0 -0.5 0.35355339059327379 0.35355339059327379
0 0 0 0 -0.5 -0.5 0 0 -0.5 -0.35355339059327379 -0.35355339059327379
0 0 0 0 -0.5 -0.5 0 0 -0.5 0.35355339059327379 0.35355339059327379
0 0 0 0 0 0 0.5 0.5 -0.5 -0.35355339059327379 -0.35355339059327379
0 0 0 0 0 0 0.5 0.5 -0.5 0.35355339059327379 0.35355339059327379
0 0 0 0 0 0 0.5 -0.5 -0.5 -0.35355339059327379 -0.35355339059327379
0 0 0 0 0 0 0.5 -0.5 -0.5 0.35355339059327379 0.35355339059327379
0 0 0 0 0 0 -0.5 0.5 -0.5 -0.35355339059327379 -0.35355339059327379
0 0 0 0 0 0 -0.5 0.5 -0.5 0.35355339059327379 0.35355339059327379
0 0 0 0 0 0 -0.5 -0.5 -0.5 -0.35355339059327379 -0.35355339059327379
0 0 0 0 0 0 -0.5 -0.5 -0.5 0.35355339059327379 0.35355339059327379
0 0 0 0 0 0 0 0 -1 0 0
0 0 0 0 0 0 0 0 -0.5 0.14644660940672621 -0.85355339059327373
0 0 0 0 0 0 0 0 -0.5 -0.85355339059327373 0.14644660940672621
0 0 0 0 0 0 0 0 -0.5 0.85355339059327373 -0.14644660940672621
0 0 0 0 0 0 0 0 -0.5 -0.14644660940672621 0.85355339059327373
1.6396536653621314e-15 -1.3446461169457112e-15 -1.8768072240221358e-16 -0.57662993170489163 -1.5842065671768443e-15 0.57662993170489196 -4.0809056912318454e-16 -0.57662993170489207 -0.049937616943892323 4.071369537311585e-16 2.194494434550361e-16
