1 0 0 0 0 0 0 0 0 0 0
-1 0 0 0 0 0 0 0 0 0 0
0 1 0 0 0 0 0 0 0 0 0
0 -1 0 0 0 0 0 0 0 0 0
0 0 1 0 0 0 0 0 0 0 0
0 0 -1 0 0 0 0 0 0 0 0
0 0 0 1 0 0 0 0 0 0 0
0 0 0 -1 0 0 0 0 0 0 0
0 0 0 0 1 0 0 0 0 0 0
0 0 0 0 -1 0 0 0 0 0 0
0 0 0 0 0 1 0 0 0 0 0
0 0 0 0 0 -1 0 0 0 0 0
0 0 0 0 0 0 1 0 0 0 0
0 0 0 0 0 0 -1 0 0 0 0
0 0 0 0 0 0 0 1 0 0 0
0 0 0 0 0 0 0 -1 0 0 0
0.5 0.5 0.5 0.5 0 0 0 0 0 0 0
0.5 0.5 0.5 -0.5 0 0 0 0 0 0 0
0.5 0.5 -0.5 0.5 0 0 0 0 0 0 0
0.5 0.5 -0.5 -0.5 0 0 0 0 0 0 0
0.5 -0.5 0.5 0.5 0 0 0 0 0 0 0
0.5 -0.5 0.5 -0.5 0 0 0 0 0 0 0
0.5 -0.5 -0.5 0.5 0 0 0 0 0 0 0
0.5 -0.5 -0.5 -0.5 0 0 0 0 0 0 0
-0.5 0.5 0.5 0.5 0 0 0 0 0 0 0
-0.5 0.5 0.5 -0.5 0 0 0 0 0 0 0
-0.5 0.5 -0.5 0.5 0 0 0 0 0 0 0
-0.5 0.5 -0.5 -0.5 0 0 0 0 0 0 0
-0.5 -0.5 0.5 0.5 0 0 0 0 0 0 0
-0.5 -0.5 0.5 -0.5 0 0 0 0 0 0 0
-0.5 -0.5 -0.5 0.5 0 0 0 0 0 0 0
-0.5 -0.5 -0.5 -0.5 0 0 0 0 0 0 0
0.5 0.5 0 0 0.5 0.5 0 0 0 0 0
0.5 0.5 0 0 0.5 -0.5 0 0 0 0 0
0.5 0.5 0 0 -0.5 0.5 0 0 0 0 0
0.5 0.5 0 0 -0.5 -0.5 0 0 0 0 0
0.5 -0.5 0 0 0.5 0.5 0 0 0 0 0
0.5 -0.5 0 0 0.5 -0.5 0 0 0 0 0
0.5 -0.5 0 0 -0.5 0.5 0 0 0 0 0
0.5 -0.5 0 0 -0.5 -0.5 0 0 0 0 0
-0.5 0.5 0 0 0.5 0.5 0 0 0 0 0
-0.5 0.5 0 0 0.5 -0.5 0 0 0 0 0
-0.5 0.5 0 0 -0.5 0.5 0 0 0 0 0
-0.5 0.5 0 0 -0.5 -0.5 0 0 0 0 0
-0.5 -0.5 0 0 0.5 0.5 0 0 0 0 0
-0.5 -0.5 0 0 0.5 -0.5 0 0 0 0 0
-0.5 -0.5 0 0 -0.5 0.5 0 0 0 0 0
-0.5 -0.5 0 0 -0.5 -0.5 0 0 0 0 0
0.5 0.5 0 0 0 0 0.5 0.5 0 0 0
0.5 0.5 0 0 0 0 0.5 -0.5 0 0 0
0.5 0.5 0 0 0 0 -0.5 0.5 0 0 0
0.5 0.5 0 0 0 0 -0.5 -0.5 0 0 0
0.5 -0.5 0 0 0 0 0.5 0.5 0 0 0
0.5 -0.5 0 0 0 0 0.5 -0.5 0 0 0
0.5 -0.5 0 0 0 0 -0.5 0.5 0 0 0
0.5 -0.5 0 0 0 0 -0.5 -0.5 0 0 0
-0.5 0.5 0 0 0 0 0.5 0.5 0 0 0
-0.5 0.5 0 0 0 0 0.5 -0.5 0 0 0
-0.5 0.5 0 0 0 0 -0.5 0.5 0 0 0
-0.5 0.5 0 0 0 0 -0.5 -0.5 0 0 0
-0.5 -0.5 0 0 0 0 0.5 0.5 0 0 0
-0.5 -0.5 0 0 0 0 0.5 -0.5 0 0 0
-0.5 -0.5 0 0 0 0 -0.5 0.5 0 0 0
-0.5 -0.5 0 0 0 0 -0.5 -0.5 0 0 0
0 0 0.5 0.5 0.5 0.5 0 0 0 0 0
0 0 0.5 0.5 0.5 -0.5 0 0 0 0 0
0 0 0.5 0.5 -0.5 0.5 0 0 0 0 0
0 0 0.5 0.5 -0.5 -0.5 0 0 0 0 0
0 0 0.5 -0.5 0.5 0.5 0 0 0 0 0
0 0 0.5 -0.5 0.5 -0.5 0 0 0 0 0
0 0 0.5 -0.5 -0.5 0.5 0 0 0 0 0
0 0 0.5 -0.5 -0.5 -0.5 0 0 0 0 0
0 0 -0.5 0.5 0.5 0.5 0 0 0 0 0
0 0 -0.5 0.5 0.5 -0.5 0 0 0 0 0
0 0 -0.5 0.5 -0.5 0.5 0 0 0 0 0
0 0 -0.5 0.5 -0.5 -0.5 0 0 0 0 0
0 0 -0.5 -0.5 0.5 0.5 0 0 0 0 0
0 0 -0.5 -0.5 0.5 -0.5 0 0 0 0 0
0 0 -0.5 -0.5 -0.5 0.5 0 0 0 0 0
0 0 -0.5 -0.5 -0.5 -0.5 0 0 0 0 0
0 0 0.5 0.5 0 0 0.5 0.5 0 0 0
0 0 0.5 0.5 0 0 0.5 -0.5 0 0 0
0 0 0.5 0.5 0 0 -0.5 0.5 0 0 0
0 0 0.5 0.5 0 0 -0.5 -0.5 0 0 0
0 0 0.5 -0.5 0 0 0.5 0.5 0 0 0
0 0 0.5 -0.5 0 0 0.5 -0.5 0 0 0
0 0 0.5 -0.5 0 0 -0.5 0.5 0 0 0
0 0 0.5 -0.5 0 0 -0.5 -0.5 0 0 0
0 0 -0.5 0.5 0 0 0.5 0.5 0 0 0
0 0 -0.5 0.5 0 0 0.5 -0.5 0 0 0
0 0 -0.5 0.5 0 0 -0.5 0.5 0 0 0
0 0 -0.5 0.5 0 0 -0.5 -0.5 0 0 0
0 0 -0.5 -0.5 0 0 0.5 0.5 0 0 0
0 0 -0.5 -0.5 0 0 0.5 -0.5 0 0 0
0 0 -0.5 -0.5 0 0 -0.5 0.5 0 0 0
0 0 -0.5 -0.5 0 0 -0.5 -0.5 0 0 0
0 0 0 0 0.5 0.5 0.5 0.5 0 0 0
0 0 0 0 0.5 0.5 0.5 -0.5 0 0 0
0 0 0 0 0.5 0.5 -0.5 0.5 0 0 0
0 0 0 0 0.5 0.5 -0.5 -0.5 0 0 0
0 0 0 0 0.5 -0.5 0.5 0.5 0 0 0
0 0 0 0 0.5 -0.5 0.5 -0.5 0 0 0
0 0 0 0 0.5 -0.5 -0.5 0.5 0 0 0
0 0 0 0 0.5 -0.5 -0.5 -0.5 0 0 0
0 0 0 0 -0.5 0.5 0.5 0.5 0 0 0
0 0 0 0 -0.5 0.5 0.5 -0.5 0 0 0
0 0 0 0 -0.5 0.5 -0.5 0.5 0 0 0
0 0 0 0 -0.5 0.5 -0.5 -0.5 0 0 0
0 0 0 0 -0.5 -0.5 0.5 0.5 0 0 0
0 0 0 0 -0.5 -0.5 0.5 -0.5 0 0 0
0 0 0 0 -0.5 -0.5 -0.5 0.5 0 0 0
0 0 0 0 -0.5 -0.5 -0.5 -0.5 0 0 0
0.5 0 0.5 0 0.5 0 0 0 0.5 0 0
0.5 0 0.5 0 -0.5 0 0 0 0.5 0 0
0.5 0 -0.5 0 0.5 0 0 0 0.5 0 0
0.5 0 -0.5 0 -0.5 0 0 0 0.5 0 0
-0.5 0 0.5 0 0.5 0 0 0 0.5 0 0
-0.5 0 0.5 0 -0.5 0 0 0 0.5 0 0
-0.5 0 -0.5 0 0.5 0 0 0 0.5 0 0
-0.5 0 -0.5 0 -0.5 0 0 0 0.5 0 0
0.5 0 0 0.5 0 0 0.5 0 0.5 0 0
0.5 0 0 0.5 0 0 -0.5 0 0.5 0 0
0.5 0 0 -0.5 0 0 0.5 0 0.5 0 0
0.5 0 0 -0.5 0 0 -0.5 0 0.5 0 0
-0.5 0 0 0.5 0 0 0.5 0 0.5 0 0
-0.5 0 0 0.5 0 0 -0.5 0 0.5 0 0
-0.5 0 0 -0.5 0 0 0.5 0 0.5 0 0
-0.5 0 0 -0.5 0 0 -0.5 0 0.5 0 0
0.5 0 0 0 0 0.5 0 0.5 0.5 0 0
0.5 0 0 0 0 0.5 0 -0.5 0.5 0 0
0.5 0 0 0 0 -0.5 0 0.5 0.5 0 0
0.5 0 0 0 0 -0.5 0 -0.5 0.5 0 0
-0.5 0 0 0 0 0.5 0 0.5 0.5 0 0
-0.5 0 0 0 0 0.5 0 -0.5 0.5 0 0
-0.5 0 0 0 0 -0.5 0 0.5 0.5 0 0
-0.5 0 0 0 0 -0.5 0 -0.5 0.5 0 0
0 0.5 0.5 0 0 0 0 0.5 0.5 0 0
0 0.5 0.5 0 0 0 0 -0.5 0.5 0 0
0 0.5 -0.5 0 0 0 0 0.5 0.5 0 0
0 0.5 -0.5 0 0 0 0 -0.5 0.5 0 0
0 -0.5 0.5 0 0 0 0 0.5 0.5 0 0
0 -0.5 0.5 0 0 0 0 -0.5 0.5 0 0
0 -0.5 -0.5 0 0 0 0 0.5 0.5 0 0
0 -0.5 -0.5 0 0 0 0 -0.5 0.5 0 0
0 0.5 0 0.5 0 0.5 0 0 0.5 0 0
0 0.5 0 0.5 0 -0.5 0 0 0.5 0 0
0 0.5 0 -0.5 0 0.5 0 0 0.5 0 0
0 0.5 0 -0.5 0 -0.5 0 0 0.5 0 0
0 -0.5 0 0.5 0 0.5 0 0 0.5 0 0
0 -0.5 0 0.5 0 -0.5 0 0 0.5 0 0
0 -0.5 0 -0.5 0 0.5 0 0 0.5 0 0
0 -0.5 0 -0.5 0 -0.5 0 0 0.5 0 0
0 0.5 0 0 0.5 0 0.5 0 0.5 0 0
0 0.5 0 0 0.5 0 -0.5 0 0.5 0 0
0 0.5 0 0 -0.5 0 0.5 0 0.5 0 0
0 0.5 0 0 -0.5 0 -0.5 0 0.5 0 0
0 -0.5 0 0 0.5 0 0.5 0 0.5 0 0
0 -0.5 0 0 0.5 0 -0.5 0 0.5 0 0
0 -0.5 0 0 -0.5 0 0.5 0 0.5 0 0
0 -0.5 0 0 -0.5 0 -0.5 0 0.5 0 0
0 0 0.5 0 0 0.5 0.5 0 0.5 0 0
0 0 0.5 0 0 0.5 -0.5 0 0.5 0 0
0 0 0.5 0 0 -0.5 0.5 0 0.5 0 0
0 0 0.5 0 0 -0.5 -0.5 0 0.5 0 0
0 0 -0.5 0 0 0.5 0.5 0 0.5 0 0
0 0 -0.5 0 0 0.5 -0.5 0 0.5 0 0
0 0 -0.5 0 0 -0.5 0.5 0 0.5 0 0
0 0 -0.5 0 0 -0.5 -0.5 0 0.5 0 0
0 0 0 0.5 0.5 0 0 0.5 0.5 0 0
0 0 0 0.5 0.5 0 0 -0.5 0.5 0 0
0 0 0 0.5 -0.5 0 0 0.5 0.5 0 0
0 0 0 0.5 -0.5 0 0 -0.5 0.5 0 0
0 0 0 -0.5 0.5 0 0 0.5 0.5 0 0
0 0 0 -0.5 0.5 0 0 -0.5 0.5 0 0
0 0 0 -0.5 -0.5 0 0 0.5 0.5 0 0
0 0 0 -0.5 -0.5 0 0 -0.5 0.5 0 0
0.5 0 0.5 0 0 0.5 0 0 0 0.5 0
0.5 0 0.5 0 0 0.5 0 0 0 -0.5 0
0.5 0 0.5 0 0 -0.5 0 0 0 0.5 0
0.5 0 0.5 0 0 -0.5 0 0 0 -0.5 0
0.5 0 -0.5 0 0 0.5 0 0 0 0.5 0
0.5 0 -0.5 0 0 0.5 0 0 0 -0.5 0
0.5 0 -0.5 0 0 -0.5 0 0 0 0.5 0
0.5 0 -0.5 0 0 -0.5 0 0 0 -0.5 0
-0.5 0 0.5 0 0 0.5 0 0 0 0.5 0
-0.5 0 0.5 0 0 0.5 0 0 0 -0.5 0
-0.5 0 0.5 0 0 -0.5 0 0 0 0.5 0
-0.5 0 0.5 0 0 -0.5 0 0 0 -0.5 0
-0.5 0 -0.5 0 0 0.5 0 0 0 0.5 0
-0.5 0 -0.5 0 0 0.5 0 0 0 -0.5 0
-0.5 0 -0.5 0 0 -0.5 0 0 0 0.5 0
-0.5 0 -0.5 0 0 -0.5 0 0 0 -0.5 0
0.5 0 0 0.5 0 0 0 0.5 0 0.5 0
0.5 0 0 0.5 0 0 0 0.5 0 -0.5 0
0.5 0 0 0.5 0 0 0 -0.5 0 0.5 0
0.5 0 0 0.5 0 0 0 -0.5 0 -0.5 0
0.5 0 0 -0.5 0 0 0 0.5 0 0.5 0
0.5 0 0 -0.5 0 0 0 0.5 0 -0.5 0
0.5 0 0 -0.5 0 0 0 -0.5 0 0.5 0
0.5 0 0 -0.5 0 0 0 -0.5 0 -0.5 0
-0.5 0 0 0.5 0 0 0 0.5 0 0.5 0
-0.5 0 0 0.5 0 0 0 0.5 0 -0.5 0
-0.5 0 0 0.5 0 0 0 -0.5 0 0.5 0
-0.5 0 0 0.5 0 0 0 -0.5 0 -0.5 0
-0.5 0 0 -0.5 0 0 0 0.5 0 0.5 0
-0.5 0 0 -0.5 0 0 0 0.5 0 -0.5 0
-0.5 0 0 -0.5 0 0 0 -0.5 0 0.5 0
-0.5 0 0 -0.5 0 0 0 -0.5 0 -0.5 0
0.5 0 0 0 0.5 0 0.5 0 0 0.5 0
0.5 0 0 0 0.5 0 0.5 0 0 -0.5 0
0.5 0 0 0 0.5 0 -0.5 0 0 0.5 0
0.5 0 0 0 0.5 0 -0.5 0 0 -0.5 0
0.5 0 0 0 -0.5 0 0.5 0 0 0.5 0
0.5 0 0 0 -0.5 0 0.5 0 0 -0.5 0
0.5 0 0 0 -0.5 0 -0.5 0 0 0.5 0
0.5 0 0 0 -0.5 0 -0.5 0 0 -0.5 0
-0.5 0 0 0 0.5 0 0.5 0 0 0.5 0
-0.5 0 0 0 0.5 0 0.5 0 0 -0.5 0
-0.5 0 0 0 0.5 0 -0.5 0 0 0.5 0
-0.5 0 0 0 0.5 0 -0.5 0 0 -0.5 0
-0.5 0 0 0 -0.5 0 0.5 0 0 0.5 0
-0.5 0 0 0 -0.5 0 0.5 0 0 -0.5 0
-0.5 0 0 0 -0.5 0 -0.5 0 0 0.5 0
-0.5 0 0 0 -0.5 0 -0.5 0 0 -0.5 0
0 0.5 0.5 0 0 0 0.5 0 0 0.5 0
0 0.5 0.5 0 0 0 0.5 0 0 -0.5 0
0 0.5 0.5 0 0 0 -0.5 0 0 0.5 0
0 0.5 0.5 0 0 0 -0.5 0 0 -0.5 0
0 0.5 -0.5 0 0 0 0.5 0 0 0.5 0
0 0.5 -0.5 0 0 0 0.5 0 0 -0.5 0
0 0.5 -0.5 0 0 0 -0.5 0 0 0.5 0
0 0.5 -0.5 0 0 0 -0.5 0 0 -0.5 0
0 -0.5 0.5 0 0 0 0.5 0 0 0.5 0
0 -0.5 0.5 0 0 0 0.5 0 0 -0.5 0
0 -0.5 0.5 0 0 0 -0.5 0 0 0.5 0
0 -0.5 0.5 0 0 0 -0.5 0 0 -0.5 0
0 -0.5 -0.5 0 0 0 0.5 0 0 0.5 0
0 -0.5 -0.5 0 0 0 0.5 0 0 -0.5 0
0 -0.5 -0.5 0 0 0 -0.5 0 0 0.5 0
0 -0.5 -0.5 0 0 0 -0.5 0 0 -0.5 0
0 0.5 0 0.5 0.5 0 0 0 0 0.5 0
0 0.5 0 0.5 0.5 0 0 0 0 -0.5 0
0 0.5 0 0.5 -0.5 0 0 0 0 0.5 0
0 0.5 0 0.5 -0.5 0 0 0 0 -0.5 0
0 0.5 0 -0.5 0.5 0 0 0 0 0.5 0
0 0.5 0 -0.5 0.5 0 0 0 0 -0.5 0
0 0.5 0 -0.5 -0.5 0 0 0 0 0.5 0
0 0.5 0 -0.5 -0.5 0 0 0 0 -0.5 0
0 -0.5 0 0.5 0.5 0 0 0 0 0.5 0
0 -0.5 0 0.5 0.5 0 0 0 0 -0.5 0
0 -0.5 0 0.5 -0.5 0 0 0 0 0.5 0
0 -0.5 0 0.5 -0.5 0 0 0 0 -0.5 0
0 -0.5 0 -0.5 0.5 0 0 0 0 0.5 0
0 -0.5 0 -0.5 0.5 0 0 0 0 -0.5 0
0 -0.5 0 -0.5 -0.5 0 0 0 0 0.5 0
0 -0.5 0 -0.5 -0.5 0 0 0 0 -0.5 0
0 0.5 0 0 0 0.5 0 0.5 0 0.5 0
0 0.5 0 0 0 0.5 0 0.5 0 -0.5 0
0 0.5 0 0 0 0.5 0 -0.5 0 0.5 0
0 0.5 0 0 0 0.5 0 -0.5 0 -0.5 0
0 0.5 0 0 0 -0.5 0 0.5 0 0.5 0
0 0.5 0 0 0 -0.5 0 0.5 0 -0.5 0
0 0.5 0 0 0 -0.5 0 -0.5 0 0.5 0
0 0.5 0 0 0 -0.5 0 -0.5 0 -0.5 0
0 -0.5 0 0 0 0.5 0 0.5 0 0.5 0
0 -0.5 0 0 0 0.5 0 0.5 0 -0.5 0
0 -0.5 0 0 0 0.5 0 -0.5 0 0.5 0
0 -0.5 0 0 0 0.5 0 -0.5 0 -0.5 0
0 -0.5 0 0 0 -0.5 0 0.5 0 0.5 0
0 -0.5 0 0 0 -0.5 0 0.5 0 -0.5 0
0 -0.5 0 0 0 -0.5 0 -0.5 0 0.5 0
0 -0.5 0 0 0 -0.5 0 -0.5 0 -0.5 0
0 0 0.5 0 0.5 0 0 0.5 0 0.5 0
0 0 0.5 0 0.5 0 0 0.5 0 -0.5 0
0 0 0.5 0 0.5 0 0 -0.5 0 0.5 0
0 0 0.5 0 0.5 0 0 -0.5 0 -0.5 0
0 0 0.5 0 -0.5 0 0 0.5 0 0.5 0
0 0 0.5 0 -0.5 0 0 0.5 0 -0.5 0
0 0 0.5 0 -0.5 0 0 -0.5 0 0.5 0
0 0 0.5 0 -0.5 0 0 -0.5 0 -0.5 0
0 0 -0.5 0 0.5 0 0 0.5 0 0.5 0
0 0 -0.5 0 0.5 0 0 0.5 0 -0.5 0
0 0 -0.5 0 0.5 0 0 -0.5 0 0.5 0
0 0 -0.5 0 0.5 0 0 -0.5 0 -0.5 0
0 0 -0.5 0 -0.5 0 0 0.5 0 0.5 0
0 0 -0.5 0 -0.5 0 0 0.5 0 -0.5 0
0 0 -0.5 0 -0.5 0 0 -0.5 0 0.5 0
0 0 -0.5 0 -0.5 0 0 -0.5 0 -0.5 0
0 0 0 0.5 0 0.5 0.5 0 0 0.5 0
0 0 0 0.5 0 0.5 0.5 0 0 -0.5 0
0 0 0 0.5 0 0.5 -0.5 0 0 0.5 0
0 0 0 0.5 0 0.5 -0.5 0 0 -0.5 0
0 0 0 0.5 0 -0.5 0.5 0 0 0.5 0
0 0 0 0.5 0 -0.5 0.5 0 0 -0.5 0
0 0 0 0.5 0 -0.5 -0.5 0 0 0.5 0
0 0 0 0.5 0 -0.5 -0.5 0 0 -0.5 0
0 0 0 -0.5 0 0.5 0.5 0 0 0.5 0
0 0 0 -0.5 0 0.5 0.5 0 0 -0.5 0
0 0 0 -0.5 0 0.5 -0.5 0 0 0.5 0
0 0 0 -0.5 0 0.5 -0.5 0 0 -0.5 0
0 0 0 -0.5 0 -0.5 0.5 0 0 0.5 0
0 0 0 -0.5 0 -0.5 0.5 0 0 -0.5 0
0 0 0 -0.5 0 -0.5 -0.5 0 0 0.5 0
0 0 0 -0.5 0 -0.5 -0.5 0 0 -0.5 0
0.5 0 0.5 0 0 0 0.5 0 0 0 0.5
0.5 0 0.5 0 0 0 0.5 0 0 0 -0.5
0.5 0 0.5 0 0 0 -0.5 0 0 0 0.5
0.5 0 0.5 0 0 0 -0.5 0 0 0 -0.5
0.5 0 -0.5 0 0 0 0.5 0 0 0 0.5
0.5 0 -0.5 0 0 0 0.5 0 0 0 -0.5
0.5 0 -0.5 0 0 0 -0.5 0 0 0 0.5
0.5 0 -0.5 0 0 0 -0.5 0 0 0 -0.5
-0.5 0 0.5 0 0 0 0.5 0 0 0 0.5
-0.5 0 0.5 0 0 0 0.5 0 0 0 -0.5
-0.5 0 0.5 0 0 0 -0.5 0 0 0 0.5
-0.5 0 0.5 0 0 0 -0.5 0 0 0 -0.5
-0.5 0 -0.5 0 0 0 0.5 0 0 0 0.5
-0.5 0 -0.5 0 0 0 0.5 0 0 0 -0.5
-0.5 0 -0.5 0 0 0 -0.5 0 0 0 0.5
-0.5 0 -0.5 0 0 0 -0.5 0 0 0 -0.5
0.5 0 0 0.5 0 0.5 0 0 0 0 0.5
0.5 0 0 0.5 0 0.5 0 0 0 0 -0.5
0.5 0 0 0.5 0 -0.5 0 0 0 0 0.5
0.5 0 0 0.5 0 -0.5 0 0 0 0 -0.5
0.5 0 0 -0.5 0 0.5 0 0 0 0 0.5
0.5 0 0 -0.5 0 0.5 0 0 0 0 -0.5
0.5 0 0 -0.5 0 -0.5 0 0 0 0 0.5
0.5 0 0 -0.5 0 -0.5 0 0 0 0 -0.5
-0.5 0 0 0.5 0 0.5 0 0 0 0 0.5
-0.5 0 0 0.5 0 0.5 0 0 0 0 -0.5
-0.5 0 0 0.5 0 -0.5 0 0 0 0 0.5
-0.5 0 0 0.5 0 -0.5 0 0 0 0 -0.5
-0.5 0 0 -0.5 0 0.5 0 0 0 0 0.5
-0.5 0 0 -0.5 0 0.5 0 0 0 0 -0.5
-0.5 0 0 -0.5 0 -0.5 0 0 0 0 0.5
-0.5 0 0 -0.5 0 -0.5 0 0 0 0 -0.5
0.5 0 0 0 0.5 0 0 0.5 0 0 0.5
0.5 0 0 0 0.5 0 0 0.5 0 0 -0.5
0.5 0 0 0 0.5 0 0 -0.5 0 0 0.5
0.5 0 0 0 0.5 0 0 -0.5 0 0 -0.5
0.5 0 0 0 -0.5 0 0 0.5 0 0 0.5
0.5 0 0 0 -0.5 0 0 0.5 0 0 -0.5
0.5 0 0 0 -0.5 0 0 -0.5 0 0 0.5
0.5 0 0 0 -0.5 0 0 -0.5 0 0 -0.5
-0.5 0 0 0 0.5 0 0 0.5 0 0 0.5
-0.5 0 0 0 0.5 0 0 0.5 0 0 -0.5
-0.5 0 0 0 0.5 0 0 -0.5 0 0 0.5
-0.5 0 0 0 0.5 0 0 -0.5 0 0 -0.5
-0.5 0 0 0 -0.5 0 0 0.5 0 0 0.5
-0.5 0 0 0 -0.5 0 0 0.5 0 0 -0.5
-0.5 0 0 0 -0.5 0 0 -0.5 0 0 0.5
-0.5 0 0 0 -0.5 0 0 -0.5 0 0 -0.5
0 0.5 0.5 0 0.5 0 0 0 0 0 0.5
0 0.5 0.5 0 0.5 0 0 0 0 0 -0.5
0 0.5 0.5 0 -0.5 0 0 0 0 0 0.5
0 0.5 0.5 0 -0.5 0 0 0 0 0 -0.5
0 0.5 -0.5 0 0.5 0 0 0 0 0 0.5
0 0.5 -0.5 0 0.5 0 0 0 0 0 -0.5
0 0.5 -0.5 0 -0.5 0 0 0 0 0 0.5
0 0.5 -0.5 0 -0.5 0 0 0 0 0 -0.5
0 -0.5 0.5 0 0.5 0 0 0 0 0 0.5
0 -0.5 0.5 0 0.5 0 0 0 0 0 -0.5
0 -0.5 0.5 0 -0.5 0 0 0 0 0 0.5
0 -0.5 0.5 0 -0.5 0 0 0 0 0 -0.5
0 -0.5 -0.5 0 0.5 0 0 0 0 0 0.5
0 -0.5 -0.5 0 0.5 0 0 0 0 0 -0.5
0 -0.5 -0.5 0 -0.5 0 0 0 0 0 0.5
0 -0.5 -0.5 0 -0.5 0 0 0 0 0 -0.5
0 0.5 0 0.5 0 0 0 0.5 0 0 0.5
0 0.5 0 0.5 0 0 0 0.5 0 0 -0.5
0 0.5 0 0.5 0 0 0 -0.5 0 0 0.5
0 0.5 0 0.5 0 0 0 -0.5 0 0 -0.5
0 0.5 0 -0.5 0 0 0 0.5 0 0 0.5
0 0.5 0 -0.5 0 0 0 0.5 0 0 -0.5
0 0.5 0 -0.5 0 0 0 -0.5 0 0 0.5
0 0.5 0 -0.5 0 0 0 -0.5 0 0 -0.5
0 -0.5 0 0.5 0 0 0 0.5 0 0 0.5
0 -0.5 0 0.5 0 0 0 0.5 0 0 -0.5
0 -0.5 0 0.5 0 0 0 -0.5 0 0 0.5
0 -0.5 0 0.5 0 0 0 -0.5 0 0 -0.5
0 -0.5 0 -0.5 0 0 0 0.5 0 0 0.5
0 -0.5 0 -0.5 0 0 0 0.5 0 0 -0.5
0 -0.5 0 -0.5 0 0 0 -0.5 0 0 0.5
0 -0.5 0 -0.5 0 0 0 -0.5 0 0 -0.5
0 0.5 0 0 0 0.5 0.5 0 0 0 0.5
0 0.5 0 0 0 0.5 0.5 0 0 0 -0.5
0 0.5 0 0 0 0.5 -0.5 0 0 0 0.5
0 0.5 0 0 0 0.5 -0.5 0 0 0 -0.5
0 0.5 0 0 0 -0.5 0.5 0 0 0 0.5
0 0.5 0 0 0 -0.5 0.5 0 0 0 -0.5
0 0.5 0 0 0 -0.5 -0.5 0 0 0 0.5
0 0.5 0 0 0 -0.5 -0.5 0 0 0 -0.5
0 -0.5 0 0 0 0.5 0.5 0 0 0 0.5
0 -0.5 0 0 0 0.5 0.5 0 0 0 -0.5
0 -0.5 0 0 0 0.5 -0.5 0 0 0 0.5
0 -0.5 0 0 0 0.5 -0.5 0 0 0 -0.5
0 -0.5 0 0 0 -0.5 0.5 0 0 0 0.5
0 -0.5 0 0 0 -0.5 0.5 0 0 0 -0.5
0 -0.5 0 0 0 -0.5 -0.5 0 0 0 0.5
0 -0.5 0 0 0 -0.5 -0.5 0 0 0 -0.5
0 0 0.5 0 0 0.5 0 0.5 0 0 0.5
0 0 0.5 0 0 0.5 0 0.5 0 0 -0.5
0 0 0.5 0 0 0.5 0 -0.5 0 0 0.5
0 0 0.5 0 0 0.5 0 -0.5 0 0 -0.5
0 0 0.5 0 0 -0.5 0 0.5 0 0 0.5
0 0 0.5 0 0 -0.5 0 0.5 0 0 -0.5
0 0 0.5 0 0 -0.5 0 -0.5 0 0 0.5
0 0 0.5 0 0 -0.5 0 -0.5 0 0 -0.5
0 0 -0.5 0 0 0.5 0 0.5 0 0 0.5
0 0 -0.5 0 0 0.5 0 0.5 0 0 -0.5
0 0 -0.5 0 0 0.5 0 -0.5 0 0 0.5
0 0 -0.5 0 0 0.5 0 -0.5 0 0 -0.5
0 0 -0.5 0 0 -0.5 0 0.5 0 0 0.5
0 0 -0.5 0 0 -0.5 0 0.5 0 0 -0.5
0 0 -0.5 0 0 -0.5 0 -0.5 0 0 0.5
0 0 -0.5 0 0 -0.5 0 -0.5 0 0 -0.5
0 0 0 0.5 0.5 0 0.5 0 0 0 0.5
0 0 0 0.5 0.5 0 0.5 0 0 0 -0.5
0 0 0 0.5 0.5 0 -0.5 0 0 0 0.5
0 0 0 0.5 0.5 0 -0.5 0 0 0 -0.5
0 0 0 0.5 -0.5 0 0.5 0 0 0 0.5
0 0 0 0.5 -0.5 0 0.5 0 0 0 -0.5
0 0 0 0.5 -0.5 0 -0.5 0 0 0 0.5
0 0 0 0.5 -0.5 0 -0.5 0 0 0 -0.5
0 0 0 -0.5 0.5 0 0.5 0 0 0 0.5
0 0 0 -0.5 0.5 0 0.5 0 0 0 -0.5
0 0 0 -0.5 0.5 0 -0.5 0 0 0 0.5
0 0 0 -0.5 0.5 0 -0.5 0 0 0 -0.5
0 0 0 -0.5 -0.5 0 0.5 0 0 0 0.5
0 0 0 -0.5 -0.5 0 0.5 0 0 0 -0.5
0 0 0 -0.5 -0.5 0 -0.5 0 0 0 0.5
0 0 0 -0.5 -0.5 0 -0.5 0 0 0 -0.5
0.5 0.5 0 0 0 0 0 0 0.5 0.35355339059327379 0.35355339059327379
0.5 0.5 0 0 0 0 0 0 0.5 -0.35355339059327379 -0.35355339059327379
0.5 0.5 0 0 0 0 0 0 0 0.5 -0.5
0.5 0.5 0 0 0 0 0 0 0 -0.5 0.5
0.5 -0.5 0 0 0 0 0 0 0.5 0.35355339059327379 0.35355339059327379
0.5 -0.5 0 0 0 0 0 0 0.5 -0.35355339059327379 -0.35355339059327379
0.5 -0.5 0 0 0 0 0 0 0 0.5 -0.5
0.5 -0.5 0 0 0 0 0 0 0 -0.5 0.5
-0.5 0.5 0 0 0 0 0 0 0.5 0.35355339059327379 0.35355339059327379
-0.5 0.5 0 0 0 0 0 0 0.5 -0.35355339059327379 -0.35355339059327379
-0.5 0.5 0 0 0 0 0 0 0 0.5 -0.5
-0.5 0.5 0 0 0 0 0 0 0 -0.5 0.5
-0.5 -0.5 0 0 0 0 0 0 0.5 0.35355339059327379 0.35355339059327379
-0.5 -0.5 0 0 0 0 0 0 0.5 -0.35355339059327379 -0.35355339059327379
-0.5 -0.5 0 0 0 0 0 0 0 0.5 -0.5
-0.5 -0.5 0 0 0 0 0 0 0 -0.5 0.5
0 0 0.5 0.5 0 0 0 0 0.5 0.35355339059327379 0.35355339059327379
0 0 0.5 0.5 0 0 0 0 0.5 -0.35355339059327379 -0.35355339059327379
0 0 0.5 0.5 0 0 0 0 0 0.5 -0.5
0 0 0.5 0.5 0 0 0 0 0 -0.5 0.5
0 0 0.5 -0.5 0 0 0 0 0.5 0.35355339059327379 0.35355339059327379
0 0 0.5 -0.5 0 0 0 0 0.5 -0.35355339059327379 -0.35355339059327379
0 0 0.5 -0.5 0 0 0 0 0 0.5 -0.5
0 0 0.5 -0.5 0 0 0 0 0 -0.5 0.5
0 0 -0.5 0.5 0 0 0 0 0.5 0.35355339059327379 0.35355339059327379
0 0 -0.5 0.5 0 0 0 0 0.5 -0.35355339059327379 -0.35355339059327379
0 0 -0.5 0.5 0 0 0 0 0 0.5 -0.5
0 0 -0.5 0.5 0 0 0 0 0 -0.5 0.5
0 0 -0.5 -0.5 0 0 0 0 0.5 0.35355339059327379 0.35355339059327379
0 0 -0.5 -0.5 0 0 0 0 0.5 -0.35355339059327379 -0.35355339059327379
0 0 -0.5 -0.5 0 0 0 0 0 0.5 -0.5
0 0 -0.5 -0.5 0 0 0 0 0 -0.5 0.5
0 0 0 0 0.5 0.5 0 0 0.5 0.35355339059327379 0.35355339059327379
0 0 0 0 0.5 0.5 0 0 0.5 -0.35355339059327379 -0.35355339059327379
0 0 0 0 0.5 0.5 0 0 0 0.5 -0.5
0 0 0 0 0.5 0.5 0 0 0 -0.5 0.5
0 0 0 0 0.5 -0.5 0 0 0.5 0.35355339059327379 0.35355339059327379
0 0 0 0 0.5 -0.5 0 0 0.5 -0.35355339059327379 -0.35355339059327379
0 0 0 0 0.5 -0.5 0 0 0 0.5 -0.5
0 0 0 0 0.5 -0.5 0 0 0 -0.5 0.5
0 0 0 0 -0.5 0.5 0 0 0.5 0.35355339059327379 0.35355339059327379
0 0 0 0 -0.5 0.5 0 0 0.5 -0.35355339059327379 -0.35355339059327379
0 0 0 0 -0.5 0.5 0 0 0 0.5 -0.5
0 0 0 0 -0.5 0.5 0 0 0 -0.5 0.5
0 0 0 0 -0.5 -0.5 0 0 0.5 0.35355339059327379 0.35355339059327379
0 0 0 0 -0.5 -0.5 0 0 0.5 -0.35355339059327379 -0.35355339059327379
0 0 0 0 -0.5 -0.5 0 0 0 0.5 -0.5
0 0 0 0 -0.5 -0.5 0 0 0 -0.5 0.5
0 0 0 0 0 0 0.5 0.5 0.5 0.35355339059327379 0.35355339059327379
0 0 0 0 0 0 0.5 0.5 0.5 -0.35355339059327379 -0.35355339059327379
0 0 0 0 0 0 0.5 0.5 0 0.5 -0.5
0 0 0 0 0 0 0.5 0.5 0 -0.5 0.5
0 0 0 0 0 0 0.5 -0.5 0.5 0.35355339059327379 0.35355339059327379
0 0 0 0 0 0 0.5 -0.5 0.5 -0.35355339059327379 -0.35355339059327379
0 0 0 0 0 0 0.5 -0.5 0 0.5 -0.5
0 0 0 0 0 0 0.5 -0.5 0 -0.5 0.5
0 0 0 0 0 0 -0.5 0.5 0.5 0.35355339059327379 0.35355339059327379
0 0 0 0 0 0 -0.5 0.5 0.5 -0.35355339059327379 -0.35355339059327379
0 0 0 0 0 0 -0.5 0.5 0 0.5 -0.5
0 0 0 0 0 0 -0.5 0.5 0 -0.5 0.5
0 0 0 0 0 0 -0.5 -0.5 0.5 0.35355339059327379 0.35355339059327379
0 0 0 0 0 0 -0.5 -0.5 0.5 -0.35355339059327379 -0.35355339059327379
0 0 0 0 0 0 -0.5 -0.5 0 0.5 -0.5
0 0 0 0 0 0 -0.5 -0.5 0 -0.5 0.5
0 0 0 0 0 0 0 0 1 0 0
0 0 0 0 0 0 0 0 0 0.70710678118654757 0.70710678118654757
0 0 0 0 0 0 0 0 0 -0.70710678118654757 -0.70710678118654757
0 0 0 0 0 0 0 0 0.5 0.85355339059327373 -0.14644660940672621
0 0 0 0 0 0 0 0 0.50000000000000011 -0.14644660940672624 0.85355339059327384
0 0 0 0 0 0 0 0 0.50000000000000011 0.14644660940672624 -0.85355339059327384
0 0 0 0 0 0 0 0 0.5 -0.85355339059327373 0.14644660940672621
0.4887475403232065 -0.019713918543919684 0.50599371675345506 -0.0024722478952516913 0.54295325524243088 -0.034495921269141742 0.054198810027638052 0.03695690192025846 -0.45178841912398426 -1.3962655215191645e-08 -0.017237883134668675
0.44181597406461748 0.1011495233402792 0.48686652145745912 -0.056079122327865105 -0.49788560603283982 -0.045065152824782753 0.14619857376536 0.10116175628561651 -0.52235512123996719 -4.5953369262700765e-07 -5.1730124022434069e-06
0.52427569203531554 -0.029932725596914626 -0.50069361242456145 -0.0031434953441446352 0.50306181258707672 -0.0024942704674839992 0.00032546536951819766 0.013313873836451526 -0.46862033994050084 -0.020893276368095383 0.0154508820897531
0.50332900566321848 0.031792738420052952 -0.52217445641402671 0.0018038514809643517 -0.50234131357646161 0.012306983130578646 0.031023143338166515 -0.0080603231754477755 -0.46792838760677863 -0.022087285137877374 0.0030383458598947461
-0.50334533134348292 -0.031853329854585596 0.52226256556551398 0.0018350046608255526 0.5022923077090703 0.012342877090305134 -0.031021209233328077 -0.0080220571606192878 -0.46785912318787914 -0.022120236314950418 0.0030407781899003681
-0.52967889868586071 0.042830471815957366 0.49331692887447759 -0.00094018259195848876 -0.50388246823323057 0.0027740515980623297 4.1758819204691261e-05 0.026180015897164562 -0.46768556671977202 -0.023395223691202879 0.019379906415966271
-0.45082829421529069 -0.10555309115626905 -0.48194538187488734 -0.047579991002661769 0.49840730168037267 -0.031123025312165677 -0.13666499883043431 0.10555170521541128 -0.52142134783057026 -7.3491071130074693e-07 -1.3635251834479796e-06
-0.4882846005269838 0.018089851140339428 -0.50638197899819426 -5.5700120169996848e-06 -0.54294807098593056 -0.036580019705067947 -0.054667625393606444 0.036575318239853348 -0.45171208176728239 -1.2370372636451475e-08 -0.018093752367902935
0.46339343182557485 8.3010799275473694e-06 -0.020655499763969697 0.44273800752144493 0.0345731756032489 -0.11055124167972111 0.53261975770600467 0.089895388088143333 -0.52806108931305962 -5.793973836683303e-11 -0.069228257557249345
0.4866760247028743 9.2999341816416113e-06 -0.018339968103331297 0.46834266455890772 -0.11253039927637892 -0.13088160044530614 -0.48669819398798142 0.11253884753091965 -0.51393777116054651 3.2709707869361803e-08 -7.7525632437355921e-06
0.49702395075066474 -0.045546546874367204 -0.041915620006076688 -0.49772565738647295 0.044752446104397534 -0.023402905647319564 0.54279913557648496 -2.2342124067186884e-06 -0.45190977649846836 0.0010622587154490797 4.1540607106078055e-05
0.51007670099937219 -0.025926372879374066 -0.00048262252972455284 -0.50357799320915919 -0.0015603570205626619 -0.028298278999797113 -0.50578160590896704 -0.0064992099346500741 -0.4783234087024576 0.0089773080542739688 0.0049171974941769276
-0.48328592673413012 -4.1013632201544143e-06 1.9734759673777017e-05 0.48326123268453131 0.11931850281202024 -0.11936266265678849 0.48329782961305651 0.11933481778609382 -0.5065484699424998 -8.235811738502837e-12 -1.743327748848849e-06
-0.46144174092320051 -7.0305986181783351e-06 0.021926087062060909 0.43950845018870199 -0.043845397341079298 -0.11440395004596943 -0.53199735484399313 0.092466912813714663 -0.53090978906641739 1.3937162147309847e-08 -0.070539962405988435
-0.51082568006925111 0.028842155404482511 -0.0032088639259523427 -0.50241014313330135 0.002967112636816243 -0.027502576220647442 0.50443291062990525 -0.0057043816170028894 -0.48006105462427157 0.0084613469744401083 0.0043010011089737532
-0.5053444198161261 0.048528294575321131 0.014693075987082638 -0.50626948270180594 -0.048145628106875817 -0.047024212227629786 -0.52338984241243358 -0.00036013937864286157 -0.45528067445334958 0.00046334221908301816 0.00055162502635010193
0.49998263378517743 -0.085957218913669545 -0.085957548522502786 0.051133338443298162 8.4270352342594361e-07 0.49995856129100474 1.2959242285845408e-07 0.49997795479871793 -0.48237836360525949 3.6625809877468066e-06 1.9360352549670378e-10
0.52882741874712003 -0.1481583523417975 0.11999753498483744 0.14816589193916838 -0.038468642821743504 0.36427796649459154 5.3532910106444382e-06 -0.40893077220464019 -0.59886701100288464 -5.5871902329611379e-11 0.044651731993321724
0.47605192349807396 0.0053466053569513191 0.015372483772802805 -0.079410919317433021 -3.185307046440044e-06 -0.53044650334819909 0.025022464732302682 0.5304393112232193 -0.45104112121159201 -1.9450047410505615e-07 4.3414041276447366e-07
0.50279820276395204 0.041950775879414884 0.042588128377562116 0.0077149784585324324 0.00097942563435958713 -0.54007635874883475 0.043751045943605453 -0.49528029590263695 -0.45233192675858919 2.5056001082134394e-05 0.0075166117139505127
-0.51211898995630711 0.061681972171170926 0.061672743410541797 0.052048998127275529 3.6453570003638059e-06 0.51210244542772954 -1.0984642051001208e-06 0.51211512737459741 -0.45045091921984382 3.1484278843660874e-06 3.3139757487074829e-10
-0.53455844037409028 0.14818173996015827 -0.10946784034140768 0.14864350683009522 0.030443733568883021 0.37272554443326417 -0.00046033988623125623 -0.40272067840476822 -0.59605084144543552 -4.157212121788658e-11 0.029990513055534084
-0.47862961736431003 -0.0084869375242220373 -0.01167679238517395 -0.077907896967599893 0.012257426745758707 -0.52936874126358446 -0.014921112122883702 0.52935910664030439 -0.45145371997000638 -1.1931776277289794e-07 7.9904164704552726e-07
-0.49889572503886997 0.0021951375203957853 -0.045786356983405156 0.0021721726516466056 0.043590283671144293 -0.54120122993820763 0.0019979006036228877 -0.49888803089471073 -0.45310593131714533 -1.8302320816147092e-11 -7.7828541371211992e-07
-0.00029282888450040014 0.48860637339755592 0.48861428522070693 0.10841234858670726 0.10839589667046259 -0.10842572312939966 -5.8271540507906695e-06 0.48887932903814424 -0.49825471680659994 3.5762840775281362e-06 1.4501430644759863e-07
0.0057515157999921147 0.50903582119261803 0.48747280881820726 -0.017669827801675916 0.0021468236903761538 0.00016735744668677725 0.0013993419763859156 -0.50589277716568881 -0.4963718293062685 -0.022488277212647654 -0.0090927503764965858
2.8956091478577466e-07 0.4581180216189249 -0.50665737412693801 0.12113644986372499 0.039820645396553604 -0.1211429828392441 2.8308960308635057e-06 0.45811180788980455 -0.5387654357826237 0.048540854998453585 1.9484190814324603e-11
0.070700646186449792 0.50759767860691929 -0.50730048712125642 -4.5789095681428558e-06 0.070642639720140912 -0.090780749089334214 0.01658319370961174 -0.48717201284132844 -0.47869523866636182 -2.5258711035989537e-09 -1.2809262528413897e-05
-6.2731517693900453e-07 -0.45435746764438484 0.513889401026697 0.11766529173146331 -0.024445289403195718 -0.11766257121643413 -2.8359026825851528e-06 0.45435432047058938 -0.53963588945826735 0.059540403597314773 -1.1114040192427282e-07
-0.098108986952857538 -0.49388520086030896 0.4938990519799924 -1.8207657946909165e-06 -0.098097904399241362 -0.10012319042224416 -0.0020088224542274755 -0.49186089380073489 -0.49085306882239782 -9.5796244482660066e-11 -1.3705890197220047e-06
0.0078492470095681711 -0.48296374974444245 -0.48296982112445236 0.11213890586530585 -0.11213505998509855 -0.11215228710750939 4.2818654897765362e-06 0.49079217545904413 -0.50479704508741752 2.8362693289013066e-06 1.4847479902936022e-07
-0.010794265270270241 -0.50619820615534594 -0.49657569080034353 -0.0070050334081344801 -0.001354350978520893 0.0035559847117261727 -0.005146829493493754 -0.50160291851438765 -0.49532472732150018 -0.0034377793017479038 -0.0023477442411831586
0.084826526537585878 0.50049144738587636 5.7523612365253423e-06 0.5005968824427115 0.032235673638586912 0.46834782982103168 -0.11696657194709004 0.084823698195649513 -0.5004502629249078 4.1481045318689437e-07 -1.1320741322045033e-06
-0.022145202785444986 0.47637084871743007 0.020124225191590975 0.53025411736888195 -0.0052649047310969451 -0.53025441628712533 -0.011731352512409145 -0.079277050098217769 -0.45098342601568164 -9.2956301525675395e-07 1.8355284761853454e-07
0.13897481250316696 0.52975452798593681 -0.0036064402219226606 -0.41358473441180033 -0.073089612882074342 0.34409085303090037 0.046745596646374322 0.1425741650399599 -0.61473464533223277 -0.069490779628183549 -1.5125845465151768e-07
-0.025231298165953445 0.47678699139121439 0.022504530539214793 -0.51760224090950635 0.002820048476345793 -0.54294396260360589 -0.025321107844782979 -0.066131294058224363 -0.45145143857180264 5.0920753021184621e-06 7.4644123940717199e-05
-0.081806665520749333 -0.50053914129995081 -3.3020132490480306e-06 0.5035726143153334 -0.038442081744093914 0.46511956772330176 0.11721888932529179 0.081802802505620276 -0.50093601104334529 8.2020132458386811e-07 -1.6585820968206512e-06
0.014896193777472014 -0.47769222939059813 -0.011959130912558404 0.52967145524935577 0.014594852415796743 -0.5296723771177545 0.020770992632867812 -0.078538171801896692 -0.45114061079423567 -1.1141333148814858e-06 2.0638446789311742e-07
-0.14115805113474442 -0.53153059111756862 3.0837899897411195e-07 -0.41322834429305061 0.070422177986245837 0.34250427229383418 -0.026063824150535257 0.14115143413404657 -0.61556270282469139 -0.070732027331737543 -4.2121947210274515e-07
0.04541322689258679 -0.47221672364028677 -0.020131787990385511 -0.49752311806847732 -0.025278418856382458 -0.54294617727474559 0.045399216306847297 -0.070715106227956487 -0.47383878889197378 3.3922214579895527e-06 2.1362893889849523e-08
0.0059106963221211162 0.50616896728348171 0.0018454706908366176 -0.0033673538027622412 0.52426705724657385 -0.017610262523771826 0.50146399387842766 -0.012644197998045899 -0.46330363470922808 -0.033008823956588926 0.034804790489567028
-0.0095958525335621912 0.50272607746152009 -0.0024280593006149528 -0.037556685653132062 0.49505221316685288 -0.029611755955458119 -0.53256362785103761 0.0097982223937007219 -0.46398655362733576 -0.028239589448680328 0.0018551177295636561
-0.079231774748099143 0.4637136659816628 -0.083712452066214055 0.079233302013788059 -0.46817905304908009 -0.0747749583502898 0.53848086532441108 -0.0044814438469768618 -0.50064121414309959 1.8344162667961501e-06 1.1933919930342529e-06
-0.0089843890876012741 0.51845648707617908 -4.4177711851652718e-05 0.029529882962980186 -0.52811618813379824 -0.026499007400231117 -0.49076365620579709 -0.037181847358944094 -0.45523483886781307 -0.0050000376592453741 0.033852848308509598
0.014649664475447525 -0.50473049661783098 0.00014718912916276907 0.038209004281355596 0.54294706945057258 -0.023560783254765919 0.49163440011928561 -0.027763974756329322 -0.45340831072745896 8.4304620775235786e-06 0.013100180403296944
0.079059369303265015 -0.46387490612551169 0.079080963006665561 0.053147303780053744 0.46387825139096639 -0.079066284180184618 -0.54294900605154639 -2.4910227593533111e-05 -0.50325254075471482 2.58979681860377e-06 4.090985613126536e-10
0.0093111113920919635 -0.50271329479013205 0.0021998801684220675 -0.037794218366138499 -0.49503161330566081 -0.029856586719496127 0.53263333302056182 0.0097553422855706715 -0.46389071841814206 -0.028645662078855345 0.0017559471945471767
-0.0057643386126361397 -0.50617083018162368 -0.0017791998458363712 -0.0033189786426579384 -0.52435693037687503 -0.017663338686128599 -0.50141476102408011 -0.012898378004235041 -0.46323642217325972 -0.033034245609636761 0.03491594185507977
-0.016411102467108672 0.0069847897531070307 0.50516768293767422 -0.0098688172954295734 0.032699157201909142 0.49700344184920248 0.51504656124085024 -0.0032882018334409384 -0.48065023773965365 -0.00016197495623514977 3.3232916546876775e-05
-0.010516930680840274 -0.003608037576554415 0.5110202128849467 -0.012729671659046008 -0.01284615706076413 0.49193825746380448 -0.51194254762473757 0.00098953706956690776 -0.48406420550013379 0.00020091510939337332 0.00023268680064152946
-0.056240322616191503 -0.0014266770044577104 0.49459919431537708 -0.042755176182822256 0.013488025755513312 -0.53505727473691778 0.50808573229357012 -0.029276447785294486 -0.45185804912080724 -2.9736396154945712e-07 0.026953482124949711
0.04460501592378862 0.056206112268101877 0.52987764142990734 -0.016662435189870789 -0.026951455241811747 -0.51134020349404818 -0.49603163200826317 -0.042086344929611934 -0.45142632389353293 2.5802205151441713e-09 0.0019398270634387886
0.012920197314713673 0.0055585381729748211 -0.51146739709019207 -0.012473383738504313 0.013292876378679286 0.49194652276127038 0.51104209176855353 0.0022638164506000088 -0.48444825655620705 0.00049696808097655324 0.00031790812751448394
0.020065184755762931 -0.0074612064766749198 -0.5042061126384314 -0.010084267186240638 -0.030848809344395791 0.49540915712335321 -0.51446097924447676 -0.0033410139289920451 -0.48389307507364376 0.00065132815707220177 0.00038264931012243662
-0.041522120683670533 -0.041575717627110577 -0.5429354736963905 -0.0086852183268547305 0.034280598918802613 -0.49996676749756574 0.49480111498266666 -0.03942864044327174 -0.45183620631069926 -1.4436346059441e-05 0.0035163761556265142
0.029525465698383494 0.016462832906030567 -0.49765698951600518 -0.045287993714696939 -9.1819128932969861e-06 -0.54294432133444692 -0.49765761090546834 -0.045285208734385095 -0.45237302797884882 -7.2626920900246544e-07 6.2167484950139681e-10
0.069835288743139406 -0.045416466031936484 -0.025026496533787353 0.52023480929484567 0.52024139115963963 0.020410980750952521 -0.044813165362094558 0.49583309514642815 -0.4504036006575981 -1.1341372160438156e-07 3.6591564503082477e-11
0.027006514960955765 0.0065040078224968623 0.00014557790236131908 0.50816559499260272 0.5331960226505531 -0.028653740227581229 1.9117422012028759e-07 -0.49061204301054662 -0.46318180914076768 -0.018918082637249655 0.01677970764926516
-0.054258805542988675 0.062333623596521608 0.040689679688209419 0.50495527182163347 -0.51305575969757733 0.027207723355108123 0.021670300161484003 0.5185940260201124 -0.45069782103765116 -0.0055371858196166142 1.8523873585779551e-07
-0.036041712631346548 -0.0049683368414312297 -0.00038225019151166329 0.50963665173382977 -0.53611541264234408 -0.033421732643974973 2.9127059621519724e-05 -0.48945368158410962 -0.45850340069189377 -0.018722375404186684 0.016404168278959946
0.022245999661644388 0.065047931573345111 0.037396999515270889 -0.48896227705913803 0.53188865458665369 -0.027647883533008271 0.0097428118783817793 0.51661593473435041 -0.45155864950036662 1.7545494742722158e-06 0.015137088531430564
0.0071790581816654651 -6.8068823141158462e-06 0.00095876564898888486 -0.35591279570352918 0.48420310413429585 -0.099529371454048943 0.0062297301775831671 -0.35497268960711054 -0.62058642402071618 0.24572469932686403 -0.23950433069530017
-0.029049787040391902 -0.064168628523440824 -0.036515045498196508 -0.48798484816362436 -0.52895262858170289 -0.032450331820335201 -0.0040651001147959543 0.52043084489073688 -0.4514551353536464 4.8822140652067211e-06 0.0074498636853360441
-0.014455092528066678 -1.470895075663662e-05 -1.4427996424923377e-05 -0.33982327827527919 -0.47006749830493433 -0.074537731669951951 -0.014460907602469552 -0.33983200091122989 -0.63053209680184197 0.27594220166133099 -0.26149977545978575
0.49255008538307649 0.48104217687980799 -8.906491163494317e-06 0.11178642006419881 0.0095928872419513214 -0.1020108282491711 -0.017761758805294344 -0.034604690802459682 -0.4542933967093335 -0.4003069713261459 -0.36722918567107243
0.52844906181788487 0.45921217054804347 -0.005108283910318397 0.066801486172676033 0.019244828594254828 -0.052976627189710239 0.034966256965158149 0.0089172460808190183 -0.46636273404851347 0.40701849588730815 0.34313253970084939
0.46439495510150969 -0.5281276724532542 0.00022381486848640727 -0.051261605107864046 0.0092611778957759679 -0.057364647124171435 0.00028875135767028766 0.069035578927657257 -0.45964497050421083 -0.3403735025360981 -0.40929280250771055
0.48321713999034077 -0.49883208728312889 -0.017054465970851598 -0.06618380077439219 0.0047350065642872575 -0.078160413245318638 -0.00028646005613526077 0.089893297963028196 -0.45588634272535994 0.40659585760762618 0.35444560591260738
-0.45486725537552047 0.52796238024963338 -0.028098248293588046 -0.027752123127182456 -0.00055257788096147874 -0.075887281344865207 -0.0005915799160298382 0.072671239318467085 -0.46611867480712066 -0.34111075929682055 -0.41003414518542247
-0.47198935418961729 0.51389771298023801 0.0099781983184082951 -0.065194723071558394 -0.00089534382058852784 -0.080823938454836777 8.3955365213147828e-05 0.080685784092523805 -0.45605670551971716 0.34723658908228577 0.40887747901939403
-0.50702937236308276 -0.47001474251842706 -0.00010508247878169418 0.1038469849339187 -0.00075885506948928326 -0.10303239303415905 0.021821756930100127 -0.055140859885096705 -0.45159780041321351 -0.40236369161068369 -0.36228867358760508
-0.52886813908672092 -0.45911444958003006 0.0020283093968053072 0.069105102140480462 -0.022819644733264016 -0.04838039180747538 -0.029360791446756587 0.0044380945870683749 -0.46682220631557492 0.40575376983584721 0.34413738414248984
-0.011300353693118147 0.012766838144080504 0.50483266757740108 0.52865750899969033 0.00010218185143884937 0.024759256893641099 2.8418749146060434e-05 -0.025271444910059997 -0.46827287271696705 -0.35910346491635126 -0.34042336282794622
-0.031080215934211362 0.042320822184722565 0.50063339978774812 0.47830459175460255 0.0055432238852230137 0.063219065350040043 0.00018947036249678103 -0.074526378639381163 -0.47917186382085747 0.33444819653965907 0.40840056182311751
-0.006256455656289254 0.0035447516953643478 0.51029728952766085 -0.50233650854991507 0.004764784931859784 -0.014894445839185443 -0.0010377743778323351 -0.014548644169984144 -0.48224309881964572 -0.3429202347960752 -0.36958492727616177
-5.6325010669767411e-05 -0.0078064635082328287 0.50980705045437047 -0.50997257217830627 0.0089805240158618242 0.00078202817732160308 -0.0015069531089221611 -0.0043306333330922174 -0.48889716763262153 0.35666635189735257 0.33709077282012861
0.011234271277993946 -0.012960670618449169 -0.50472702134685488 0.52875194287967953 -0.00012224308564391366 0.0247480778910215 -3.6857998914890152e-05 -0.025451881958599244 -0.46814764359137945 -0.3590991651120421 -0.34059230826388742
0.02585315165224546 -0.032424950158887571 -0.4777928429789351 0.51740609964087114 0.010235774239700604 0.043330136310713509 -0.00023291945955670253 -0.059447838517172807 -0.46784232744733045 0.34198811304149135 0.40116889218074059
0.0073615158748120543 0.00058233047717216077 -0.51291864858872249 -0.49924120740462952 -0.0048177645446155016 -0.013274396740885791 -0.00079458983164499295 -0.016417715095161652 -0.48447363425777856 -0.34170102266595476 -0.3683398720562836
-0.0045338580750524183 0.015582602839595042 -0.50891822117469154 -0.50902083312088786 -0.0074245269515968897 0.0012376522335380217 0.0010271349329633959 -0.0051942713519579535 -0.48962411025323355 0.3579549056193293 0.33717723467374816
0.0045147004238597268 0.0088035942674418253 -3.2068478796185911e-05 0.012266075989804255 0.5160600453019436 0.50247531269089274 0.0017048987310367906 -0.0072631199454170955 -0.48543872224786677 -0.33996548719180819 -0.36009623881456748
0.005001715310069735 0.002048533377651636 -0.0073360716291604932 -0.0090692204427217094 0.51421013558088302 0.50455188621902081 7.0869201566391618e-05 0.0092072090166819432 -0.49058712207803867 0.35629325725362698 0.33636982771015167
0.014474766424364842 -0.018870011219896583 -6.3202015755888384e-05 0.039979958572003885 0.500114914407638 -0.52953646501852691 7.6317937296276544e-05 0.043888882315617571 -0.45966074724500455 -0.37294122181000106 -0.33913538599800602
-0.015220624183064845 -0.010211397794108241 3.5687013102994268e-05 0.058339173520305487 0.48062478902417072 -0.52673616272801782 5.9409541020536923e-05 0.054806927173047644 -0.46307218836221548 0.37721436634005245 0.35788139649954415
0.0068148969977752201 -0.00026081043605780157 -0.0010145314034852217 0.023626610738458061 -0.50775238041889159 0.50247306124769919 -0.0026950680834929089 -0.0095576348321362893 -0.48560001374809736 -0.34109143710020701 -0.36993679521830514
0.00246079773163028 0.0048014522548015309 -0.015898109743900459 -0.00095550671114902298 -0.50607316443110228 0.50426975643651861 0.00022456941933268247 0.018220073177494051 -0.48840357869133638 0.36732834250554786 0.33988086772575898
0.025606592223144799 -0.025298826666656633 -8.7358348523037998e-05 0.052296735373408572 -0.53467853917284403 -0.48094692855960947 -3.5761630786856293e-05 0.055970366512570147 -0.45905585325028447 -0.39034192844521776 -0.33547942796356123
0.012043047442365645 0.0056692479122149647 -0.00034321167982311339 0.058072035879749198 -0.52423831377224595 -0.47578650148962764 -0.00053246395458121057 0.053281885135600136 -0.46253108147803296 0.34526016054419811 0.39909011297038827
-0.035459534362716552 -0.032944755087387048 0.00027311835096973953 -0.067809524782342576 -0.00029929153442376965 0.067393061154052414 0.50181783161522386 0.48466029310869641 -0.47086324834319221 -0.40643498110378085 -0.33896727817694772
0.0040869631127287203 0.0049772116772622632 2.7681491001777256e-05 -0.028031368423959757 -0.00098226817044237105 0.026326235814846784 0.49787885494751016 0.52290280466071903 -0.473686510886835 0.34464926739302076 0.36606830610547697
0.012211032358530487 0.0039916976373586023 6.7498862578237444e-05 -0.010079649517392866 0.0038053954278983093 0.0076502516585975257 0.51796196620478296 -0.5100376075462445 -0.48612559749139389 -0.33651239923698284 -0.34882473369960676
0.0049905285527240733 -0.0066315570487505398 -0.0061907698708630913 -0.022216882903945256 0.0053162055081100463 -0.0090201076002916804 0.50779756506284279 -0.5035522037986091 -0.48956080601733154 0.36619438756107753 0.33778436297796105
0.037840217706918582 0.028743693689461041 0.00012217840215656325 -0.066158339442377881 0.00019837698831902495 0.065898315292857529 -0.50382004765737132 0.48450282618938434 -0.4695283969621884 -0.40572510138497092 -0.33966887909414745
-0.0067196961176115141 -0.0049151359916471465 -2.4156048678927531e-05 -0.028014471813355361 0.0013463644634996918 0.026556002071923237 -0.49757893443738216 0.52285432599566251 -0.4738508760199534 0.34449237601710392 0.3664256403657582
-0.0084807033314286059 -0.003453090731416082 -0.00019017013263928248 -0.0059418335312556867 -0.0023179175648368475 0.0050636094141003236 -0.51876407222890708 -0.51470785913112338 -0.48385867614198108 -0.33632523390068952 -0.34434804352542714
0.0018614680798647548 0.0070757285286798663 -0.0065458137583734007 -0.023113718860393245 -0.0059300456690822845 -0.0065250362138922317 -0.50932428575625588 -0.50111020668282924 -0.487702019114783 0.36859686031689376 0.33919325405864686
0.00564601958246028 0.0013642320305134164 0.00030782289480302608 0.036943915613124517 0.0047588509518914444 -0.15471934712479729 -0.0014334180259592815 0.0062212675710692578 -0.96951483094549884 -0.13168029242544518 0.13153374071702542
0.023539929110259757 0.015797802331057046 0.00010002800626308434 0.050259672115647101 0.0097186366165714026 0.028299538364290989 1.6612569288852475e-05 0.048545600769506952 -0.46977313766889617 0.13415729905089238 -0.86875386811739808
-0.012764443406552431 -0.012024024660814136 -3.2763714110487982e-06 -0.09645430378246278 -7.2748069836722992e-06 0.096757561606326203 2.2091859592064099e-05 -0.096248292294441012 -0.44368455501971293 -0.8734450293669006 0.10954951099491535
-0.019187920161918736 0.020645145657983921 4.4453776399830897e-05 0.048532027141580718 0.0090984065738383205 0.025436960573159126 -3.3459086304185315e-05 0.049453714772352497 -0.46939663037046853 0.86897016248035897 -0.13502744599539906
-0.012171808698132556 -0.012470973246128799 -4.8896228713142054e-06 -0.096350497168215615 -7.4298437496742431e-06 0.096685886740278823 1.5999187049403141e-05 -0.096318178747116928 -0.44370839110177457 -0.10957020509502854 0.87344420819480839
-9.8872014120121105e-07 -1.3331602233971032e-07 -2.2261486027776482e-07 -0.54296347450355642 3.1182767744267196e-07 0.54295759374329677 -1.4431874083471375e-07 -0.54296147215296287 -0.3399714054250641 8.5765779251125781e-07 -6.4068544320190109e-07
