8069
8068
8063
8062
8029
8028
8023
8022
7859
7858
7853
7852
7819
7818
7813
7812
8059
8058
8057
8056
8035
8034
8033
8032
7849
7848
7847
7846
7825
7824
7823
7822
8051
8050
8049
8048
8043
8042
8041
8040
7841
7840
7839
7838
7833
7832
7831
7830
8019
8018
8017
8016
7979
7978
7977
7976
7905
7904
7903
7902
7865
7864
7863
7862
8013
8012
8007
8006
7989
7988
7983
7982
7899
7898
7893
7892
7875
7874
7869
7868
8005
8004
7999
7998
7997
7996
7991
7990
7891
7890
7885
7884
7883
7882
7877
7876
7969
7968
7967
7966
7965
7964
7963
7962
7919
7918
7917
7916
7915
7914
7913
7912
7957
7956
7955
7954
7945
7944
7943
7942
7939
7938
7937
7936
7927
7926
7925
7924
7811
7806
7810
7807
7738
7733
7737
7734
7098
7093
7097
7094
7025
7020
7024
7021
7667
7662
7666
7663
7610
7605
7609
7606
7226
7221
7225
7222
7169
7164
7168
7165
7555
7550
7554
7551
7514
7509
7513
7510
7322
7317
7321
7318
7281
7276
7280
7277
7475
7470
7474
7471
7450
7445
7449
7446
7386
7381
7385
7382
7361
7356
7360
7357
7941
7940
7423
7419
7412
7408
7422
7418
7413
7409