2 0 0 0 0 0 0 0 0 0 0
-2 0 0 0 0 0 0 0 0 0 0
0 2 0 0 0 0 0 0 0 0 0
0 -2 0 0 0 0 0 0 0 0 0
0 0 2 0 0 0 0 0 0 0 0
0 0 -2 0 0 0 0 0 0 0 0
0 0 0 2 0 0 0 0 0 0 0
0 0 0 -2 0 0 0 0 0 0 0
0 0 0 0 2 0 0 0 0 0 0
0 0 0 0 -2 0 0 0 0 0 0
0 0 0 0 0 2 0 0 0 0 0
0 0 0 0 0 -2 0 0 0 0 0
0 0 0 0 0 0 2 0 0 0 0
0 0 0 0 0 0 -2 0 0 0 0
0 0 0 0 0 0 0 2 0 0 0
0 0 0 0 0 0 0 -2 0 0 0
1 1 1 1 0 0 0 0 0 0 0
1 1 1 -1 0 0 0 0 0 0 0
1 1 -1 1 0 0 0 0 0 0 0
1 1 -1 -1 0 0 0 0 0 0 0
1 -1 1 1 0 0 0 0 0 0 0
1 -1 1 -1 0 0 0 0 0 0 0
1 -1 -1 1 0 0 0 0 0 0 0
1 -1 -1 -1 0 0 0 0 0 0 0
-1 1 1 1 0 0 0 0 0 0 0
-1 1 1 -1 0 0 0 0 0 0 0
-1 1 -1 1 0 0 0 0 0 0 0
-1 1 -1 -1 0 0 0 0 0 0 0
-1 -1 1 1 0 0 0 0 0 0 0
-1 -1 1 -1 0 0 0 0 0 0 0
-1 -1 -1 1 0 0 0 0 0 0 0
-1 -1 -1 -1 0 0 0 0 0 0 0
1 1 0 0 1 1 0 0 0 0 0
1 1 0 0 1 -1 0 0 0 0 0
1 1 0 0 -1 1 0 0 0 0 0
1 1 0 0 -1 -1 0 0 0 0 0
1 -1 0 0 1 1 0 0 0 0 0
1 -1 0 0 1 -1 0 0 0 0 0
1 -1 0 0 -1 1 0 0 0 0 0
1 -1 0 0 -1 -1 0 0 0 0 0
-1 1 0 0 1 1 0 0 0 0 0
-1 1 0 0 1 -1 0 0 0 0 0
-1 1 0 0 -1 1 0 0 0 0 0
-1 1 0 0 -1 -1 0 0 0 0 0
-1 -1 0 0 1 1 0 0 0 0 0
-1 -1 0 0 1 -1 0 0 0 0 0
-1 -1 0 0 -1 1 0 0 0 0 0
-1 -1 0 0 -1 -1 0 0 0 0 0
1 1 0 0 0 0 1 1 0 0 0
1 1 0 0 0 0 1 -1 0 0 0
1 1 0 0 0 0 -1 1 0 0 0
1 1 0 0 0 0 -1 -1 0 0 0
1 -1 0 0 0 0 1 1 0 0 0
1 -1 0 0 0 0 1 -1 0 0 0
1 -1 0 0 0 0 -1 1 0 0 0
1 -1 0 0 0 0 -1 -1 0 0 0
-1 1 0 0 0 0 1 1 0 0 0
-1 1 0 0 0 0 1 -1 0 0 0
-1 1 0 0 0 0 -1 1 0 0 0
-1 1 0 0 0 0 -1 -1 0 0 0
-1 -1 0 0 0 0 1 1 0 0 0
-1 -1 0 0 0 0 1 -1 0 0 0
-1 -1 0 0 0 0 -1 1 0 0 0
-1 -1 0 0 0 0 -1 -1 0 0 0
0 0 1 1 1 1 0 0 0 0 0
0 0 1 1 1 -1 0 0 0 0 0
0 0 1 1 -1 1 0 0 0 0 0
0 0 1 1 -1 -1 0 0 0 0 0
0 0 1 -1 1 1 0 0 0 0 0
0 0 1 -1 1 -1 0 0 0 0 0
0 0 1 -1 -1 1 0 0 0 0 0
0 0 1 -1 -1 -1 0 0 0 0 0
0 0 -1 1 1 1 0 0 0 0 0
0 0 -1 1 1 -1 0 0 0 0 0
0 0 -1 1 -1 1 0 0 0 0 0
0 0 -1 1 -1 -1 0 0 0 0 0
0 0 -1 -1 1 1 0 0 0 0 0
0 0 -1 -1 1 -1 0 0 0 0 0
0 0 -1 -1 -1 1 0 0 0 0 0
0 0 -1 -1 -1 -1 0 0 0 0 0
0 0 1 1 0 0 1 1 0 0 0
0 0 1 1 0 0 1 -1 0 0 0
0 0 1 1 0 0 -1 1 0 0 0
0 0 1 1 0 0 -1 -1 0 0 0
0 0 1 -1 0 0 1 1 0 0 0
0 0 1 -1 0 0 1 -1 0 0 0
0 0 1 -1 0 0 -1 1 0 0 0
0 0 1 -1 0 0 -1 -1 0 0 0
0 0 -1 1 0 0 1 1 0 0 0
0 0 -1 1 0 0 1 -1 0 0 0
0 0 -1 1 0 0 -1 1 0 0 0
0 0 -1 1 0 0 -1 -1 0 0 0
0 0 -1 -1 0 0 1 1 0 0 0
0 0 -1 -1 0 0 1 -1 0 0 0
0 0 -1 -1 0 0 -1 1 0 0 0
0 0 -1 -1 0 0 -1 -1 0 0 0
0 0 0 0 1 1 1 1 0 0 0
0 0 0 0 1 1 1 -1 0 0 0
0 0 0 0 1 1 -1 1 0 0 0
0 0 0 0 1 1 -1 -1 0 0 0
0 0 0 0 1 -1 1 1 0 0 0
0 0 0 0 1 -1 1 -1 0 0 0
0 0 0 0 1 -1 -1 1 0 0 0
0 0 0 0 1 -1 -1 -1 0 0 0
0 0 0 0 -1 1 1 1 0 0 0
0 0 0 0 -1 1 1 -1 0 0 0
0 0 0 0 -1 1 -1 1 0 0 0
0 0 0 0 -1 1 -1 -1 0 0 0
0 0 0 0 -1 -1 1 1 0 0 0
0 0 0 0 -1 -1 1 -1 0 0 0
0 0 0 0 -1 -1 -1 1 0 0 0
0 0 0 0 -1 -1 -1 -1 0 0 0
1 0 1 0 1 0 0 0 1 0 0
1 0 1 0 1 0 0 0 -1 0 0
1 0 1 0 -1 0 0 0 1 0 0
1 0 1 0 -1 0 0 0 -1 0 0
1 0 -1 0 1 0 0 0 1 0 0
1 0 -1 0 1 0 0 0 -1 0 0
1 0 -1 0 -1 0 0 0 1 0 0
1 0 -1 0 -1 0 0 0 -1 0 0
-1 0 1 0 1 0 0 0 1 0 0
-1 0 1 0 1 0 0 0 -1 0 0
-1 0 1 0 -1 0 0 0 1 0 0
-1 0 1 0 -1 0 0 0 -1 0 0
-1 0 -1 0 1 0 0 0 1 0 0
-1 0 -1 0 1 0 0 0 -1 0 0
-1 0 -1 0 -1 0 0 0 1 0 0
-1 0 -1 0 -1 0 0 0 -1 0 0
1 0 0 1 0 0 1 0 1 0 0
1 0 0 1 0 0 1 0 -1 0 0
1 0 0 1 0 0 -1 0 1 0 0
1 0 0 1 0 0 -1 0 -1 0 0
1 0 0 -1 0 0 1 0 1 0 0
1 0 0 -1 0 0 1 0 -1 0 0
1 0 0 -1 0 0 -1 0 1 0 0
1 0 0 -1 0 0 -1 0 -1 0 0
-1 0 0 1 0 0 1 0 1 0 0
-1 0 0 1 0 0 1 0 -1 0 0
-1 0 0 1 0 0 -1 0 1 0 0
-1 0 0 1 0 0 -1 0 -1 0 0
-1 0 0 -1 0 0 1 0 1 0 0
-1 0 0 -1 0 0 1 0 -1 0 0
-1 0 0 -1 0 0 -1 0 1 0 0
-1 0 0 -1 0 0 -1 0 -1 0 0
1 0 0 0 0 1 0 1 1 0 0
1 0 0 0 0 1 0 1 -1 0 0
1 0 0 0 0 1 0 -1 1 0 0
1 0 0 0 0 1 0 -1 -1 0 0
1 0 0 0 0 -1 0 1 1 0 0
1 0 0 0 0 -1 0 1 -1 0 0
1 0 0 0 0 -1 0 -1 1 0 0
1 0 0 0 0 -1 0 -1 -1 0 0
-1 0 0 0 0 1 0 1 1 0 0
-1 0 0 0 0 1 0 1 -1 0 0
-1 0 0 0 0 1 0 -1 1 0 0
-1 0 0 0 0 1 0 -1 -1 0 0
-1 0 0 0 0 -1 0 1 1 0 0
-1 0 0 0 0 -1 0 1 -1 0 0
-1 0 0 0 0 -1 0 -1 1 0 0
-1 0 0 0 0 -1 0 -1 -1 0 0
0 1 1 0 0 0 0 1 1 0 0
0 1 1 0 0 0 0 1 -1 0 0
0 1 1 0 0 0 0 -1 1 0 0
0 1 1 0 0 0 0 -1 -1 0 0
0 1 -1 0 0 0 0 1 1 0 0
0 1 -1 0 0 0 0 1 -1 0 0
0 1 -1 0 0 0 0 -1 1 0 0
0 1 -1 0 0 0 0 -1 -1 0 0
0 -1 1 0 0 0 0 1 1 0 0
0 -1 1 0 0 0 0 1 -1 0 0
0 -1 1 0 0 0 0 -1 1 0 0
0 -1 1 0 0 0 0 -1 -1 0 0
0 -1 -1 0 0 0 0 1 1 0 0
0 -1 -1 0 0 0 0 1 -1 0 0
0 -1 -1 0 0 0 0 -1 1 0 0
0 -1 -1 0 0 0 0 -1 -1 0 0
0 1 0 1 0 1 0 0 1 0 0
0 1 0 1 0 1 0 0 -1 0 0
0 1 0 1 0 -1 0 0 1 0 0
0 1 0 1 0 -1 0 0 -1 0 0
0 1 0 -1 0 1 0 0 1 0 0
0 1 0 -1 0 1 0 0 -1 0 0
0 1 0 -1 0 -1 0 0 1 0 0
0 1 0 -1 0 -1 0 0 -1 0 0
0 -1 0 1 0 1 0 0 1 0 0
0 -1 0 1 0 1 0 0 -1 0 0
0 -1 0 1 0 -1 0 0 1 0 0
0 -1 0 1 0 -1 0 0 -1 0 0
0 -1 0 -1 0 1 0 0 1 0 0
0 -1 0 -1 0 1 0 0 -1 0 0
0 -1 0 -1 0 -1 0 0 1 0 0
0 -1 0 -1 0 -1 0 0 -1 0 0
0 1 0 0 1 0 1 0 1 0 0
0 1 0 0 1 0 1 0 -1 0 0
0 1 0 0 1 0 -1 0 1 0 0
0 1 0 0 1 0 -1 0 -1 0 0
0 1 0 0 -1 0 1 0 1 0 0
0 1 0 0 -1 0 1 0 -1 0 0
0 1 0 0 -1 0 -1 0 1 0 0
0 1 0 0 -1 0 -1 0 -1 0 0
0 -1 0 0 1 0 1 0 1 0 0
0 -1 0 0 1 0 1 0 -1 0 0
0 -1 0 0 1 0 -1 0 1 0 0
0 -1 0 0 1 0 -1 0 -1 0 0
0 -1 0 0 -1 0 1 0 1 0 0
0 -1 0 0 -1 0 1 0 -1 0 0
0 -1 0 0 -1 0 -1 0 1 0 0
0 -1 0 0 -1 0 -1 0 -1 0 0
0 0 1 0 0 1 1 0 1 0 0
0 0 1 0 0 1 1 0 -1 0 0
0 0 1 0 0 1 -1 0 1 0 0
0 0 1 0 0 1 -1 0 -1 0 0
0 0 1 0 0 -1 1 0 1 0 0
0 0 1 0 0 -1 1 0 -1 0 0
0 0 1 0 0 -1 -1 0 1 0 0
0 0 1 0 0 -1 -1 0 -1 0 0
0 0 -1 0 0 1 1 0 1 0 0
0 0 -1 0 0 1 1 0 -1 0 0
0 0 -1 0 0 1 -1 0 1 0 0
0 0 -1 0 0 1 -1 0 -1 0 0
0 0 -1 0 0 -1 1 0 1 0 0
0 0 -1 0 0 -1 1 0 -1 0 0
0 0 -1 0 0 -1 -1 0 1 0 0
0 0 -1 0 0 -1 -1 0 -1 0 0
0 0 0 1 1 0 0 1 1 0 0
0 0 0 1 1 0 0 1 -1 0 0
0 0 0 1 1 0 0 -1 1 0 0
0 0 0 1 1 0 0 -1 -1 0 0
0 0 0 1 -1 0 0 1 1 0 0
0 0 0 1 -1 0 0 1 -1 0 0
0 0 0 1 -1 0 0 -1 1 0 0
0 0 0 1 -1 0 0 -1 -1 0 0
0 0 0 -1 1 0 0 1 1 0 0
0 0 0 -1 1 0 0 1 -1 0 0
0 0 0 -1 1 0 0 -1 1 0 0
0 0 0 -1 1 0 0 -1 -1 0 0
0 0 0 -1 -1 0 0 1 1 0 0
0 0 0 -1 -1 0 0 1 -1 0 0
0 0 0 -1 -1 0 0 -1 1 0 0
0 0 0 -1 -1 0 0 -1 -1 0 0
1 0 1 0 0 1 0 0 0 1 0
1 0 1 0 0 1 0 0 0 -1 0
1 0 1 0 0 -1 0 0 0 1 0
1 0 1 0 0 -1 0 0 0 -1 0
1 0 -1 0 0 1 0 0 0 1 0
1 0 -1 0 0 1 0 0 0 -1 0
1 0 -1 0 0 -1 0 0 0 1 0
1 0 -1 0 0 -1 0 0 0 -1 0
-1 0 1 0 0 1 0 0 0 1 0
-1 0 1 0 0 1 0 0 0 -1 0
-1 0 1 0 0 -1 0 0 0 1 0
-1 0 1 0 0 -1 0 0 0 -1 0
-1 0 -1 0 0 1 0 0 0 1 0
-1 0 -1 0 0 1 0 0 0 -1 0
-1 0 -1 0 0 -1 0 0 0 1 0
-1 0 -1 0 0 -1 0 0 0 -1 0
1 0 0 1 0 0 0 1 0 1 0
1 0 0 1 0 0 0 1 0 -1 0
1 0 0 1 0 0 0 -1 0 1 0
1 0 0 1 0 0 0 -1 0 -1 0
1 0 0 -1 0 0 0 1 0 1 0
1 0 0 -1 0 0 0 1 0 -1 0
1 0 0 -1 0 0 0 -1 0 1 0
1 0 0 -1 0 0 0 -1 0 -1 0
-1 0 0 1 0 0 0 1 0 1 0
-1 0 0 1 0 0 0 1 0 -1 0
-1 0 0 1 0 0 0 -1 0 1 0
-1 0 0 1 0 0 0 -1 0 -1 0
-1 0 0 -1 0 0 0 1 0 1 0
-1 0 0 -1 0 0 0 1 0 -1 0
-1 0 0 -1 0 0 0 -1 0 1 0
-1 0 0 -1 0 0 0 -1 0 -1 0
1 0 0 0 1 0 1 0 0 1 0
1 0 0 0 1 0 1 0 0 -1 0
1 0 0 0 1 0 -1 0 0 1 0
1 0 0 0 1 0 -1 0 0 -1 0
1 0 0 0 -1 0 1 0 0 1 0
1 0 0 0 -1 0 1 0 0 -1 0
1 0 0 0 -1 0 -1 0 0 1 0
1 0 0 0 -1 0 -1 0 0 -1 0
-1 0 0 0 1 0 1 0 0 1 0
-1 0 0 0 1 0 1 0 0 -1 0
-1 0 0 0 1 0 -1 0 0 1 0
-1 0 0 0 1 0 -1 0 0 -1 0
-1 0 0 0 -1 0 1 0 0 1 0
-1 0 0 0 -1 0 1 0 0 -1 0
-1 0 0 0 -1 0 -1 0 0 1 0
-1 0 0 0 -1 0 -1 0 0 -1 0
0 1 1 0 0 0 1 0 0 1 0
0 1 1 0 0 0 1 0 0 -1 0
0 1 1 0 0 0 -1 0 0 1 0
0 1 1 0 0 0 -1 0 0 -1 0
0 1 -1 0 0 0 1 0 0 1 0
0 1 -1 0 0 0 1 0 0 -1 0
0 1 -1 0 0 0 -1 0 0 1 0
0 1 -1 0 0 0 -1 0 0 -1 0
0 -1 1 0 0 0 1 0 0 1 0
0 -1 1 0 0 0 1 0 0 -1 0
0 -1 1 0 0 0 -1 0 0 1 0
0 -1 1 0 0 0 -1 0 0 -1 0
0 -1 -1 0 0 0 1 0 0 1 0
0 -1 -1 0 0 0 1 0 0 -1 0
0 -1 -1 0 0 0 -1 0 0 1 0
0 -1 -1 0 0 0 -1 0 0 -1 0
0 1 0 1 1 0 0 0 0 1 0
0 1 0 1 1 0 0 0 0 -1 0
0 1 0 1 -1 0 0 0 0 1 0
0 1 0 1 -1 0 0 0 0 -1 0
0 1 0 -1 1 0 0 0 0 1 0
0 1 0 -1 1 0 0 0 0 -1 0
0 1 0 -1 -1 0 0 0 0 1 0
0 1 0 -1 -1 0 0 0 0 -1 0
0 -1 0 1 1 0 0 0 0 1 0
0 -1 0 1 1 0 0 0 0 -1 0
0 -1 0 1 -1 0 0 0 0 1 0
0 -1 0 1 -1 0 0 0 0 -1 0
0 -1 0 -1 1 0 0 0 0 1 0
0 -1 0 -1 1 0 0 0 0 -1 0
0 -1 0 -1 -1 0 0 0 0 1 0
0 -1 0 -1 -1 0 0 0 0 -1 0
0 1 0 0 0 1 0 1 0 1 0
0 1 0 0 0 1 0 1 0 -1 0
0 1 0 0 0 1 0 -1 0 1 0
0 1 0 0 0 1 0 -1 0 -1 0
0 1 0 0 0 -1 0 1 0 1 0
0 1 0 0 0 -1 0 1 0 -1 0
0 1 0 0 0 -1 0 -1 0 1 0
0 1 0 0 0 -1 0 -1 0 -1 0
0 -1 0 0 0 1 0 1 0 1 0
0 -1 0 0 0 1 0 1 0 -1 0
0 -1 0 0 0 1 0 -1 0 1 0
0 -1 0 0 0 1 0 -1 0 -1 0
0 -1 0 0 0 -1 0 1 0 1 0
0 -1 0 0 0 -1 0 1 0 -1 0
0 -1 0 0 0 -1 0 -1 0 1 0
0 -1 0 0 0 -1 0 -1 0 -1 0
0 0 1 0 1 0 0 1 0 1 0
0 0 1 0 1 0 0 1 0 -1 0
0 0 1 0 1 0 0 -1 0 1 0
0 0 1 0 1 0 0 -1 0 -1 0
0 0 1 0 -1 0 0 1 0 1 0
0 0 1 0 -1 0 0 1 0 -1 0
0 0 1 0 -1 0 0 -1 0 1 0
0 0 1 0 -1 0 0 -1 0 -1 0
0 0 -1 0 1 0 0 1 0 1 0
0 0 -1 0 1 0 0 1 0 -1 0
0 0 -1 0 1 0 0 -1 0 1 0
0 0 -1 0 1 0 0 -1 0 -1 0
0 0 -1 0 -1 0 0 1 0 1 0
0 0 -1 0 -1 0 0 1 0 -1 0
0 0 -1 0 -1 0 0 -1 0 1 0
0 0 -1 0 -1 0 0 -1 0 -1 0
0 0 0 1 0 1 1 0 0 1 0
0 0 0 1 0 1 1 0 0 -1 0
0 0 0 1 0 1 -1 0 0 1 0
0 0 0 1 0 1 -1 0 0 -1 0
0 0 0 1 0 -1 1 0 0 1 0
0 0 0 1 0 -1 1 0 0 -1 0
0 0 0 1 0 -1 -1 0 0 1 0
0 0 0 1 0 -1 -1 0 0 -1 0
0 0 0 -1 0 1 1 0 0 1 0
0 0 0 -1 0 1 1 0 0 -1 0
0 0 0 -1 0 1 -1 0 0 1 0
0 0 0 -1 0 1 -1 0 0 -1 0
0 0 0 -1 0 -1 1 0 0 1 0
0 0 0 -1 0 -1 1 0 0 -1 0
0 0 0 -1 0 -1 -1 0 0 1 0
0 0 0 -1 0 -1 -1 0 0 -1 0
1 0 1 0 0 0 1 0 0 0 1
1 0 1 0 0 0 1 0 0 0 -1
1 0 1 0 0 0 -1 0 0 0 1
1 0 1 0 0 0 -1 0 0 0 -1
1 0 -1 0 0 0 1 0 0 0 1
1 0 -1 0 0 0 1 0 0 0 -1
1 0 -1 0 0 0 -1 0 0 0 1
1 0 -1 0 0 0 -1 0 0 0 -1
-1 0 1 0 0 0 1 0 0 0 1
-1 0 1 0 0 0 1 0 0 0 -1
-1 0 1 0 0 0 -1 0 0 0 1
-1 0 1 0 0 0 -1 0 0 0 -1
-1 0 -1 0 0 0 1 0 0 0 1
-1 0 -1 0 0 0 1 0 0 0 -1
-1 0 -1 0 0 0 -1 0 0 0 1
-1 0 -1 0 0 0 -1 0 0 0 -1
1 0 0 1 0 1 0 0 0 0 1
1 0 0 1 0 1 0 0 0 0 -1
1 0 0 1 0 -1 0 0 0 0 1
1 0 0 1 0 -1 0 0 0 0 -1
1 0 0 -1 0 1 0 0 0 0 1
1 0 0 -1 0 1 0 0 0 0 -1
1 0 0 -1 0 -1 0 0 0 0 1
1 0 0 -1 0 -1 0 0 0 0 -1
-1 0 0 1 0 1 0 0 0 0 1
-1 0 0 1 0 1 0 0 0 0 -1
-1 0 0 1 0 -1 0 0 0 0 1
-1 0 0 1 0 -1 0 0 0 0 -1
-1 0 0 -1 0 1 0 0 0 0 1
-1 0 0 -1 0 1 0 0 0 0 -1
-1 0 0 -1 0 -1 0 0 0 0 1
-1 0 0 -1 0 -1 0 0 0 0 -1
1 0 0 0 1 0 0 1 0 0 1
1 0 0 0 1 0 0 1 0 0 -1
1 0 0 0 1 0 0 -1 0 0 1
1 0 0 0 1 0 0 -1 0 0 -1
1 0 0 0 -1 0 0 1 0 0 1
1 0 0 0 -1 0 0 1 0 0 -1
1 0 0 0 -1 0 0 -1 0 0 1
1 0 0 0 -1 0 0 -1 0 0 -1
-1 0 0 0 1 0 0 1 0 0 1
-1 0 0 0 1 0 0 1 0 0 -1
-1 0 0 0 1 0 0 -1 0 0 1
-1 0 0 0 1 0 0 -1 0 0 -1
-1 0 0 0 -1 0 0 1 0 0 1
-1 0 0 0 -1 0 0 1 0 0 -1
-1 0 0 0 -1 0 0 -1 0 0 1
-1 0 0 0 -1 0 0 -1 0 0 -1
0 1 1 0 1 0 0 0 0 0 1
0 1 1 0 1 0 0 0 0 0 -1
0 1 1 0 -1 0 0 0 0 0 1
0 1 1 0 -1 0 0 0 0 0 -1
0 1 -1 0 1 0 0 0 0 0 1
0 1 -1 0 1 0 0 0 0 0 -1
0 1 -1 0 -1 0 0 0 0 0 1
0 1 -1 0 -1 0 0 0 0 0 -1
0 -1 1 0 1 0 0 0 0 0 1
0 -1 1 0 1 0 0 0 0 0 -1
0 -1 1 0 -1 0 0 0 0 0 1
0 -1 1 0 -1 0 0 0 0 0 -1
0 -1 -1 0 1 0 0 0 0 0 1
0 -1 -1 0 1 0 0 0 0 0 -1
0 -1 -1 0 -1 0 0 0 0 0 1
0 -1 -1 0 -1 0 0 0 0 0 -1
0 1 0 1 0 0 0 1 0 0 1
0 1 0 1 0 0 0 1 0 0 -1
0 1 0 1 0 0 0 -1 0 0 1
0 1 0 1 0 0 0 -1 0 0 -1
0 1 0 -1 0 0 0 1 0 0 1
0 1 0 -1 0 0 0 1 0 0 -1
0 1 0 -1 0 0 0 -1 0 0 1
0 1 0 -1 0 0 0 -1 0 0 -1
0 -1 0 1 0 0 0 1 0 0 1
0 -1 0 1 0 0 0 1 0 0 -1
0 -1 0 1 0 0 0 -1 0 0 1
0 -1 0 1 0 0 0 -1 0 0 -1
0 -1 0 -1 0 0 0 1 0 0 1
0 -1 0 -1 0 0 0 1 0 0 -1
0 -1 0 -1 0 0 0 -1 0 0 1
0 -1 0 -1 0 0 0 -1 0 0 -1
0 1 0 0 0 1 1 0 0 0 1
0 1 0 0 0 1 1 0 0 0 -1
0 1 0 0 0 1 -1 0 0 0 1
0 1 0 0 0 1 -1 0 0 0 -1
0 1 0 0 0 -1 1 0 0 0 1
0 1 0 0 0 -1 1 0 0 0 -1
0 1 0 0 0 -1 -1 0 0 0 1
0 1 0 0 0 -1 -1 0 0 0 -1
0 -1 0 0 0 1 1 0 0 0 1
0 -1 0 0 0 1 1 0 0 0 -1
0 -1 0 0 0 1 -1 0 0 0 1
0 -1 0 0 0 1 -1 0 0 0 -1
0 -1 0 0 0 -1 1 0 0 0 1
0 -1 0 0 0 -1 1 0 0 0 -1
0 -1 0 0 0 -1 -1 0 0 0 1
0 -1 0 0 0 -1 -1 0 0 0 -1
0 0 1 0 0 1 0 1 0 0 1
0 0 1 0 0 1 0 1 0 0 -1
0 0 1 0 0 1 0 -1 0 0 1
0 0 1 0 0 1 0 -1 0 0 -1
0 0 1 0 0 -1 0 1 0 0 1
0 0 1 0 0 -1 0 1 0 0 -1
0 0 1 0 0 -1 0 -1 0 0 1
0 0 1 0 0 -1 0 -1 0 0 -1
0 0 -1 0 0 1 0 1 0 0 1
0 0 -1 0 0 1 0 1 0 0 -1
0 0 -1 0 0 1 0 -1 0 0 1
0 0 -1 0 0 1 0 -1 0 0 -1
0 0 -1 0 0 -1 0 1 0 0 1
0 0 -1 0 0 -1 0 1 0 0 -1
0 0 -1 0 0 -1 0 -1 0 0 1
0 0 -1 0 0 -1 0 -1 0 0 -1
0 0 0 1 1 0 1 0 0 0 1
0 0 0 1 1 0 1 0 0 0 -1
0 0 0 1 1 0 -1 0 0 0 1
0 0 0 1 1 0 -1 0 0 0 -1
0 0 0 1 -1 0 1 0 0 0 1
0 0 0 1 -1 0 1 0 0 0 -1
0 0 0 1 -1 0 -1 0 0 0 1
0 0 0 1 -1 0 -1 0 0 0 -1
0 0 0 -1 1 0 1 0 0 0 1
0 0 0 -1 1 0 1 0 0 0 -1
0 0 0 -1 1 0 -1 0 0 0 1
0 0 0 -1 1 0 -1 0 0 0 -1
0 0 0 -1 -1 0 1 0 0 0 1
0 0 0 -1 -1 0 1 0 0 0 -1
0 0 0 -1 -1 0 -1 0 0 0 1
0 0 0 -1 -1 0 -1 0 0 0 -1
-3619341/200000000 -151/500000000 -52603/25000000 1558033/125000000 -499899249/500000000 -981704333/1000000000 -18096017/1000000000 -53/250000000 -914832863/1000000000 -255602699/500000000 968294737/1000000000
-600069/31250000 -1751/250000000 -494974693/500000000 -198088103/200000000 -1484799/1000000000 3831321/250000000 -299483/15625000 2437/1000000000 -954419157/1000000000 974640779/1000000000 -420968003/1000000000
11481/50000000 -23533/200000000 -241081/200000000 -133427/100000000 -113603/1000000000 75587/500000000 -20913/200000000 21659/250000000 -26659143/500000000 7503353/100000000 -99893991/50000000
-98572723/100000000 -986127389/1000000000 753873/1000000000 9424021/1000000000 -242219/500000000 -5423081/200000000 27007967/1000000000 -40857/200000000 -70515509/125000000 985690079/1000000000 -437183991/500000000
-6043859/1000000000 -57161/1000000000 -120343/200000000 -748813/250000000 999799943/1000000000 -993698407/1000000000 -11833/3125000 493913/500000000 -93883233/100000000 -443491873/1000000000 966856341/1000000000
-15035369/1000000000 -270913/125000000 -6194951/6250000 -495455739/500000000 3413189/1000000000 2648457/200000000 -8037621/500000000 -850169/1000000000 977568231/1000000000 -969479087/1000000000 74679661/200000000
-8823/25000000 -226243/500000000 -150029/1000000000 2069/7812500 358499/1000000000 13269/1000000000 -249626109/250000000 -998220517/1000000000 -672498229/1000000000 -499131149/500000000 -186708773/250000000
-108353/1000000000 -3697/31250000 547/25000000 -105807/1000000000 -31551/500000000 353377/1000000000 154461/250000000 226969/250000000 -67560481/1000000000 -1998174669/1000000000 2090819/40000000
17892061/1000000000 368761/40000000 -2382827/250000000 501891/200000000 -731641/500000000 -549613/20000000 -197372671/200000000 98379237/100000000 25916581/50000000 -960878717/1000000000 930074259/1000000000
-496093411/500000000 992189991/1000000000 403/62500000 -34999/1000000000 3841/100000000 283/62500000 -61/250000000 7951/500000000 -503683741/500000000 298570123/1000000000 -24072689/25000000
-1560863/1000000000 215397/1000000000 12641/15625000 54581/40000000 1786327/1000000000 50241/125000000 997619929/1000000000 -999788969/1000000000 468286511/1000000000 225819847/250000000 984866607/1000000000
-240601/100000000 1352329/62500000 -457337/1000000000 1007483/500000000 -249519997/250000000 977323769/1000000000 118471/1000000000 -23991403/1000000000 -185825181/200000000 -122066039/125000000 -48035223/100000000
5587/250000000 -24747/1000000000 4891/500000000 15513/200000000 110849/1000000000 313/15625000 -999018247/1000000000 -499511811/500000000 681705831/1000000000 200041603/200000000 734013223/1000000000
6936587/1000000000 28253847/1000000000 37373/25000000 -15063/1000000000 3124159/3125000 240694327/250000000 11456379/1000000000 -6399127/250000000 -257625361/500000000 242889499/250000000 -464369119/500000000
-1792861/500000000 16523/200000000 -995018319/1000000000 -49953489/50000000 783/50000000 -265859/200000000 -5102247/1000000000 17621/62500000 254592491/500000000 218342689/250000000 248710619/250000000
99384999/100000000 -7998089/8000000 769071/500000000 3879929/1000000000 -6563/500000000 58973/10000000 -5124911/1000000000 181623/250000000 -248498867/500000000 -461608267/500000000 -477840293/500000000
-639/1000000000 -89/1000000000 -329/500000000 867/1000000000 -463/1000000000 343/1000000000 499899/500000 249949949/250000000 -211924061/500000000 -906398947/1000000000 -499899501/500000000
-315417/1000000000 -63709/1000000000 45409/1000000000 122401/500000000 -9643/50000000 214033/500000000 -15602967/15625000 -99902003/100000000 -736375281/1000000000 999891329/1000000000 -340127037/500000000
-39641297/40000000 -495569279/500000000 24679/200000000 -399587/500000000 -5894893/1000000000 -2760819/500000000 -14453/25000000 347619/1000000000 -250188273/250000000 670227/3906250 501120481/500000000
-989266889/1000000000 -31086507/31250000 3234623/500000000 -2664993/1000000000 -1375087/500000000 -11928823/1000000000 2654743/500000000 -1972299/200000000 39505573/40000000 -5784461/20000000 -986094083/1000000000
2575391/250000000 -3929271/500000000 250573/125000000 -118281/6250000 829459/250000000 -4312143/250000000 -48948389/50000000 999680143/1000000000 -188900497/200000000 -970675363/1000000000 -227556323/500000000
492530551/500000000 998335873/1000000000 1624339/125000000 696843/500000000 31127/250000000 7926883/500000000 -16152593/1000000000 197/3906250 -984016521/1000000000 460014793/500000000 -93285387/200000000
-346649/200000000 60373/125000000 -83721/200000000 197/25000000 7998397/8000000 -997537689/1000000000 -1362101/1000000000 -849759/1000000000 476061557/500000000 -913186491/1000000000 514650647/1000000000
-9168167/1000000000 -289241/200000000 2538359/1000000000 1236581/250000000 91591/100000000 7646001/1000000000 494587987/500000000 999794241/1000000000 -465008357/500000000 -573427731/1000000000 909953603/1000000000
-331787/20000000 -105319/100000000 988009/200000000 8480817/1000000000 999653819/1000000000 -12278789/12500000 -8702383/500000000 -136493/1000000000 -489178581/500000000 224804129/250000000 -518964503/1000000000
30796747/31250000 -499893487/500000000 1629007/250000000 6923693/1000000000 19253/1000000000 14293571/1000000000 -6934393/500000000 424471/1000000000 49427443/100000000 471613887/500000000 472956329/500000000
-213719/1000000000 -64651/250000000 -14811/100000000 -105693/1000000000 -999726769/1000000000 -249843941/250000000 -23521/250000000 17863/100000000 -999309381/1000000000 87968781/100000000 -119719569/250000000
18603/1000000000 -137309/1000000000 -221751/1000000000 271811/1000000000 26347/500000000 26927/200000000 -498297919/500000000 -99646421/100000000 -1002600449/1000000000 -80784969/1000000000 1001060327/1000000000
-30049/125000000 -179703/1000000000 -324691/1000000000 -91571/1000000000 147697/500000000 151/625000 617059/1000000000 695117/1000000000 60204779/1000000000 79918091/40000000 -1055223/15625000
-7900227/500000000 -7/20000000 54109/15625000 11719409/1000000000 28223/25000000 14090929/1000000000 39360109/40000000 -199959291/200000000 -451116907/1000000000 -929099843/1000000000 -4911247/5000000
-1563329/500000000 1394287/125000000 495480603/500000000 990571467/1000000000 2396577/500000000 2653837/200000000 -2307829/200000000 -10851/50000000 -378250599/500000000 -346024619/500000000 248126909/250000000
10199969/500000000 12411333/500000000 -1679189/500000000 -2297737/200000000 -249935847/250000000 59515327/62500000 24453253/1000000000 -4538689/200000000 -35390839/62500000 233424609/250000000 -237041389/250000000
289837/1000000000 -388757/1000000000 -180843/200000000 467843/500000000 -19767/200000000 728997/1000000000 -199881213/200000000 -998342301/1000000000 149145479/200000000 -998201291/1000000000 42018529/62500000
-2672121/500000000 -1958311/1000000000 -53257/1000000000 7118621/1000000000 -99974361/100000000 -496275229/500000000 -924831/250000000 253493/200000000 -420906479/1000000000 -990777597/1000000000 -231362193/250000000
496126821/500000000 499762877/500000000 6192059/1000000000 -814271/500000000 74077/200000000 7426281/1000000000 -1721927/250000000 932423/1000000000 -224000063/500000000 -957762953/1000000000 -947745957/1000000000
-4773647/1000000000 1497059/1000000000 -199089179/200000000 498940111/500000000 -5280351/1000000000 134491/200000000 -47331/500000000 6179167/1000000000 -81138377/100000000 990763321/1000000000 -610962681/1000000000
488258911/500000000 -249936321/250000000 6894537/500000000 5704601/1000000000 61599/1000000000 23258517/1000000000 -23289373/1000000000 3701/200000000 965196097/1000000000 477380883/1000000000 -941339609/1000000000
-249029/1000000000 -116937/200000000 -145743/500000000 -12337/25000000 -49944453/50000000 24974401/25000000 689371/1000000000 -942313/1000000000 -37261051/40000000 37152919/100000000 199848971/200000000
-48677/40000000 -205311/125000000 2906253/1000000000 670009/1000000000 1237063/500000000 1279239/1000000000 996027043/1000000000 499887831/500000000 923450451/1000000000 574068981/1000000000 -908868523/1000000000
-11252017/1000000000 -278427/500000000 -11/62500000 1995401/250000000 -62486483/62500000 -197531969/200000000 -5344547/500000000 -271491/200000000 98856221/100000000 -179617643/200000000 490750567/1000000000
13240057/1000000000 3281667/100000000 332157/50000000 1818619/1000000000 199836827/200000000 4766647/5000000 2674349/100000000 -3869661/200000000 460275567/500000000 191485823/200000000 285622117/500000000
-297121/25000000 712689/500000000 -920627/1000000000 12362267/1000000000 805879/500000000 2339531/200000000 197570553/200000000 -998433683/1000000000 977123239/1000000000 124908291/250000000 -181376689/200000000
-7845073/1000000000 -50869/500000000 183483/50000000 4249997/1000000000 31243737/31250000 -247961799/250000000 -2376961/500000000 1002479/500000000 233505851/500000000 987020069/1000000000 453930523/500000000
-2217929/500000000 50831/7812500 -248486209/250000000 994608221/1000000000 230849/125000000 1894897/500000000 4990399/1000000000 3034769/1000000000 -993274763/1000000000 -61353121/250000000 123484071/125000000
20367891/1000000000 5648191/250000000 -10659193/1000000000 1040833/100000000 -249949381/250000000 478007617/500000000 21974603/1000000000 -21360053/1000000000 150819529/250000000 -921480169/1000000000 933425533/1000000000
-192086533/200000000 964794241/1000000000 16054331/1000000000 7679163/500000000 -114501/1000000000 -201259/200000000 66493/15625000 -1997/1953125 46026191/50000000 950322799/1000000000 -125817303/200000000
-2377777/500000000 3817733/1000000000 248257023/250000000 -995545281/1000000000 -1555813/1000000000 -246693/500000000 3367723/1000000000 -43247/1000000000 -62090899/62500000 -253124011/1000000000 492876817/500000000
-497331547/500000000 199091889/200000000 -9113/20000000 -2587491/1000000000 -3187/62500000 -332803/1000000000 1860017/500000000 -2099539/1000000000 -866573279/1000000000 -477870437/500000000 29803133/50000000
-4813839/125000000 1721/250000000 -61650417/62500000 -243668359/250000000 25407/200000000 7667477/200000000 -1484149/40000000 -181067/1000000000 58459073/62500000 568719949/1000000000 -467539047/500000000
-2768929/1000000000 -638821/250000000 -98013/250000000 4432403/1000000000 2069843/1000000000 12333/4000000 199168687/200000000 249607603/250000000 -248492569/250000000 115102837/125000000 -418919361/1000000000
2261357/1000000000 415019/200000000 -117811/250000000 437071/250000000 999620967/1000000000 198923673/200000000 215647/1000000000 -507843/1000000000 -498134821/500000000 73514641/250000000 4828187/5000000
-450683/10000000 107941/25000000 -486666773/500000000 -976194157/1000000000 1256219/250000000 5630873/125000000 -11977053/250000000 -2141603/1000000000 -455440233/500000000 -125305413/200000000 933286309/1000000000
1269159/1000000000 -1033417/1000000000 6819/125000000 120617/1000000000 57313/250000000 -14407/250000000 -68009/1000000000 124291/1000000000 48293529/1000000000 -15315309/200000000 1997949197/1000000000
-98657/1000000000 3767339/1000000000 498326119/500000000 -998085051/1000000000 2102811/1000000000 273081/100000000 110461/100000000 181127/500000000 300909359/500000000 31043319/31250000 813314937/1000000000
-976924527/1000000000 -489992861/500000000 216169/200000000 112353/1000000000 -37851/10000000 -38118371/1000000000 38923557/1000000000 -3724633/1000000000 -213901439/250000000 -488821967/500000000 -78501607/125000000
614561/250000000 689839/125000000 -497965249/500000000 497401813/500000000 2353837/500000000 702369/200000000 -92927/1000000000 877037/100000000 411237039/500000000 -61882303/62500000 601286359/1000000000
-2113049/1000000000 358931/125000000 -996125873/1000000000 248683189/250000000 670137/500000000 606141/100000000 -405539/500000000 7930111/1000000000 -594016939/1000000000 -993346231/1000000000 -102966343/125000000
9848841/1000000000 4978653/250000000 39511/1000000000 -86051/500000000 62380551/62500000 970947049/1000000000 10207357/1000000000 -20338181/1000000000 542704633/1000000000 -7665037/7812500 448033209/500000000
-261619/500000000 31511/250000000 197257/1000000000 25641/100000000 407123/1000000000 -134181/1000000000 2177069/1000000000 -2149939/1000000000 -1996637953/1000000000 -115108571/1000000000 -6651333/500000000
2995373/100000000 46351/20000000 4062001/500000000 309179/62500000 773159/1000000000 -3245457/100000000 -4908481/5000000 984481893/1000000000 231838197/250000000 979826339/1000000000 98990537/200000000
498742691/500000000 998837037/1000000000 -568489/1000000000 93179/125000000 822941/1000000000 2424069/1000000000 -1953161/1000000000 -330771/250000000 498620579/500000000 -181158287/200000000 13706837/31250000
-248133689/250000000 62051421/62500000 713/50000000 -51673/1000000000 -161533/500000000 -131831/500000000 26789/1000000000 -162539/500000000 25160567/25000000 -71515683/250000000 966674191/1000000000
-1968309/1000000000 305079/250000000 -497368201/500000000 995200587/1000000000 246099/500000000 -315177/1000000000 -252969/200000000 8288207/1000000000 19906687/20000000 220882151/1000000000 -495106021/500000000
-273887/15625000 -1/7812500 4452637/500000000 8623131/1000000000 181/500000000 8764263/500000000 61393461/62500000 -62485983/62500000 -237509979/250000000 944349759/1000000000 -61288739/125000000
16792643/1000000000 56731/7812500 -1322687/500000000 -1150639/1000000000 -17921/200000000 -23951067/1000000000 -997031503/1000000000 978513839/1000000000 -109891661/200000000 957637993/1000000000 -36409827/40000000
-129357/500000000 2376881/200000000 1929471/1000000000 -337361/1000000000 -498101549/500000000 39403963/40000000 1093011/125000000 -8966997/1000000000 934508207/1000000000 197449947/200000000 217307133/500000000
-6298749/500000000 -461707/500000000 10278841/1000000000 3183467/1000000000 164307/200000000 10846241/1000000000 197255791/200000000 499897109/500000000 244090387/250000000 -943883749/1000000000 213935321/500000000
999398987/1000000000 9995371/10000000 21237/1000000000 -319003/500000000 492953/1000000000 170783/1000000000 144501/500000000 74487/200000000 -186409411/200000000 -31387811/62500000 234681273/250000000
246621469/250000000 -999799941/1000000000 4909/800000 362739/62500000 -6441/100000000 2646989/200000000 -13259291/1000000000 53451/1000000000 -916018279/1000000000 977599241/1000000000 -240849337/500000000
974355459/1000000000 -4999/5000 1386893/200000000 8005851/1000000000 -43337/500000000 2534689/100000000 -6358659/250000000 8243/1000000000 -482863923/500000000 -97145869/200000000 14666429/15625000
601231/1000000000 15933/250000000 466341/1000000000 57553/250000000 999685657/1000000000 24977831/25000000 138701/200000000 103219/1000000000 993759281/1000000000 -34069981/100000000 -948032871/1000000000
195247/1000000000 21377/125000000 -53977/500000000 -104779/1000000000 -249713659/250000000 199663601/200000000 1120821/1000000000 -288233/250000000 917287399/1000000000 -203541347/500000000 -999257429/1000000000
-2598431/250000000 -1297537/1000000000 2872909/250000000 -99/100000000 -49971153/50000000 -988421643/1000000000 -1031223/125000000 -101779/125000000 416069943/1000000000 981531117/1000000000 470995801/500000000
-199959067/200000000 499892573/500000000 -17359/1000000000 1007/500000000 -947/250000000 1039/100000000 -10731/1000000000 513/250000000 -10430813/20000000 499884149/500000000 106748657/125000000
-1468249/500000000 -805307/500000000 19053/50000000 14551/20000000 999753137/1000000000 -994989273/1000000000 87499/500000000 2760459/1000000000 -115965073/250000000 -199286419/200000000 -447891499/500000000
-1707/1000000000 -17529/1000000000 -999673797/1000000000 -499834749/500000000 7617/1000000000 -781/200000000 -60911/1000000000 50237/1000000000 -473776671/1000000000 -220386747/250000000 -62491367/62500000
-16073027/1000000000 -5357/200000000 128303/62500000 12703043/1000000000 13167/100000000 15791719/1000000000 984095951/1000000000 -999392693/1000000000 -193433033/200000000 -523063409/1000000000 907244343/1000000000
-79413/50000000 -159149/200000000 -33401/1000000000 125159/62500000 427151/1000000000 659573/250000000 996781707/1000000000 199950543/200000000 1310273/3125000 914968767/1000000000 996963737/1000000000
-550029/250000000 3765937/1000000000 -498933193/500000000 99576147/100000000 -3145569/1000000000 2680911/1000000000 964313/1000000000 38117/31250000 37375093/62500000 39873143/40000000 203317833/250000000
-499889989/500000000 124970967/125000000 4903/500000000 2183/1000000000 -113/125000000 16849/500000000 -1903/1000000000 8983/250000000 510705059/1000000000 -124970287/125000000 -860558053/1000000000
1719/200000000 78163/500000000 51807/1000000000 61061/250000000 81397/1000000000 72087/1000000000 -995590871/1000000000 -199085717/200000000 501663737/500000000 3155647/50000000 -250907277/250000000
535573/1000000000 1525049/1000000000 315529/500000000 1480087/1000000000 -116453/250000000 -86509/500000000 257297/200000000 78129/500000000 1995991747/1000000000 25090359/200000000 3296447/200000000
1668077/1000000000 519231/200000000 199297629/200000000 -499416403/500000000 86153/62500000 -720579/500000000 -2549433/1000000000 1727609/1000000000 51500027/62500000 -989827417/1000000000 296051681/500000000
49351701/50000000 999086291/1000000000 -370659/1000000000 2282013/200000000 -9611/500000000 672447/50000000 -6380153/500000000 161909/250000000 227136567/250000000 512116507/1000000000 -969224609/1000000000
-161433/500000000 591/1000000000 24727931/25000000 494596751/500000000 -119827/500000000 18539/250000000 -1193881/250000000 5030431/1000000000 -85447297/125000000 -187922279/250000000 -7854493/7812500
1066417/100000000 6744737/200000000 4903607/1000000000 4309921/1000000000 124960717/125000000 477730593/500000000 27469439/1000000000 -7474293/500000000 -900773253/1000000000 -240434003/250000000 -590865533/1000000000
-678957/40000000 3811/500000000 4037871/500000000 8842353/1000000000 -26017/1000000000 2106129/125000000 245700321/250000000 -199959969/200000000 235892769/250000000 -968119983/1000000000 454096707/1000000000
794171/200000000 115911/40000000 -2819/500000000 11993/250000000 2207/200000000 -204127/25000000 -124402947/125000000 498017287/500000000 953178801/1000000000 -22504771/62500000 -123689981/125000000
-658709/125000000 1356693/250000000 62047283/62500000 -993176883/1000000000 -551/100000000 147201/200000000 5144101/1000000000 540699/100000000 996008409/1000000000 110837751/500000000 -49667593/50000000
999739069/1000000000 39991389/40000000 -52979/1000000000 -11313/1000000000 13293/200000000 5823/1000000000 57869/1000000000 -6719/500000000 452216153/1000000000 476702891/500000000 235514099/250000000
-46309/7812500 -124623/125000000 49854373/50000000 -995493013/1000000000 -159/625000 5721111/1000000000 -13413/200000000 5258059/1000000000 -587228469/1000000000 -989832717/1000000000 -830727151/1000000000
-9944917/1000000000 -40821/1000000000 998607169/1000000000 -247751773/250000000 -463949/200000000 742913/500000000 -181947/200000000 4537953/500000000 -812341989/1000000000 494716117/500000000 -617756683/1000000000
-2027089/1000000000 -66213/1000000000 -208909/500000000 2117/8000000 559259/250000000 -89909/500000000 -499783177/500000000 498747019/500000000 -465250899/500000000 421690393/1000000000 980921491/1000000000
249783447/250000000 -49963387/50000000 396663/1000000000 -755097/1000000000 -592927/1000000000 149199/250000000 -134233/125000000 124519/1000000000 184937641/200000000 -23875589/25000000 48587527/100000000
-13722481/1000000000 -42889/250000000 51157/3906250 -55223/500000000 -499657063/500000000 -986353047/1000000000 -13686511/1000000000 -65033/500000000 938764963/1000000000 524190451/1000000000 -466871627/500000000
-994319377/1000000000 -61636443/62500000 -2329969/1000000000 -501901/200000000 -51271/250000000 -18827529/1000000000 183207/10000000 613537/1000000000 874016089/1000000000 983990843/1000000000 11062143/20000000
-1266473/250000000 -177039/500000000 -5803/4000000 2883899/1000000000 999382203/1000000000 -994791127/1000000000 -1177137/250000000 339527/500000000 459976279/500000000 116069241/250000000 -974526129/1000000000
-488538449/500000000 -244024607/250000000 1804783/1000000000 65973/250000000 104337/500000000 -21597081/500000000 42634641/1000000000 61667/40000000 78705913/125000000 -977355531/1000000000 171718821/200000000
-4619/25000000 17699/250000000 123932579/125000000 198310917/200000000 42821/250000000 207667/1000000000 -87061/1000000000 23167/500000000 201553297/200000000 -1003764743/1000000000 25845999/250000000
-484479/500000000 17949/1000000000 995848523/1000000000 99605731/100000000 -1459/20000000 535217/500000000 -21087/1000000000 54989/125000000 -3915783/3906250 25025649/25000000 -95986691/1000000000
-6704623/1000000000 2273/1000000000 996485181/1000000000 199273797/200000000 816803/200000000 21043/200000000 20361/500000000 3531239/1000000000 753484911/1000000000 33690527/50000000 -199241749/200000000
-2722977/500000000 5738717/1000000000 4965679/5000000 496524847/500000000 -57819/250000000 -115667/250000000 -162443/500000000 409/250000000 670621739/1000000000 759487633/1000000000 250114429/250000000
475161211/1000000000 -19897243/500000000 -15224859/1000000000 -2673851/200000000 2381613/100000000 -89690221/200000000 439982593/1000000000 -12114983/1000000000 531935617/500000000 -1060630111/1000000000 -264582501/250000000
473499753/1000000000 -760507/15625000 -1146733/100000000 -11398919/1000000000 1111463/62500000 -215402431/500000000 225004111/500000000 -3969609/125000000 -1063254653/1000000000 264553189/250000000 532310499/500000000
