0.3825764421702903 -0.17739786091549739 0.49019333265156234 0.10180586434972871 0.053050842085559935 -0.44408452153301547 -0.29859094855573692 0.17980355607239454 -0.13347808492168539 0.071570469282587937 0.47650946346563711
-0.31669474482344034 0.20589335343191892 -0.01303824010205399 -0.37611839073424708 -0.17720473095692327 -0.019885354916854035 -0.16684013666015138 0.63721640817373315 -0.42143681056730592 0.16669755705008441 0.21119407939710447
0.35064704512357681 -0.20579278908116724 -0.442156688623631 0.032031238457077234 0.57362463795445995 -0.12933507298371599 0.14487438332888633 0.1463081230129635 0.076653105886287848 -0.39389605378275555 0.29827872899748992
0.26047913227625447 -0.21491547160899158 0.01380019621823581 -0.09755721249714315 0.70471734148303133 0.31291230060366315 -0.13748859428422561 0.11318283337847028 -0.26613684501383744 -0.042951189379451041 -0.42110138334725439
0.0047609202065953199 -0.0647604563231792 0.35279208805849732 0.58465459559028821 -0.29346795315331409 -0.0035028095459524668 0.032594079616473481 -0.43852261078002114 -0.059736105477794017 -0.49088155039564374 -0.073938495951128072
-0.20294910064321367 -0.33084271022206507 -0.42495798573243482 -0.56275239284564149 0.14929371499739605 0.10677596982370327 -0.018191286041671292 -0.26087271684175811 0.15795404873695981 0.15265163515324159 -0.44916366368245281
0.085213357088436581 0.24600395518417886 -0.64937639177573203 -0.07063019459979783 0.32956871851180425 -0.15980471337545693 0.25534585338712595 -0.23703970920936548 0.38345077664853799 -0.028397388449678072 -0.3196233568074634
-0.1978321419662189 -0.23007154040609887 -0.6930537354562224 0.19228098379221056 -0.037920538700760668 0.16091682243173069 0.29961522727968987 -0.15340338173442455 -0.20121953271596899 0.34084548401059384 -0.30550786517396084
0.48022967213213985 0.022727695850310044 -0.47678244100579642 0.22661473511862412 0.12371685782725081 0.38754833485326406 0.014889418233483227 -0.27288442991007356 0.46388850610061327 -0.011287036342589086 0.18622582183559394
0.40131126369026127 -0.47010646776799225 0.39378161727752692 0.020541410459383451 0.3880219858247328 -0.19202176765238138 0.15674543223838502 0.021464288605711014 -0.083798943502549572 -0.48942565274372785 -0.058653793604780832
0.3009801814178506 0.17184295282948361 -0.33563904622248669 0.1010945243981346 -0.12036585742839863 0.47290472153283758 -0.31012570620625124 0.41557488953454069 0.23756568663370431 -0.43971367554786511 0.014643362675407601
-0.20067098781189105 0.34227584217262047 0.17632409395219556 0.62977063727376459 -0.074956080965427094 0.18669887734304028 -0.22807187224907446 0.26904552969583423 0.36460526216680261 0.056019902176351367 -0.33752744089989034
0.02535517906799117 -0.22115827822539627 0.56901123705233392 0.19656630958410742 0.26862057605886197 0.094333234409291339 0.23997106371203827 -0.44653347522449593 0.019128752824155649 0.036444985964710276 0.49830297391589418
0.2962047547870359 0.18105891696460252 -0.51512026919086373 -0.38225750553588367 0.0011997671077124475 0.25203740200531738 0.07704624401039728 0.38542224169417177 0.43286957476847626 0.24106344876767982 -0.067173989817419552
-0.37787018632911201 -0.035032382255639552 -0.36609390640926542 0.43064265256139633 -0.3516051820127884 -0.092033004146833366 -0.085856176108703067 -0.38345984289810564 -0.22885432972471031 0.31128193603131188 0.31737872024893499
0.22006154908251505 -0.42947360110397559 0.15618475965877116 -0.56514296433250744 -0.22486501429537473 -0.18762096004134413 -0.26234384168729674 0.13694853308393284 -0.45803464641291769 0.14635955357473659 0.13705160985116976
-0.18002443965708478 -0.085318030968972891 -0.32161530282726408 0.36135570756195023 0.15605176194853246 0.58165990755367081 0.16504883166361406 0.29389822561789841 -0.20117655273731461 -0.35323247914057138 -0.29112679421333981
0.41079952780039353 0.20560362579130312 0.4566842769471301 -0.49991999197262343 0.15382629215904287 0.083441698114904581 -0.062936869248714306 -0.21425283004265014 -0.38411596251966201 -0.22919070082528617 -0.22344249817975043
-0.11858592202935532 0.25513027774029917 0.19014788292350346 0.11129024252690477 -0.54910092153104806 -0.37209700881279562 -0.25255517688315077 -0.3443138998798369 0.32997670293479475 -0.16421872296375573 -0.33785734644733634
0.47300118834762506 -0.10259220410540194 -0.023028701698921634 0.074420711865653952 -0.54029353286705972 0.40592162382722613 -0.02320107437381384 0.2290157108615076 0.3826565556488653 0.19969656120032206 0.25237916685755341
-0.44488780000961986 0.0091961028371124534 -0.46300507103225791 0.21056486457191051 0.3651827680503123 -0.36385543007630849 0.10851519657194855 -0.12551590790606768 0.31878043286142094 -0.18754086673838694 0.33646316132334531
-0.51418098355371422 -0.40528872999152216 -0.11584207766762425 0.23830409761195753 0.02088769243288801 -0.29398736569990724 0.33583798900246742 -0.22693327180700046 -0.49172818283988823 -0.081783852267347898 -0.038920376530730084
0.14707675446409621 0.14029344271792699 -0.29368459738200003 -0.18357133716328047 -0.14094568451932585 0.52908824572798241 0.53725976830714905 0.016999507808492159 0.1673226359341215 -0.3975772876160214 0.25285457456005167
-0.30679210596770173 0.22314089741773757 0.049341128757784021 0.50613910124768402 -0.31674502685193406 0.42897868376140397 0.23112804851427321 -0.098514510857480364 -0.46443351397812621 0.11745393149129707 -0.1431994590463497
0.17853164732430271 0.37599138873737514 0.49767285946261913 0.20474185405250148 0.0096960864475442565 0.42732258509902343 0.052835546231297062 0.31885611783182888 -0.28986588760592691 -0.041589142470059633 -0.40527535137364729
-0.038280284077285759 0.54556180680693356 0.28168680751561648 -0.15797329293349058 -0.10911746700274548 0.15752020066896646 0.0048102481623034628 -0.55664310135369177 0.28638949114598811 0.36917943307184031 0.17801012768350144
-0.14457253922490645 0.38345564238622426 0.026568498642040791 -0.068385769047884265 -0.63575211719453939 -0.0063054349748273885 0.40884096264298503 -0.072846461365423512 0.47736169867454287 -0.056896154193729453 0.13743593517169531
0.050717276617079768 -0.2454234871793107 -0.19704941056881517 0.33968788659130311 -0.14093091724995216 -0.51737638463880087 0.49541761447498139 -0.0005289045276863412 -0.10837833660765619 0.48810277952937375 0.0031325340951179363
-0.14940656147529607 -0.31806594191081028 0.65490341356244863 0.30535768090137394 -0.13151427050230541 -0.10746697497584411 0.10058467569695442 0.25574892094011065 0.15794820085216565 -0.36366308657907193 0.30463342775760238
-0.10974678957163747 0.17492564324994272 -0.29158461645447065 -0.67258149880619988 -0.019042453005026001 -0.044603424255015116 -0.39103980860672188 -0.12126412509936459 -0.44911454514986232 -0.21953661974472286 -0.0099898911852557178
-0.01806781633343359 -0.35559664537542074 0.070601812655482349 -0.017305619897354813 0.1046347025943121 -0.33893050839705718 -0.075634745675543957 -0.69742207745218754 0.05514357406865112 -0.43832532224366855 0.23415827578567316
-0.53033862978649549 -0.037133261526261903 0.2853269765616277 -0.015027210601167679 0.050752702327156431 0.56099905146560058 -0.17232312642547759 -0.19680885547273927 -0.11814739889472414 0.1448449053823499 0.46374685499654755
-0.016849007454562769 0.34951713362992232 0.70634026015386653 -0.29357061332386969 0.1319817953126971 -0.14265193575403728 0.064189013474007697 -0.023761683573165753 -0.25867763982274489 0.30971787849601629 0.29522993478924375
-0.38370891903543836 -0.28583968409559823 0.18291970591631151 0.27658471152044817 -0.47754487642126831 0.11370349888635739 -0.41179740783611685 0.023446092076835796 -0.40148600795238298 -0.22079605414281239 -0.2001451670498772
0.18348386459007357 0.12057300530278846 0.15247219878550314 0.65333755680415051 0.35417096934184839 -0.26011254314440779 -0.1150861744167735 0.21297335309037735 0.066763541671900142 -0.48587466182979994 0.097305922200049924
0.20787234167616925 0.22721285173323494 0.1836942938116084 -0.45731686487144757 -0.40484273065854176 0.33680328395081205 0.14890460921341131 0.33581904324562534 0.060273765035922855 -0.39599538710915766 -0.29925695754094445
-0.36913999376534018 0.2359064291624019 0.16255950910925324 0.45039914884381105 -0.078398223932245839 -0.058972909479164837 0.54479914572513277 0.14956149120243395 0.23371582588086132 0.35837936045903934 0.25872987212495746
0.10771887939406138 -0.2505772874091115 0.43750301533420888 0.040170335692834742 0.3205330724031627 -0.1629190298050307 0.59266320485405022 0.045292235492209308 0.27320497653341463 0.41642600272276831 -0.044140967974355391
0.060852163972118151 -0.14271231609310603 -0.019827014860565702 0.46291098374469664 -0.39344484770934107 -0.29232722840178077 0.10606390471771812 0.50965371679938298 0.047933945622052949 0.10566375989680353 0.48635121743609583
0.44985772016661923 0.45046017600940852 -0.51794391604727374 -0.075010862516283791 0.11621455508568396 -0.19392644286266489 -0.10489953962759636 -0.093294856776946919 -0.30710081689198843 -0.34942805558624157 -0.18327335385563198
-0.4370693805281376 0.52662143406386086 -0.38070406661582501 -0.036632454325764216 0.19360779630741018 -0.12333172252237234 -0.2517972888718355 0.13880249092492405 0.11562218542260852 -0.41359128637586612 -0.25607373561545926
-0.20552658101567384 -0.32563800134241067 0.042965601416208386 -0.029783379022585616 0.25590372016471541 0.55864405748412249 0.4613704195825637 -0.09248277128423861 0.24255998103167922 0.096884785917792579 -0.42635430554830217
0.71373394153299186 0.074388766800992226 0.27599391468588641 -0.087340689067720106 0.31929088972785985 -0.0072921590880327342 0.1307229735244794 -0.1793343009931106 0.02774081845988919 0.39328183858117766 0.30750584129961522
-0.052046349830309882 -0.40731121819836646 0.27430826463575075 0.14359459633717872 -0.24820527263235206 -0.36104952700241821 -0.41872513792949473 0.34384728791884522 0.14105144922572452 0.25667465096844405 -0.40524389226927288
0.18399542434038438 -0.25719785886472324 -0.53488971778415206 -0.46010904442380635 -0.16430394534863785 0.26122778304974487 -0.044486391981182531 0.23446283735314927 -0.21440815148130737 -0.15215304789149392 0.42529824193816917
0.24219004232275385 0.4707508386113084 -0.065474322108363806 -0.25901833029766963 0.40039772972171583 0.19488324451080644 0.045140275103397569 0.4449997569290759 -0.37387198292120749 0.31309732879027019 -0.11040744128437079
0.41378614854045803 -0.33288613533890388 0.074932919602192505 -0.17849688438552494 -0.16119176366270357 -0.17622840867071207 0.10349546637059059 0.60228001439958523 0.21811741784386751 -0.38635937749147659 0.23054549108044237
-0.11106367620615747 -0.80568825251219389 0.14757068238356758 0.042607884610665024 0.16145054215553142 -0.10226817234076388 -0.011628735146080467 -0.16816205679029103 0.42829284312958166 0.091757151378908636 -0.24113453857713427
0.25911550868082261 -0.047067165273189854 -0.12896183450539092 -0.20310830595669954 -0.088421826490806266 -0.055465375395134006 -0.4537561500306001 -0.63715792818448325 0.49224959826498876 -0.0049605300182923168 -0.087554132683126895
-0.24206010393845107 -0.16792827708966562 0.17824441331570781 -0.5604700677750255 0.15987617947345145 -0.4537415882167608 0.084791394049781393 0.28049568613367154 0.02982048228021518 0.47321135115070279 0.15868760499390516
-0.57387323003148771 -0.055383655722052359 -0.2887994771129937 -0.27818028953021362 0.13199880722072466 0.0011527360690414973 -0.47930925503870569 0.098236343551348276 0.058143638445417339 0.34956529214998566 0.352737046299965
-0.13006172519968442 -0.48401551733747877 -0.26947576275114854 -0.42744222753512218 -0.11908599433141005 -0.13898736737573256 0.36645423965264229 -0.27513852861564225 -0.25842821345580402 0.3832384308466556 0.19063883028447906
-0.084477146094923863 0.016738285644136569 -0.19577649905589045 0.22804443173373923 -0.2455527960117368 0.12185933613188681 0.70384624863463119 -0.28584143507420057 -0.0032612296858431965 -0.28304205698252694 -0.41216084040097262
0.36113465815734375 0.1311208775637818 -0.3323169498211318 -0.42009469479872258 0.15979952687140769 -0.38578924354925609 0.37540263969729443 0.013363954867472392 -0.15099871800752274 0.44722378096477644 -0.1648947449121842
-0.043330444447206733 -0.36654552902354065 -0.00048274211289404181 -0.16880777649568673 0.2109337195088222 0.38064218122174504 0.0071514352888230933 -0.62915650049389982 0.24644767223121333 0.41529983892322153 0.12957464505898758
-0.27307461342160055 -0.033563404548976841 -0.071713875006341743 -0.28908235756442469 -0.55481450114556052 0.30882373009925179 0.14719282117334298 -0.4009180845229029 0.16201173413875897 0.40956886192875613 -0.23665490770262004
0.24896027280029182 0.625311713340577 0.26294659117146818 0.32468216016715973 -0.019329774410130972 -0.14746176710791517 -0.31323949598731476 0.04697908048318071 0.034659038716428621 0.34052617063857443 0.36447315147412651
0.040944557180295507 0.12792046733640333 -0.26609214277250831 -0.52146231884991989 0.39757500887231234 0.21358043757613926 -0.0039470778355307984 0.43073640248958678 -0.041545502469119637 -0.48529621036652798 -0.11296707231965795
-0.65875705183653854 0.13194435512418884 -0.025819249471733242 0.33385138430743255 -0.19721835341079061 -0.1289473721136806 0.33249452379640659 0.14293824298463506 0.027069475838102649 -0.48730690038391361 0.10862425289074729
-0.25545576864798375 -0.15481198133842355 -0.29027050681269473 -0.25568207054676639 -0.21321134852747409 0.1073737864465774 -0.6730440421991265 0.034188016579502704 0.22329580550248423 -0.27284040723153402 -0.35453786176757951
-0.12984367059424867 -0.10146971820494112 -0.7084363963749154 -0.039463599503058763 -0.35964212758434716 0.086098695265615546 -0.24408437947888226 -0.15189596615506312 0.42268307193528115 0.25487774923279721 0.079852073519583927
-0.11931523809630459 0.21821578400457448 -0.072986746556883572 0.057762553715310923 0.54303697244234161 0.27812521591136807 0.5024228398366819 -0.23411678416972215 0.44618443182078998 -0.037105676487330173 0.22258171886562572
0.087216473021454494 -0.07691733147433702 -0.68314479975802611 -0.080942216694354238 0.085988478834108387 -0.22219795434956593 0.029757495593477786 -0.4534171292743629 -0.26957615729188167 -0.11102711612118464 0.40620398189278661
0.2042434712877558 -0.022555076386842298 0.056062679046461124 -0.28394822571569811 -0.011855919023721566 0.70793331007620031 -0.28374066178871432 0.20539561001372797 -0.45972471643517893 -0.1939682502485269 -0.032085869072212218
0.30217395295923283 -0.21101684879428032 -0.084292490699703376 0.12348629250588405 0.2600805910889683 -0.26903940724108422 -0.62376628627813557 0.25040009354166887 -0.039270378370474507 -0.32956120250752818 -0.37396156377953049
0.27042570565905344 -0.29152492717318917 0.31210829837742354 0.21725296347404119 0.2346700245269305 -0.092430895355260251 -0.30729262144573333 -0.53780151401658405 -0.0060015714158361509 -0.11243816412755435 -0.48715668977051474
-0.72993668044008997 0.28289539045304518 -0.13129233442303101 0.15997989542752922 -0.23089866316204455 -0.12610067028729446 -0.11936105487739701 -0.10425336191653363 0.40390755298511022 0.28284092977826342 -0.082823288293497652
-0.1722154149270744 0.2763480164962494 -0.3818367161997886 -0.017377104175544729 0.23695848850128076 -0.32312477275521806 -0.24152128516126983 -0.52818643282977706 0.16472423653429083 0.45532060830795518 0.12469590830604114
-0.031890150426613417 -0.20684819516405312 -0.025614668759124926 -0.081303982088699003 -0.18872965935374769 -0.083608526641025582 -0.70366311147184579 0.40147147994710503 -0.13444302164162744 -0.25850960298233439 0.40632235859940657
-0.22211536568701015 0.11810758464982572 -0.53219138472345873 -0.14890564806467566 0.53884791944973576 -0.28199026972513924 -0.10687676223114741 -0.0040701295431251235 -0.42267171165092676 0.14085767373842736 -0.22695316679675198
-0.19983744774243659 -0.47946669649542528 0.39850775035529207 -0.13743623402337085 -0.24314355204929011 -0.44811583522933396 0.009673447052214415 -0.20605671950093918 -0.14913974305958613 -0.28012347733913712 -0.38637827900071003
-0.23178350722590635 -0.26192759252912212 -0.50972780587977351 0.094635235781327862 0.18957412670265714 -0.46654108893673052 -0.30223364897943295 0.11810149175515318 0.32445114466505465 0.14015335430084327 -0.35367851504404102
-0.026190078691601896 0.075547011720116117 -0.0095688577919111097 -0.40040759237880241 -0.63383337755764513 -0.029403520848754236 -0.26076177611267759 0.335533760296015 0.37477161530421232 0.25766590846597698 -0.20773665053782434
0.27603974482200783 0.57979737314601065 -0.016806592405005483 0.21641269268514998 0.37823296877969498 -0.13299672394616929 0.35494676129664243 0.061519425068755205 0.24599296176413774 0.41699977560514989 -0.12489455515658848
0.054735357206714859 -0.45846818398799255 -0.19394462857354178 0.32569539681245119 -0.032823639843955914 0.18155468959048024 0.59544608739417237 -0.067256336853315543 0.38260999009016328 0.13389459314705468 0.29271459377555797
0.17390128704608063 -0.17230118546469436 0.084053024707393773 -0.32185109653509997 -0.46031347756049629 0.088158862160203078 -0.40866090849809855 -0.43903688206363617 -0.28365939879103202 -0.064068787905281241 -0.40673398664711852
-0.12646625835201711 -0.55287132054677757 -0.31775628116479282 -0.37188047951887004 0.18591828813563394 -0.38756119622338414 -0.045036460099816482 0.047727033521182065 -0.29856584046355961 -0.39676230730450562 0.058635402366602751
0.43579634631773218 0.069897081686769613 -0.39313453931483267 0.11254562574888034 -0.41208845146069384 -0.15177101770546506 -0.44118138012872365 -0.02196166695368882 0.14004043253583079 0.095839380579659003 -0.47032275129456014
-0.10106056599449714 0.26900173743881112 -0.19364342244434529 -0.42206476563429801 -0.021365727181490643 -0.36715942507568733 0.41671084482111026 0.37799195745207614 0.40108706783913839 -0.29799536794757053 -0.018108691117649737
0.33414768080172558 -0.097325631713218022 0.22000714385886114 -0.077306037369817907 -0.029757353264831029 0.061342117128588003 -0.013498791508599922 0.75476029922377075 -0.0080411939070982423 0.46795191657410273 0.1759441473171881
0.27172733655303211 -0.41856382677855819 -0.0059549642181035978 -0.20846820898862495 0.51491258125046402 -0.14467022635161347 -0.16441884306990837 -0.37996858428747826 -0.43347155834747086 0.1389293421952803 0.20688413661033034
0.092654536760785597 0.50163627375021735 0.21466063063981175 0.14465032616252771 0.17365002205765334 0.4893375551453617 0.39136517942407911 0.0010028799174044997 -0.18867318807988459 0.27640140562532117 0.37148982633191885
-0.52746367158288365 0.47727906116022789 0.12719970746825893 -0.16829187890806449 0.064006868883970447 0.079078223872400252 0.27798503801925234 -0.33445317270761482 0.11105885359163675 -0.11096509858125092 -0.47471325864753833
-0.27085742438553806 0.16290170068934542 -0.16445134011208651 0.44465307933348036 0.55822184930748675 0.045906697159601627 0.3126660336741412 -0.11772672101290871 -0.066456960964120862 0.08152722294930996 -0.48881160405373625
-0.35223768272451517 0.010571105056218765 0.57711477802507005 -0.046345502790314332 -0.34879774421767268 -0.35647708111123255 0.18923818404385592 -0.077850034899180201 0.21014727781445908 0.42431591908476962 -0.16060548694991705
-0.19871538580688425 0.37617059737468156 0.59733396214818923 -0.097042929721883123 -0.19892773828686797 0.33086134767046949 -0.11825952488679486 0.19938879833390141 0.46859016650974072 -0.096313800405260844 0.14541976379388447
0.027711349607479098 -0.021039158776171751 0.15579104704096094 -0.6931460169162692 0.047715345454889833 0.22485951383673411 -0.10506161823567738 0.42448873367245482 0.29865609470596605 0.0099840621573231807 0.400880101274458
-0.50013696187038947 0.65227184276036132 0.016146306548745465 0.062826297577453796 -0.2580881461313686 0.052725975743886641 0.00089502678105039129 -0.028395331764072364 -0.24926590385993727 0.10045883495083958 0.42163317190800864
0.46492986571904538 -0.24994301888907464 -0.077147974446010681 0.52253745272220931 0.049792669489044594 -0.3057052813235423 0.16624039281440586 -0.26229870500158692 -0.017526235332986428 -0.10891130794332839 0.48767935990476996
0.77774514233031555 -0.12651352946073582 -0.21128650887366407 -0.17422580710873262 0.18927318383931463 -0.12376828139881353 0.052201093311699233 0.015566631178625294 0.27234461113019182 -0.19164880294987227 -0.3729599832639226
-0.28405055974902127 0.11670223309184162 -0.54604753812310014 0.38999805364049556 -0.079935208960198775 0.12263319275799306 0.28918767908357218 0.31681449025052327 0.48745771198500415 -0.033387124152327544 -0.10616157010510804
0.27421957116069517 -0.39783888448760246 -0.071698688167242106 -0.49627406031993282 0.11920050876548675 -0.19108312174615438 -0.43186255783398075 0.16695033508697751 0.42058165759278976 0.24038942889347317 -0.12379011177299687
0.14646551456996806 0.17736004659721463 -0.026374917508374292 0.34380088445043672 0.093791411267911698 0.1625616128739035 -0.36468820860273932 -0.64029367183242236 0.010882271853970074 0.040341376739376107 0.49825109079867341
0.31096425889794099 -0.43106154751465614 -0.22296454222760023 0.27930658294938182 -0.20577425986119366 0.069502671343044151 0.034210844643571728 -0.53983124060787102 -0.49295729311438263 0.062852720954254843 -0.055160154405033059
-0.025894494243871958 0.0057671717963896502 0.18936293742378252 0.51729063114714002 0.23338333644820802 0.18688769058536006 0.59701727814610639 -0.0048861770273984778 -0.28104365158629108 -0.37027993072057974 0.18413918325170828
-0.381565334167555 -0.19230231105265519 -0.15613744326049345 -0.32306029140210596 -0.31085355112725077 0.51230541675652541 0.25333542461529257 -0.12415819024600183 -0.35270210361941778 -0.28883763254222805 -0.20536321026376267
-0.34942417580104596 0.4512952992666564 0.36779566061751984 0.32729324177105679 0.26311446162295216 0.17683229706151102 -0.033237278372356113 -0.28326169221182285 0.096909362544208816 -0.3984229089610663 0.28612542890536141
-0.13686911590540812 -0.52641441217122786 0.64267148338657154 -0.035931363896198443 0.13224091304719718 -0.055323191865617939 -0.13881782295122538 -0.0042790991202544615 -0.2019501661283056 0.45507726884969713 0.046052250510157898
0.050418373224890067 0.21486986973609898 -0.7244407814223861 0.19241834592621235 0.31056522396954206 -0.020592489886893772 0.1151629453485158 0.1712084931414089 0.021966233941101115 0.39022831720527784 0.31183223857962761
-0.053133610641532769 -0.35016409553535122 -0.37754874486810952 0.21762480072889706 -0.49256025954370697 0.063754368990530219 0.40374145978953113 0.15802190283059039 -0.3083699569102254 -0.33232999614207737 0.21086664823862594
-0.20261071267694994 -0.37610525739358386 -0.00021306589385277597 0.43804809305295656 -0.60638805043828337 -0.073953923939143365 -0.0048803156425969623 -0.04907228529350989 0.47403195500524048 0.15712276008790171 -0.024619989769885629
-0.13005989172229002 0.25281648448454108 0.57659505752288231 -0.036992364362397549 0.51753573547943188 0.0001473129104061704 -0.25924604819183761 -0.016916904406925816 0.072540620729484945 -0.26486859857992068 -0.41783068799513717
0.43275921474813167 0.10896542882487345 0.42399970854879943 0.41405980359079969 -0.16940389238611819 -0.26372321548296551 0.10882769557284588 0.29922172900465527 0.43715772219713372 0.22779123108659594 -0.083691582393133429
-0.2008665220310904 0.42638160625292143 -0.35762304255758331 -0.30653264048933698 0.19194192451835801 0.31066962941679155 0.35309636357666857 -0.21899886511568803 -0.0064182881573076021 0.49380524928970565 -0.078199625005887771
0.27454175427837674 0.28079696677905175 0.62270592057324892 -0.0623259490727959 -0.19227718999602017 -0.17704538326819058 -0.1098358861335202 -0.35178572135399616 0.15622728481691162 -0.33820500588074037 0.3334822476173866
0.39056649939717286 0.11681654761004459 -0.37674334737952447 -0.055874729301368962 -0.55436721466797223 0.33816176118357205 0.13062339517637581 -0.003913028363488137 -0.41028267651282119 -0.069023085811038401 -0.27731559454635402
-0.29629753092211236 0.079952567132106522 0.18379133053005681 -0.017394357476412655 -0.34386727620629182 0.12054129526190742 0.50000111819947735 -0.4888328115201962 -0.2048624953763119 -0.26112298985881172 0.37396008096504835
-0.2352717354674039 0.1079484225339825 0.23267671059465392 0.085550136906288043 -0.011766590959440583 0.62792579184318231 -0.35729418563018317 -0.31535485278479242 -0.098898199582961047 -0.13398263613350408 -0.47145286013976578
0.18436832049123517 -0.28654095514024974 -0.15399645441377988 -0.027325373919601294 -0.52417623410306446 -0.022534633092803735 0.11934585350339122 -0.56562271220234994 0.20118832335045006 0.10543665197142026 0.4454283005922417
0.41793400794137997 0.1809442723942882 -0.10868075210798411 0.28436664526341759 -0.15307476104985496 -0.37535600994215951 -0.30744008661239497 0.43711670861478508 -0.47365490892643569 0.12926535375369647 -0.094559481644209797
0.27345942609343615 0.061860925641099747 -0.20669411024192547 0.028019192285139317 0.32755688581621517 -0.48488328711193696 -0.016386092016116925 0.53405226170928943 0.44600183842135344 0.17965374017651137 0.13713822867954531
0.21298976045567761 -0.37269901965453284 -0.29393637547830265 -0.030517900447423203 0.38998502465911172 -0.21295309208060162 0.44971742382510699 -0.28056686802898589 -0.25712143013186262 -0.12149930171835059 -0.41124991167038433
-0.071958433321686222 -0.74986565116106774 0.098056252246931194 0.17825004424201532 -0.26549550358043966 -0.19905266081514009 -0.15224594728901134 -0.088581767541269493 -0.24848763493542908 -0.08036622633208991 0.42637444218589843
0.10192633284086774 -0.40400528285820125 0.051262601416713682 0.44190109642027398 0.3721642068530524 0.34685399617682783 -0.20522100798322632 -0.27849015625472368 0.21943504954116952 -0.41779500295331506 0.16521378435258968
-0.22077189871328387 0.54858355199647868 0.20516659262599032 0.26020326024941498 0.098938103653147369 -0.51784031727293178 0.086840250901390623 0.070909915518541616 0.47799092810537408 -0.14568698872376684 0.017319756509948474
0.10656043612328131 0.26007311290503943 -0.2847024351948006 -0.42828462733035494 0.064790759879411644 -0.34242845586895676 -0.27962917743031052 0.45483632656027628 -0.0037181410409139713 0.074656824000703337 -0.49438096045188468
-0.58018576828202595 -0.28471097813009022 0.12181666594070988 0.36611890901765304 0.31642018188610066 0.23140106663933935 0.08397355661213661 0.15073829711545259 0.48455571376326723 -0.0015616220705938577 0.12330175017362596
-0.41970089538761962 -0.54915390858359403 0.13321109764120953 -0.1880366863331801 0.13120623166601353 0.27746110229272614 -0.065141024836545658 0.34746950877164445 -0.46245233426827842 -0.09512504273083329 0.16458755960058907
-0.45218882943132915 -0.14915437883043373 0.44543554846704791 0.10591797941955503 -0.42392471357097383 0.28213164033396815 0.2309749459266989 -0.031415548875701915 0.22099186388983766 -0.24496161910657394 -0.37570786691148883
-0.48772364298717497 -0.073792827233149713 -0.23668650592752166 0.11880062888010487 -0.29955118157965149 0.47586750806757216 -0.21066221548578754 0.2756570524332424 -0.00048126147482691804 0.28917434032051453 -0.40789455657999169
-0.14607204588178904 -0.10112046616624985 0.54678215359596472 0.40454048836799439 -0.0071443278898117961 0.0067880108265487562 -0.39925186879649033 -0.31034610560582782 0.49028002424460898 0.040688182257556486 0.08927468650900805
-0.52374500112163302 -0.46619899117436703 -0.083707175926653554 0.34435877084199185 -0.045848225651352666 -0.12616915827959449 -0.064405070118484564 0.3325523879291114 -0.12157493796124429 0.47463025494047173 0.099727907602948987
-0.29199262226672279 0.36837457018504921 -0.56390684345125219 -0.096880393390873024 0.10007733281613987 0.37322658858354818 -0.15225395514459222 -0.17078910984480478 0.1303340777583567 -0.18671865679466315 0.44513949653976514
0.14767805732748282 -0.29084250584937299 -0.13591177624519729 0.14295755375222552 -0.7283770188691373 -0.039985687582206338 -0.23859336095299877 0.12503689999089013 -0.29432551579159705 0.40170991869282868 0.0447396018959847
0.17681998493295462 -0.36294787886633778 0.44243791763920542 -0.13758113912705017 -0.54945438399864754 0.22564823395215594 0.12138971019982472 -0.069072006072396649 -0.29826437508117665 -0.39352632874246507 0.07858365697721463
-0.086122148863064601 -0.70359152351197995 0.05047165855286475 0.12414395638249077 -0.3375042085629944 0.17009258192039162 0.28521303093445782 0.073455994017004686 -0.2501345645414666 0.14318935768773536 -0.40857007656780814
-0.30647123533370618 0.23319433020468339 -0.040088521321727986 -0.41259386863218644 0.63353291291224589 -0.075824795132774833 0.040736368018034166 0.14519708440420295 0.332300336130461 0.20541814169330289 -0.31205748456150328
-0.78372177690123279 0.032507928317094696 0.073420297802368389 -0.29932862893699091 -0.060520300591586466 0.027085496339843883 0.17938479868062079 -0.056213929619441466 -0.31315621605766036 0.38525696233374512 -0.059247424567005991
-0.57325986135830753 0.1868335740931287 0.029382373745525967 0.33289889328605782 0.50458018278907824 -0.097849647972727535 -0.039094425951947134 -0.095274662406533553 -0.20733828854796285 0.35127549247037632 0.28916493994206216
-0.35524315700789871 0.14785292186541316 0.11014934651281928 0.065541204428202576 -0.30305541086608351 -0.52573043863409541 -0.45970059625154719 0.077159383902311182 -0.24844080026815751 0.41748919704188869 0.11823679256236763
-0.34169371578594177 -0.32360603965254336 0.24122901999323335 -0.268050500768231 0.36638820529503158 0.15636814213919381 0.07457521166894035 -0.4839723644930079 -0.35477645630328142 -0.082955665908181611 -0.34242082814369817
0.18664295283219715 -0.23651116521980742 -0.14295819878862648 -0.55320308698345566 -0.061265517421956329 0.38009466758477695 0.32175768478959221 0.28460981564769244 -0.2613710559893318 0.29348737059466168 -0.30911217121370854
0.32881899764385941 -0.65396955157544601 0.16212583747067877 -0.13827308687057518 0.33996890179590683 0.16076482603720346 -0.016004022728997144 0.1646734539924809 0.19556359001081589 0.11451010915935973 0.4456930750666796
-0.16835287992214445 -0.049721414140699631 -0.37930283812757848 -0.15023966126958876 -0.082326585651861628 0.51127481288319254 -0.32048705949463835 -0.42643983593277912 -0.41983201397555747 0.27062835318029088 0.022391393349925789
-0.55519149227458853 -0.068609289435819162 -0.57915338634683589 0.040353586711623292 -0.10727602533367887 0.0833829721523109 -0.22355776741252995 0.17767716343049708 -0.43122140957261845 -0.24153225813626766 0.075566290141831083
0.57844818459510106 0.24016593003268027 -0.032873034245733165 0.057742434156915851 0.10630806409155724 0.17014511266231566 0.33893588363356675 0.44516839694552635 -0.28922904999502042 -0.40563869517630369 0.042471232789307423
-0.1154934842936083 -0.05803126484364287 0.39961031681718867 0.40811347222938826 -0.070884631928616021 -0.34451769024453671 0.48582927771161044 0.21748898557774501 -0.072900818193823214 -0.074022737907245381 -0.48908701166498619
-0.19931711249272208 -0.066103014458327836 0.51950774996551219 -0.36616154085240271 -0.41368493021696889 0.26819010253603603 -0.11139147787505996 0.21557200640007226 -0.31063291036867341 0.22841505799384146 -0.31832963462040093
-0.096828014913607957 -0.043196494292605407 0.49075761028055465 -0.28734596434976972 0.20899517071569845 0.57667738116707024 0.17706038977022429 -0.088099365347096129 0.05450000708728301 -0.49623805379341662 -0.027884461529822505
0.2380179047805609 -0.036913515020514452 -0.051671247606104448 0.33590793292887566 0.079913757394388121 0.26571131379467083 0.65472579858989011 0.26613197842505193 -0.23637882257030418 0.32890850390082632 -0.29316249470557554
0.72951332880670372 -0.16268511820992079 0.022226838787623854 -0.048550564165904628 -0.10103103907341848 -0.11537149479138566 -0.34094183391323274 -0.2207566057546097 -0.28380116267572048 -0.38151287693791897 0.15461185205042144
0.67379399189138978 -0.31472896270747625 -0.18920267240183788 -0.021544380815084453 -0.1716886651483798 -0.073185155570857252 0.29755796227912806 0.19316241685009283 -0.38106983684974827 0.22046988640692439 0.23702069241107249
0.15232581931091718 0.20482746898817852 0.062964579148149097 -0.011694758997762433 0.5612097752074432 -0.44399697272050986 0.20409006091057413 0.35636886868522538 -0.21739227774634931 -0.27584198831316648 -0.35588171498363474
-0.71009212666312416 -0.23304202358435008 -0.21517000830320379 -0.079536604526173033 0.21355116354478032 -0.015054494966660559 0.16913162667564105 0.25377182379062513 0.038737752777821183 -0.17908564264864563 -0.46521792646763516
-0.54438591978809636 -0.044960971688786579 -0.051577002714843653 -0.4096567586936129 -0.010622156093302693 -0.46723552031642251 -0.11713005863080575 -0.2213646808517106 0.37681115645463759 -0.29257981495050378 -0.14970104961171013
-0.064147619023995864 0.42692526702846401 0.22832947471562071 0.22347099270280552 -0.52304060068834513 -0.0096000735491810537 0.057140052318332704 0.42967155919751271 -0.11878279094640146 0.46850110851851129 -0.12805217644347042
-0.39492367138807044 -0.11906652007749839 -0.092334436943248874 -0.38811485908247878 -0.60291719714189107 0.075141309863333478 -0.17053258333951099 -0.14987641725736606 -0.26103237444881988 0.047002881831924609 0.42385472580721012
0.030067944497298323 -0.17422434030026909 -0.0048569845828562996 0.078008112119711523 -0.31164287007357283 0.10352269704390625 -0.051379739729776525 0.77598636404210486 -0.24646657858915261 -0.13401035906124145 -0.4138785441440932
0.20532098186403971 0.39815785225115746 0.51607191156376875 0.24929547376547651 0.069005542372845577 0.17174435693680892 0.31904411874905519 -0.29118401265510208 0.38191637625754654 -0.13399208852545466 -0.29357452505094994
-0.075725164547085277 0.31972601430222825 -0.42122302082134078 -0.47125114996413719 -0.43875541905102877 -0.11269329455911166 0.073294208653367526 -0.17876341407848795 0.12133208499243285 -0.207015010479219 -0.43866081496718834
0.14335118069166158 -0.32117785828632667 0.082040265739939958 0.42628126983248688 0.06658685339585084 0.076799715089499121 -0.41032417760333534 0.50906871846480151 0.47621270726442327 -0.046074703040650138 0.14525349971551307
-0.22203554739668724 -0.14573419787982192 0.38350744765216993 -0.13391010932809419 0.36587045337205387 0.055016779842286055 0.22670076647974904 0.57111348017556185 -0.20775427587368528 0.24608474302742869 -0.38246628623360401
0.017430526788410273 0.062961032720206034 -0.55087999312384384 -0.40134136578869817 0.099945151167349644 -0.33166924972184114 -0.37845189810112762 0.13404873273612122 0.30632604354124005 -0.28330289169518258 0.27550649104062497
0.062935429182752356 0.11683789213743971 -0.38693681726900231 0.33090096870980668 -0.23718757200082707 0.38171702964265297 -0.04051813111917664 0.51919643015226991 -0.40479999391143362 0.16494101775164086 0.24275795680544873
0.27660456555133245 0.32523167666570574 -0.011629476252202961 -0.30946387240243639 0.31268829812733123 0.21948089403531254 0.57035177039115559 -0.02375207672031826 -0.011885601284961524 -0.12086242064914877 -0.48502681137945691
-0.45563186594310939 0.17983962645325868 -0.30597914718039837 0.032354580382623462 -0.15121439900588043 -0.20581335812371762 -0.34410479141626182 -0.48140857261672548 -0.28412809881330869 -0.021033728287052005 -0.41088782622399633
-0.16613282254869838 -0.45777938055687656 0.33118596671203215 -0.31927326489658836 -0.4364830414497331 -0.031572727663174288 -0.28017101843404374 -0.17665865279850596 0.4203436361493248 -0.20114107160958158 0.18125533608838448
-0.04602415023726672 0.014796368876548196 0.37020640321909959 0.23804946557775894 -0.061488187570731927 0.33456661553811501 -0.5730854142135906 0.33136084045795566 -0.35316419398586879 0.32807169265957425 0.13283078168027668
0.46329441535434079 -0.04963791645090506 0.24026074818040244 -0.26229048293999591 0.39686021546466338 0.24926591106377477 -0.42387724963587459 0.084079662218658077 0.28698201747703561 -0.39942692795735513 0.089996949211404859
-0.27453196498750715 0.0022834093701223643 0.39840769028893519 -0.040446178946183631 -0.21821986096376622 -0.097815309346944365 -0.16144441998607578 -0.65651379419073241 -0.40987088207830297 0.2714117550764979 0.091331917918376429
0.34608029202935331 -0.52228423495445853 -0.12254010994515105 0.31317647210310118 0.10593234738015307 0.20758564833059562 -0.16583963399718307 0.40315726502690835 -0.35161099401050561 -0.32431087614409126 0.14557528810067963
-0.43166943379162159 -0.23169981087305219 -0.048658224036725553 -0.39709588436854476 -0.38757763286301983 -0.049817113795298934 -0.028143928787326928 0.44320840061125449 0.029095880707367197 -0.49842743882452323 0.026898289029021093
-0.14416119464749905 -0.56232334987303467 0.016711133708598832 -0.34014891926866808 -0.27208175209028146 0.38864957500562136 -0.20639384851110984 0.171330260608307 0.1116561580029598 0.46903655680455975 0.13242964457001799
0.51229635866756273 -0.12373096253971728 -0.31572258715272772 -0.42195011400468385 -0.28248565975286061 0.16575050364415828 -0.16923187061084818 -0.24209427007516254 -0.0051458789199760714 0.49991725302106599 0.0075006707708230357
0.36420324498764678 -0.012069813578391533 -0.5901309736674345 -0.010438893349423694 -0.28382051989205881 -0.24655468839287986 0.3337572828341055 0.12692341643488145 0.30145063925319882 -0.10052645104850763 0.38603360570477502
0.30979668263917814 -0.19816359569687639 0.42240787466542318 0.57846107592700358 -0.26046770942392361 0.019530760817303285 0.12341245363901499 0.13511500227735154 -0.48776641832486817 0.081995806660522794 0.073216178844705188
-0.43233767446479082 0.20393184469914941 0.4367037028190906 -0.37372003639696039 -0.30079962522686959 0.015573383544364357 -0.20858266851769372 -0.23851514391736528 -0.1812261796819705 -0.46241821243327813 -0.057675546012933232
0.11914714986545021 0.35463069484936205 -0.10396444695873715 0.13167894961167459 -0.28592118785511828 0.64307263534452375 0.28133347885704907 0.086320383618740615 0.2962996627812251 0.13710221934183822 -0.37869445637251509
0.17044553661075917 -0.18178943882576015 0.73900579450685588 -0.28392185528767011 -0.053056646947567426 -0.08118986443740972 0.10909004850834055 0.19963039397834162 0.35302793128681903 -0.12180918218244614 -0.33246624319980583
0.34887310819067274 -0.039339906684458574 0.2952363601509348 0.24503417296955526 -0.63024740397822232 0.09807343529761911 0.15339700964802866 -0.22174949908414399 0.033136967084214507 0.21734923236355669 -0.4490670914278091
-0.34441481115982053 -0.10880163426621497 0.047346665662831057 0.72181144540129583 -0.00011740779232725763 0.19765525709153198 -0.19101311485636147 0.1439914868504768 -0.20486677995222355 -0.15297224821625496 0.42968487726201371
-0.084656541589058484 -0.38824217096874003 0.15179892519259222 0.41707572209658339 0.3723493361466208 0.4753934665300002 0.062575599430920864 -0.16293413762397616 -0.44714094951978023 0.22243336964693095 0.024256284341607457
-0.24832177974929415 0.18662609963675833 0.27734048069880796 0.029943615367683508 -0.26257743826480345 0.48594202850737972 0.26924497445737489 0.44509909893736477 -0.2717298396217942 -0.30563816831831653 0.28765987611437677
-0.050457020544074284 0.4649428974599254 -0.063558675236893014 -0.069635064853178136 -0.38017985139951244 0.1770378466285194 -0.54336152219923817 0.22643449686105147 -0.35298896351265957 -0.034151770697656209 -0.35246623695961704
0.20706356167677417 0.062604246139746675 -0.28774217351293341 -0.40619176249662536 0.61767512280781345 0.17049779754759664 -0.17807157933129458 -0.11452746300853171 0.26764069377792404 0.21808437892647867 0.36167341995552188
0.33095355656867309 -0.015406612900188722 0.5420629642936694 -0.27555460377318036 -0.23254750604363439 0.12769259210690298 -0.44542773372161759 -0.040989951690447647 0.20689724942288487 0.43027908582392105 0.14850399484113302
-0.44105618079882419 0.11284200560379214 -0.28749824911652738 -0.2745611270682462 -0.10400273858971698 -0.55355510463816004 0.24829090689409805 0.076215965892948975 -0.28963823545349493 -0.047480879187854 0.40479038856540839
0.65657301921193012 0.19497766338566594 0.11901886565568023 0.35073213443182172 0.1823047914386656 -0.20276523079333458 0.19758955771493025 -0.17414548975031952 -0.33283674745232039 0.043645126827474047 -0.37056011988552406
-0.31590843553976905 -0.34089165715278136 -0.11075536814129945 -0.48061524272684797 0.28834968786781495 0.2848162444232229 -0.30117014095581857 -0.18912346745124306 0.16918799101404119 -0.37847276739588942 0.27952421726270826
-0.087047059327106865 -0.2371224804541166 0.40168396562865089 0.39050597270024801 -0.19565693108636342 0.51336395917085298 0.149454620067618 0.21952207873196045 0.17916284229956903 0.46108383178491635 -0.07281741553830795
-0.029946344440346488 -0.35977515632100582 -0.44571111268250102 -0.012136254656419541 0.44713256008268842 0.37746809558730082 -0.16977147013867119 0.22277191734518295 0.45107914352649359 -0.12312217434100439 -0.17711164970421447
0.15256497259265206 0.29149366386620862 0.17347392934870284 -0.15778579110198385 0.57281377021367197 0.046026857163300759 -0.054015013685528065 -0.50360113621408709 -0.098598361634495243 0.37554958858990384 -0.31502518882296887
-0.095769085129861958 0.36881953388544697 -0.42109384892859525 0.35047670364931172 -0.018201749902320808 -0.36632942713109756 -0.39935334700706243 0.10312533977678418 -0.17360927337877619 -0.13431612141940144 0.44924269579342274
0.096717738173704673 -0.014689697623148089 -0.41334804382585782 0.051483407505153074 0.45814806882514897 0.21184014671269299 -0.55202469562425427 -0.08611376206378904 -0.36180116627750364 -0.29430252506693255 0.18023856363016649
-0.035579206311507391 0.6216493901570519 -0.20914033283105968 0.025715586955926802 0.49152558815944936 -0.10589384717697976 0.24003578409526821 0.086354485898359645 -0.17922534114083302 -0.29393852390067227 0.3625995329010312
0.20252307573103689 -0.13213607888503415 0.10148278065605952 0.24491045787772836 0.76888060075632669 -0.15901325273059086 -0.016365749586774208 -0.06718737070949328 0.4601245480083494 0.0072644281310554285 -0.19553165575947237
0.44023194227536355 -0.12516596151192752 0.18439934786822429 0.048853558974469913 0.23669285433133172 0.41230610007219382 0.29266039386450843 0.43871356917170107 0.4862967934297881 -0.0244530226289092 -0.11365508516655139
0.25278510522769415 -0.37613349855123734 -0.30532150878257364 -0.13011067468340798 0.2957824391988142 -0.45764812972742236 0.19744750494889121 -0.3139405855553582 0.38580738760528344 0.23943901580099961 0.20933613491567832
0.35538793706946714 -0.45659476566924012 0.12358279165169229 0.47385301370423683 -0.045508360706726439 0.14094903329048469 -0.35374521166929479 -0.16833874628634105 0.043276411184578034 0.45485673923836334 0.20305787107232942
-0.1715281090000117 0.061019888698991033 -0.37031982012816417 0.12921820013204713 -0.05327595207075695 -0.69511307852964299 0.27287576931110202 -0.050387142127653307 -0.038756023174466442 -0.37943571774117885 -0.32330559347146559
0.11488820063819409 0.39531603470717608 0.095322000202773871 0.064102797104262685 0.030768437092876778 -0.042022872430536963 -0.64594147199907659 -0.383897744147422 -0.078257051622879867 -0.47321448925389586 -0.14122280634326892
-0.29880115455710315 -0.20623075050111747 0.14142583555060442 -0.019380192971052448 0.3888540913472428 -0.59037578161841042 0.1000057131174944 -0.29674514015755743 -0.0082972587867181403 0.34853867457049148 -0.35840193613493698
-0.26808370440191825 -0.18208884189588584 0.20700520997790547 0.0098878907177120529 -0.25126168824992751 -0.027555746576916798 0.30813161083753965 0.66572442421873468 0.49060718295246325 0.071084542642441198 -0.065204139690384189
-0.0020072206707472287 0.14739379669845248 0.55053851340201809 0.57293309801387837 0.27922839609973255 -0.063940190849840983 0.018978149228255164 -0.1204534552382657 -0.079235046231894521 0.44682056902528777 -0.20993614873229305
-0.035317371557496362 -0.047528631897645786 -0.05194214749905593 0.011585569758587683 0.54113092165311039 0.61192876205423452 0.050979606487986197 0.27163043980143381 -0.061175958067307919 -0.19051559176111854 0.45821535488289539
-0.063460842189708266 -0.13820027611347394 0.035655607806420603 0.49155720074215897 0.15968759785636005 -0.31650059131441366 -0.51337955622951004 -0.30780233796269896 -0.49683083527606342 0.019060558295715783 0.052875478592109039
0.5833868685208915 -0.3666597379792732 0.35903206606242655 0.12297476580210875 -0.095275866145784108 0.091960158260572217 0.085004087516125121 -0.32624181894054061 0.48792271550579497 -0.097681131072502439 0.048885788587765572
-0.33360173422495276 0.3986145283030198 -0.20574742930999873 -0.13856364006230243 -0.15960693133814899 0.19374782173493638 0.43472475160827678 0.40778211475466325 -0.29105768535923016 0.052604787930086556 -0.40313541159287658
0.31769289024116559 -0.64992194626693833 -0.38625036640910038 -0.064283410583918787 -0.12311137504967022 -0.030297945152269509 -0.21169729437497267 -0.11162825910400301 0.32930254765336181 -0.34474455706023799 0.15070176669948343
-0.39221230832339871 0.18898908599675343 -0.1198691400783338 -0.0378152143247074 0.24991191208714572 0.37337754244461774 0.12591126206837561 0.57178110363627199 0.16841807196883393 0.44836523287208124 0.14354083386223268
-0.071407183959383058 0.078498684513458469 0.46230901973699123 0.26402129681009445 -0.63630619089496476 0.17295359987873141 -0.061935532804192769 -0.12910294033512643 -0.0046031650172562921 0.19194029305785246 0.46166842514156131
0.039470554815471903 -0.33783956949763916 -0.43799030870804911 -0.20369507241717386 0.07741109291115425 0.16482250763404158 -0.48684294203957823 0.36166880013732661 -0.36944081834569775 0.25623959166968535 -0.21875729336644767
0.43341275373043092 0.1931945475363778 0.065648606168391452 -0.093014026685954335 0.28743411617185288 0.04739136184644914 0.41339998383151821 -0.5060672327910356 -0.080709801591244204 -0.43907686694090903 0.22516090434277747
0.13816889162117857 -0.3936120139746398 -0.23554665227740595 -0.31764789443236363 -0.47301319136964048 0.15206047692392413 0.40492365075585735 0.093645602209185747 0.43301694567674537 -0.0860083023848386 -0.23473154171874841
0.2485573425968538 0.41653221342580193 -0.12154795455678784 0.25770209465340294 0.51811207754197419 0.38241352684890123 -0.044210733903133057 -0.13000410905033993 0.1058466152337313 -0.43837383617299736 -0.21592793659582893
0.33954438644558554 -0.41654971206728336 0.28185876365010143 -0.47295047915416966 0.067343992925993357 -0.14235239573273331 0.15498084701704229 -0.33053131127814056 -0.04416323957266903 0.32310816390169478 -0.37901282655145391
-0.12929418159043435 0.41483025080877073 0.32310986477093834 0.342776367177413 -0.40401425572733446 -0.098571249868782629 -0.32444983251811493 0.2471674555043902 -0.087896564160251864 -0.45761306510074923 0.18128562176278668
0.2689622017018406 0.37349736984515786 0.012621564006633808 0.31457208573849149 -0.49185861224707145 -0.19132524399189199 -0.16439058528458941 -0.36536234043785543 -0.4689215104385796 -0.048115345419453989 0.16672591455190144
-0.50724601312811379 -0.083277350717519114 0.15641460150590317 0.46329979582393582 0.12673904403065697 -0.37613419759277739 -0.28721720911266907 -0.081367632123072201 0.11479103977398306 -0.31438999092424691 -0.37145921821144762
0.11882371269151822 -0.42129070147271364 -0.032350400966923647 -0.24217189788333265 0.085338351630630652 -0.49717763030404932 0.31659309252915874 0.37947579239885215 0.19113948186334037 0.06056173753999896 -0.45803708847554031
-0.4620567873295261 0.16447388156737794 -0.17157803260762231 -0.42953175730078802 -0.064912127919037943 0.50914446854881756 0.06306024422503495 0.16762173831253438 0.4486501595630113 -0.16919481687269899 -0.14172560907435899
0.20252349455788665 -0.27017356348765126 0.1811929791732822 0.16669726683469785 0.047558351532840194 -0.74223545962156301 -0.1451943702537643 -0.033390504624166088 0.43274246699128038 -0.24059369597965102 -0.069632109814019752
-0.15341724810736518 0.098013373475334731 -0.28727252584848306 -0.69406291910644169 -0.12359760005470612 -0.00097748582290034872 0.15907148080712169 -0.33470379231977354 0.37686392189060064 0.080876607090095101 0.31848478582630829
-0.036227755635116404 -0.12068405299088088 0.033961131521612238 -0.06183044731639932 0.61257086406221273 -0.12278740675944777 -0.36055092562232932 0.45697895540386563 -0.31776907277122135 0.21188768679439934 0.32268626338137868
0.32455861137899972 0.049398434335099391 -0.027091682136650988 0.28570821399690771 0.19141125402121428 -0.33407244117518758 0.64140095364351735 0.014849654041219273 0.39906445474727159 -0.2973372431515941 -0.048354160030678814
0.26059335230699254 -0.29902740647925352 -0.056467288767155642 0.73583764173403066 0.043163094320330817 0.0052632169758569146 0.18441487591215003 -0.11012958091424624 0.26096331661876943 0.077335483978061254 -0.41942504729356705
0.045308354408964129 0.076717657379152288 0.25156534067018138 -0.16605573877212454 0.1323074891758845 0.33418723254754712 -0.45642657740460468 0.56008064277410052 0.27539392262988022 0.12234870246920231 -0.39898494004489704
-0.19570046132191574 -0.01142125026839803 -0.39733138068709184 -0.14385730441547617 -0.50700720676041244 0.057273677238007789 0.4015242208140557 0.3338344689462201 0.049858291939610028 0.46627215276048911 0.17350628312820121
0.22324854959601254 0.19365630462532624 0.49256769158291497 -0.054293081635498085 0.5106326536459832 -0.1609138215224043 0.22146942070029541 0.28530506838388225 0.27914067332277182 -0.18401045977030239 0.37178035880346272
-0.26455648732158793 0.043989690295865302 -0.30809835077131087 0.34165937310891659 0.1513900603508597 0.31847169520028146 0.07394391737993819 -0.58017943538899042 -0.30814719677391206 -0.39185785886980568 0.038635780855982127
-0.18110903460277578 -0.32969194098212062 0.49862253680217672 -0.52823754251719279 0.11531775969206258 -0.18885659443856995 0.1676904019434291 -0.061305270880828024 -0.13413332555484905 -0.29326709517000804 0.38210294668602351
-0.3554874969518621 -0.30023613224247181 -0.31647475787615637 -0.31428010040872023 -0.40809025200539711 -0.37396183266374411 -0.055453279934121545 0.15842499233008472 -0.25458418057680898 0.17588068464121745 -0.39275040390834881
-0.35451412226000539 -0.16933565691428087 0.44809976760486375 0.040775411793957071 0.33045535132231418 -0.20065590178245338 0.41341942416826344 -0.26983325603754854 0.30268601998046885 -0.3742786631711536 -0.13526513077359334
0.017198815429196712 0.37417427142822829 -0.61807870490225447 -0.15508435877611798 -0.35604249239098773 -0.2219326943443593 -0.16304418679098873 -0.031962282538504215 -0.34241773626658928 0.36425390354010589 0.0083179111476169385
0.22439449517598042 0.23194769746087662 -0.066525173095481518 0.20981707108815484 0.42569775725927328 -0.64151165572348856 0.029905780241772498 -0.061224452185240912 -0.31826643541991634 0.28838397863860782 0.25601007196918479
-0.14014285235011362 -0.044543078453700966 0.19378911968809598 -0.64059153733820218 0.34017090791337506 0.31458286611573799 -0.25539315385056605 -0.023661470797315075 -0.29198704914609452 0.40464432908502623 0.031725858070113418
-0.35991871321527569 -0.23439811006042621 0.026080593785501253 0.18527758681907544 0.72471099544864281 -0.060156380847719175 0.0042067364925287539 0.040811157972792202 -0.25674605632864994 -0.4274788776658176 0.036650671334348663
0.077495555712276162 0.46168035358216464 -0.11309841957210275 0.3087437440562496 0.27452198762856195 -0.45253297305468471 -0.3644705737828981 -0.098714362737302011 0.021798486924029442 0.12991560816647477 -0.48233469782149985
0.14709125326667649 -0.30286821914683365 0.036248744584557173 -0.57829960806356273 0.38634026581715986 0.04599891127961124 0.3840655045901637 -0.044828386388057216 0.43913530773236281 -0.23803366765406397 -0.022364135707814002
-0.067662143765037569 0.13744678784706524 -0.23185625856341985 -0.1441601263033841 -0.33473860326229066 -0.73351081319193279 0.038341447211652203 -0.020799903919127609 0.40096067218239223 0.29547614555089757 0.043867833014965683
0.086573359549523443 0.052403272622064283 -0.19996791841067985 0.31741401516561663 0.30893453013030159 0.032455016697869522 0.42693120018597897 -0.56591165680680078 -0.19792563218619927 0.39692935829278297 0.23080842412913116
0.46477757642594542 0.26777901000403326 0.23627925416972925 -0.19690071805805248 -0.46909929564493813 0.10298460615558488 -0.1712708408349404 0.32815354383306417 -0.33419297680706023 -0.059628919327524163 0.36709596324757809
0.047710258098296203 0.60223366726837502 0.15409497153585641 -0.50240239198790748 0.27501588610689082 0.087343066508454942 0.042092950289881137 -0.15443623995198008 0.36044743193582224 -0.34212280364624909 0.055042129647215533
-0.061345123548173668 -0.44656325600012892 0.44074472859616493 0.40331846335706401 0.17775177256859043 0.25912287989048222 -0.1527905074754537 0.26040552380622101 -0.019319235609995791 -0.22547198288550507 -0.4458577711211546
0.42273249709475763 0.10508699880849819 -0.089307243315572604 -0.11011391054232224 -0.15069169064116392 0.097687518335552115 0.58009181624398709 -0.41399969738854331 0.35605499873364316 0.33573247765740372 -0.10251117657507494
0.47600953346717501 0.5447087958580169 -0.30371926156302853 -0.1765176795295135 -0.13685992009065953 0.12031513695049244 0.066642763401928831 -0.25623376614317139 -0.064547984229047062 0.091965687598486015 0.48721234594014989
-0.54009708590598327 -0.0073655159729676114 -0.063136212617233053 0.14981871317453677 -0.19325866832794825 -0.054842959325038673 -0.53499209494545918 -0.32440076153400682 0.13967996818087763 -0.33828671466887955 0.3406634778891402
-0.066672181920820181 0.66256377627463325 0.090803272493632167 -0.22634084370361479 -0.037217805981433823 -0.48585980183939143 -0.046975091095356643 0.086238502965300251 -0.48676332915031223 -0.032599171618149493 -0.10953883057763267
0.1773932803824595 0.012163222048166262 0.099685429191641056 0.51725962862440844 -0.3892648281296115 0.20171566697303125 0.33578517390371038 0.3686746155786681 0.22721263523522661 -0.42826274820746835 -0.12233330244561536
-0.4882431021524426 -0.28156965916237259 0.099885982635815537 0.41495802048238334 -0.055763936250024709 0.12715113875244313 0.021326527395521312 -0.4800395634810451 0.027268603637853925 0.31314835213625769 -0.38883741179314013
-0.57342298798002067 -0.18000542939077424 0.39737081994158235 -0.29151591937031257 0.093599192135815815 0.19224014648220966 -0.30272247921198281 -0.092417749108686206 0.34714162761078554 0.22828945534423686 -0.27816652379171397
0.61505570731444914 0.044599800940533098 -0.26466965040681539 0.12223037178358927 0.15200728157036802 0.060711684998935672 -0.41433936384140801 0.29369681007603943 0.0074758733886657082 0.13109412498012304 0.48245045518972468
0.11366984458347709 -0.24265003345325276 -0.04900883817143567 -0.012950997202373518 -0.36040251495004982 0.61023915837767828 0.38907558868873338 -0.14821914935915381 -0.27398044856513865 0.31080653567197103 0.27988213802890893
0.48416726607487887 0.62948350890171745 0.04367224936671503 -0.23450741210556952 -0.20802228936546413 0.067187028276786423 -0.022174690463009045 -0.11896424776593269 -0.055258744988585816 0.30209369871396669 -0.39457048584454657
0.38619059975189302 0.28363856721516523 0.055494358192291642 0.10488265412803105 -0.214024797357869 -0.64160210697102305 0.15280195088277426 0.1597425277625589 -0.10830058485541089 -0.40646741640527279 0.27028729663230289
0.22783449147917206 -0.026721563872739929 0.19852486232275912 -0.55708444825151671 -0.18843954900457091 -0.41352085668963062 -0.36510316494155948 0.088390697903905788 0.088773917077718506 -0.4709132632221773 -0.14268808698738142
-0.39938022563655456 0.1222567903046439 -0.1792239592527555 0.11081883110937521 -0.49392854020597166 0.28545303885477663 -0.22446226083386869 0.3940996383354588 0.2957640840031785 -0.039630655430736669 0.40118950355647509
0.37099001662382447 -0.10900935600057392 -0.19658506319638772 0.079202848744162183 0.21745703756689352 0.68288928014181194 -0.097517523601961087 0.18008217573998253 -0.025778312518774573 0.49872755008221248 -0.024623350557517378
-0.006736558715786589 -0.32335817576691062 0.49520356454319792 -0.069826997739942387 0.13387677765261327 0.19239232512871776 -0.53491065192855025 -0.23286160070306364 -0.33599480954619571 -0.31794160741714211 0.18979099618006023
0.41556261548740464 0.016643447465232726 0.34281698303020947 0.076554356484451858 -0.30691629957723032 0.027247702332383002 0.59558175230727417 0.06315836449021188 0.085066645885149408 -0.10786298847805598 0.480759026409732
0.10211258513135961 0.34068445683548593 -0.054756982305590091 -0.38656613765485559 -0.50377747698342057 0.21422672667312639 -0.3890862542440966 -0.14143007090901288 0.26802849180980148 -0.33259477392717163 0.25988736778554017
-0.22170940283733614 -0.21503778297336471 0.0023113275881446486 0.35611128391610025 0.44959866553932298 0.17570434945766833 -0.53914913855279911 0.063955701423023453 0.12427241352348924 0.40210726955623594 -0.26993723531049857
-0.17061998072343809 0.10103481845733965 -0.010098878358022348 0.3832060103073171 -0.061002732767382745 -0.20616435565053098 0.28060905762223642 -0.66239371660060087 0.49538098409113651 0.01403691200707049 0.066337362792042179
0.39309828606766056 0.083167586981113414 0.36278513771836801 -0.26517952651736965 -0.2237470814555681 -0.28793858907713277 0.31660750028142615 0.39167838306323122 -0.38651765138417155 0.10996892361061743 -0.29750788394324301
-0.0037371904280064936 -0.32826726058328853 -0.050934094568902508 0.096883200649825529 0.39652200987471647 -0.28777973297514664 -0.60436775849927526 -0.15792003020317069 0.28044903445191038 0.028334059735925864 0.41297157303363147
0.31210509713883799 0.079968356107444252 -0.078162794746070921 0.63808412302584161 -0.095588686333923006 0.27996974976958555 -0.38109485280234578 -0.013459392546655414 -0.30596312426460365 -0.20470768610590462 -0.33835089750052233
0.1192410046936644 -0.22476893958340372 -0.7574977551875407 -0.082240783058034436 -0.11335021569084622 -0.027132361461975722 0.044582266890579127 0.29853324124671343 -0.031686355377941851 -0.34115353207144788 -0.36415689261366202
0.11373979923910837 -0.63478187945500619 0.13269968201352736 -0.46750028965720664 0.005735277351838544 0.24129494031846971 -0.16355051691738196 0.11377426745540953 -0.024831329368506412 -0.33262045622116243 -0.37248763360012149
-0.48418525568147719 -0.41641633779655041 -0.35457640248387179 0.052460414703853576 -0.177287667207396 0.15989361044266254 0.16860833154132013 -0.3581339112930933 0.35860495672352899 -0.34766079253980026 -0.023118355129935046
-0.38753479692026072 0.29135228033189997 -0.15118832264124898 0.11889298031049443 0.15268243001638546 -0.49166960029296569 0.1568490742741441 0.43391776624445694 -0.012996525928884584 0.44274390618193538 -0.23196750602733429
0.25328351002470623 -0.076006837713145897 0.079160535141322805 0.56721474695917407 0.45373713023314338 0.11668810273813056 0.1953185916455335 0.30729239457455515 0.092170412012546013 0.32948187055886324 0.36461803592591219
-0.27809783232771623 -0.19440833753240094 0.119188774714727 0.1944549079143546 -0.13108015352658406 -0.59522182825818049 -0.10742001663596173 0.44703269149459463 -0.39320805323825631 -0.30687799996016812 0.03483274334627634
0.3870525734494516 0.16392845865391059 0.39959310499246753 0.40653806899539796 -0.0056669575637282241 0.45258793875769671 -0.15114971338990793 0.14372098717536394 0.083534956805524904 -0.23142219476736586 0.43527655434281576
0.2808363681746715 0.25676739815490623 -0.28272638734120409 0.10023398527932433 -0.39665764913515694 -0.26448332524703722 0.4555865285154968 0.28350056567011461 0.19482196786744665 0.14052722562136882 -0.43851624792636407
0.10805044112247003 -0.012711142281942284 -0.48881354700310481 0.50267079056231223 0.03439219546194635 -0.22461404199171645 -0.28350930321929274 -0.33843035566626301 0.26247254194255559 -0.40542037162165317 -0.12939276255020568
-0.02115433694760116 0.37062364440006473 0.3275976960578047 -0.49077577704673614 -0.075117670129413977 0.10890268992081682 0.37800029245498951 0.3219049752768568 0.2411856385639059 0.40080122396057372 -0.17660086812421652
-0.024227660923103828 0.31230675077570574 0.28629855236043017 0.25820268207643038 0.15538995884565798 -0.21489857704724097 0.32255953902510293 0.57347182477250369 -0.42393502791399973 0.093829931195803157 0.24794159820277681
0.12588944479170444 0.15842198727706269 0.63605853331872753 0.13567934681843533 -0.20693332838760042 -0.29066258097422698 -0.39529540018259707 -0.050103761284813149 -0.37601643002384477 -0.007080470999225201 -0.32948673916039811
-0.19450989621702161 0.2151427203549281 0.27008713713405252 -0.13966325830051038 0.37543873403686917 -0.56439100031252709 -0.3375314162385461 -0.0027787750107980181 -0.077280671910877022 -0.39850947686820309 0.29192104171373873
0.1938557643521186 0.27394105941719332 -0.25585449362199419 0.30473984762853223 -0.058448184313650793 0.22131789298338878 -0.0024390070772474346 -0.65318036804080515 0.066806711175149941 0.098576591254370127 -0.48561251940063166
-0.095518313344217023 0.02314963827351256 -0.10242197825420199 0.70494752899408919 0.078948137042763405 -0.43142449267428973 -0.19920405873785044 -0.029272983446870859 0.31015837089696174 0.36214833472647895 0.15050039407716193
0.42395021847483444 0.15149447673685268 0.32167790602089769 0.13019993920071488 -0.083859210361905953 0.48554251766072282 -0.1741474852420789 -0.39214243094637469 -0.40221432995278134 0.29599163334762074 -0.024750470073165096
-0.14617199916107856 -0.40193738026041048 0.098504311370042924 0.13181384601047438 0.36599650213788004 -0.48589917173368929 0.33139043271440294 0.24521630469608799 -0.055017739051115865 0.013782123624376417 0.49677268590181733
0.17486690381694459 0.23129730555185282 0.14474465287063815 -0.34277421583846507 -0.60459916160425975 -0.23763186814599957 0.26010507708874803 -0.19445884581869013 -0.19558673197023899 0.41872359029599204 0.19083077636177029
-0.20021369388627985 0.17520357227577571 0.11282950484913548 0.013722827988698491 -0.72781863079609632 -0.24497132986386155 0.27517810656688274 0.029076962475498642 -0.36323756511872768 -0.23492758647119855 -0.25073392351541823
0.067251206946463901 -0.083126501064869102 0.24962501489591576 -0.39475921947117054 -0.27212468027895365 0.058048500195423229 0.28827697621955767 -0.59991223154352347 0.25150254099152314 -0.34600704207800409 -0.2588930256056301
-0.027335346051913408 0.085652094378262975 -0.26339143949431659 0.17818917219191246 -0.37733423230011626 -0.41986073112859768 -0.23156407016639655 0.518173707455449 0.35892858517454396 -0.32445208073827508 -0.12609963540472266
0.029676799930077893 0.61286199708302957 -0.29614185791579561 0.35038402660664419 0.23062925991559197 0.1793569008034317 -0.17882192710249881 -0.21380939866789969 -0.44960928728314331 0.21815745626251459 0.016087668128504613
-0.32119474756868283 0.081116122669096888 0.51403604413099213 0.19065909452168484 0.18902316701532079 -0.24108037002148036 -0.21432502204595086 0.44708550215206166 0.26072591050086119 0.34316185393719573 0.25349939170712726
0.45936715469158812 0.17507405737191659 -0.024537362652233222 -0.54012089393685569 0.30301677289096585 -0.28490424985825163 -0.026267206249482204 0.2057150141047393 -0.26684063246392781 -0.12941571921380624 0.40255142340653094
-0.33778921951300533 0.064707051884941691 -0.35239462088563989 -0.35743838273770256 0.26239260045952156 -0.052201010963714579 0.49132745714666143 -0.25843719133694293 -0.080275080038553479 -0.49351361375404795 -0.00047388207839973171
-0.52196427568712733 0.021617947937855961 0.63578861421549249 0.21753123026281873 0.12753251676127586 0.014441542129794078 0.08726888862431445 0.038078881750680277 -0.48337256278356255 -0.11843330637575002 -0.048213250138925606
-0.4356148012111753 -0.086728523282947723 -0.19250791911614712 -0.18360841388843038 -0.024885462245096693 -0.21525441532302891 0.64152361686058312 -0.15310211985716526 0.38315058855074996 0.2636498319634013 -0.18353308311823285
-0.025513644181843376 0.39001718831923626 -0.021884949085936883 -0.31913392308219396 -0.34284261169097396 0.57434968520413532 -0.17471256118852121 0.13025796941287032 -0.037510219272213437 0.45150261042304407 0.21151448232054262
0.48524616554540673 0.37888006454726442 -0.094485724404007862 0.068579578876032304 0.33831678783502406 -0.37015374435711085 -0.21405693432688205 -0.24507739641010395 0.36480573411811429 -0.19702324882376004 0.27946129566985534
-0.3317279886130351 0.23522601906766641 -0.044356031282734791 0.43916924260298668 0.30904630946312134 -0.024738193807845182 -0.30726547018854095 0.4463793359563778 -0.42750453367268099 -0.044164221417678347 -0.25551789611664
0.014162261542684034 -0.60338859761464747 -0.072167890272695406 -0.10744857871238452 0.19481311400185058 0.30028953730596447 0.39096477268340868 -0.29662909513563313 -0.23958036328433346 -0.32995036769022001 0.28936828504456996
0.23495281647664187 -0.019582678770950612 -0.44412229533253256 -0.31514548057457881 -0.021173550806612075 0.46722905967256739 -0.17238187755708984 -0.38650430840735595 0.0066957649367718076 -0.46054973006273797 -0.19454848462799829
0.54578874675925526 0.23455767736351962 0.15459345909867087 0.28329847908906675 0.19188307885712272 0.22911925900356478 -0.43768375634858786 -0.10981053082960965 0.35348482464535752 0.23582389931529463 -0.26350629453045399
-0.3648315790398623 0.60905205377450944 0.28342868435085916 -0.032651748422572104 0.18203361240079535 0.15705546293616901 -0.31511281378132411 0.08635287516615707 -0.034560493780954701 0.45224470580334508 -0.21042884389375544
0.37960159443539726 -0.13913329308325867 0.20495799787056757 -0.47151758087907381 -0.057921620658019646 0.43267221603320738 -0.064882884649911154 -0.35698458916529557 -0.042289592791758361 -0.090484692154186558 0.48992255594866163
0.29093933765726965 -0.19512831577634634 0.36189963857508695 -0.046330503374340713 -0.069059309551095294 -0.44470481345863466 0.39374297695646637 -0.36958934913041541 -0.47937804087647884 -0.024029838540860143 0.1400687716271157
0.46720499346268118 -0.3713210645290117 -0.065378603172671024 0.26774295680482807 -0.37954194633045057 -0.37635874893164933 0.12280030723207602 0.13077307089451135 -0.1712311901350021 -0.30228456269553072 -0.35958854637060184
-0.22240936838965092 0.017357000640795352 -0.27977279690069079 0.6068189216461044 -0.39143913776149508 -0.2772584593607666 -0.056932750304388574 0.14280264672654139 -0.17639474421986048 0.14824302724631844 -0.44374418202885457
-0.050676638327357561 0.042027736367172816 0.15599062824436236 0.16899769161497374 -0.2780934546739538 0.62421106990464492 0.043990028861915824 -0.47314025390909276 0.41554939180621608 -0.21369820554363975 0.17790947112762787
0.35051782629954104 0.025985028085203875 0.27411002882988655 0.15973202505807535 -0.15144883204763318 -0.50091077158449304 -0.16054625587375834 -0.47559221391264883 0.13043077857152324 0.47866034684285408 -0.06222607461108795
-0.28847723652962387 0.042852001891342292 -0.27937429783891665 0.087633362312573682 0.21557779110945441 -0.10548019129128983 0.0067924181324387463 0.72219733711526324 0.042819137670219831 -0.31708871480055234 0.38421513295979454
0.26396790000053388 0.065992955642758436 -0.49471763466483543 -0.089089240462634361 0.33386877779214197 0.44823193972210396 0.31296264229126053 -0.11383144872519339 -0.49744853339638967 -0.034181114054956427 0.037102669226662506
-0.15303283752705768 -0.55608189960119325 -0.21714773513130689 0.42179473506535803 0.084758343188723356 -0.23666221811262073 0.1827814693690834 0.3093345865014604 0.21841902025909588 -0.44313010506332268 -0.076998971263422492
0.50464630354861006 -0.25352911623006547 0.11100334251818254 0.15737260262986116 0.028783023413796134 0.53225706945506746 0.27832704053067153 -0.17993116883220389 -0.169397941815425 -0.31478348861839528 -0.34959361064231503
-0.30728221055838995 -0.51602128756414345 -0.39113509424727233 -0.322476249411696 0.051188599947384707 -0.096259159345764692 0.18239779068252221 0.29524062711649929 0.38454970566637559 0.047170271112452505 0.31606405900557827
-0.15258258010760961 -0.49747307375643535 -0.13856719097161457 -0.11209804536901793 -0.047158343247152387 -0.2106974988258806 -0.51182374169902267 -0.3726813263763355 -0.097604921105601372 0.47511890444858029 -0.12138906874817909
-0.13406623975466467 -0.51610930346342343 -0.5005399218716543 0.21733690339467898 0.16540389115151616 0.32459713760897435 -0.170737855974988 -0.077515952275238331 -0.02025737228181395 0.15313084991933118 0.47554240785782631
-0.067830771496468698 0.3006021148074019 0.039170040629941665 -0.66095035649567946 -0.069056209199253371 0.24894141514149556 0.38716534967679489 0.0031769458317650596 -0.39291092662910054 -0.0054586241335607168 0.30917827730620095
-0.47381062022423798 0.035708543201800454 0.15937967036566622 0.080022234394396222 0.14798364236742081 0.40409321124855935 -0.42998255642831107 0.34978204379822136 0.067839708852168182 -0.4950812960902069 0.017096320203302789
0.18433034507510226 -0.4531025498762582 -0.18280643391307275 0.1209968864949079 -0.26746820257444681 0.52743514270738978 -0.23168421146588652 -0.24342826739084933 0.29409606024707552 0.1205717350973418 -0.38596627319335164
-0.090849427842557576 -0.53527332878779998 0.044402177058717567 0.037244769790468923 -0.19188265101901233 0.57491811530454573 0.066750812131636084 0.28295698746834491 0.27617076021970277 -0.35442420610365249 0.21934719812996706
0.24959856341595898 -0.51734840078304034 -0.43038962476782766 0.19893187202443488 -0.1399631981123769 0.019247666714498703 0.046661518282833436 0.41605841386123488 0.23453653307031583 0.41282365652001335 -0.1567457918822783
-0.046387551817297028 0.49124884538198216 0.18890672122939836 -0.26464074646657582 0.2142080775563035 0.26129547270302078 -0.5237458917818214 0.11105003029014153 -0.16211590520150509 -0.12024217466815093 0.45744972697747938
0.28043421549858949 -0.12303642330762234 -0.13434489678412365 -0.19597955598359609 0.0008896447317903618 -0.69621369525382204 -0.24711606866135533 -0.23233919028979952 -0.3882949812496051 0.024009963157394006 -0.31408681794298454
-0.030507051156877102 0.48121123425101042 -0.42254403937913415 -0.13625850977378412 -0.43006531110462037 -0.017219630957429795 0.092251504985250199 0.35585417446175277 -0.18475386177145903 -0.41512390517702424 0.20865798309939995
-0.2175112040722631 -0.59581100984274471 -0.35050223227629607 0.24011811907478048 0.18528254953393433 0.097572242614032453 -0.29336019841337496 -0.19307878964522465 -0.20490909136585184 -0.223441571393975 -0.39760046334054006
-0.26496063391585728 -0.22731828161778825 0.39428728029271276 -0.32497415078950992 -0.16409524108013485 0.34215530339190925 0.46241536497264535 -0.09605276512476793 0.36888169641636537 0.16416358593868677 0.29491797351252719
0.43299286672476994 -0.17275647736159447 -0.48232310129034817 0.20730678027708382 0.38506266880640627 -0.090426342373964574 -0.21267349622785292 -0.23533062573040484 -0.045887444377075197 0.41531173108025365 -0.27460973849385611
-0.27805287362818115 0.14188566312827117 0.33094118003398981 0.44259965038251864 -0.11068942691309046 -0.52450755017242556 0.099906279389404828 -0.2231523220248505 -0.18053980349679841 -0.059292216334538073 0.46248222931857147
0.16234502579023577 0.34943916701050309 -0.24977301593606596 0.079094792271688308 -0.17414379025790144 -0.1702165899003342 0.68711253141838602 -0.038346284187708149 -0.4670782864018635 0.0069173511651539109 0.17829757324416096
-0.024154812222176397 0.41341320898940209 0.49781260736695859 -0.17188915059664839 -0.025049074690902517 -0.13999265673504191 0.5262566016205511 0.0630188916234804 -0.16184832770146595 -0.47245004414631564 -0.02441463918191903
0.012597299600084806 0.34048452654519984 -0.43916768752906532 -0.15025221925630905 0.29008667446196557 0.38317327739903412 -0.43065711865091899 -0.045055687844856064 0.080458330554627283 0.18767277749536979 -0.45640484838741074
0.42813389904802096 0.56163906685578469 0.21889267852768624 0.017694605922329902 0.039969372321774679 -0.14446793675923511 -0.22209738566270235 0.36227066550033632 0.23270900388065965 -0.35204594418415369 -0.26816072176282435
-0.20310967948119801 0.06016236611884037 0.12164555535564184 -0.20027824266674346 0.53257457176207901 -0.18867494498399945 0.57190799738480436 -0.062492122348273123 -0.46899975898482166 0.16511375568806233 0.052694152946623364
-0.16800033228409239 0.14946962700868949 0.37845528765811254 -0.29500326332488858 -0.44917340343596002 -0.41961805920807876 -0.032591465994248607 0.30046817335975368 0.15416697416787822 -0.046607126966824883 0.47335010276941841
0.65744327817285519 -0.33002329155425586 0.2094556267355937 -0.0053386239330817055 -0.1032454435412077 0.15168375807813095 -0.29231350510552351 0.21409818587863608 -0.22346613772023197 0.20884741863414383 -0.39553209859916139
0.1010706171573767 0.042072714495782544 0.51206182908497055 -0.21724557606176001 0.17518026477247697 -0.026470606729331991 -0.21568652705250108 0.59220111767860428 -0.30987699139847286 -0.39128074690656778 0.029591000356009808
0.33963824091930001 0.17370210285388968 -0.34332745183741498 0.35885977128710372 0.29590890516526341 0.079390392147708655 -0.031396633861534406 0.51280474548961452 0.10571231142965071 0.046007099356407191 -0.48652672487851084
-0.086160364054134853 0.32978981677815394 0.17973751711618677 -0.1831740146730019 0.012878558926094939 -0.26555134291674592 -0.70141109045105143 0.072772816987805355 0.49873268158493861 0.032198004626843663 0.015132772949664298
-0.153532753479838 -0.47272575834817793 -0.23793089569260439 -0.094128343430239195 0.62737340653601625 0.052191733574665375 0.1868558864128331 0.079058865864452724 -0.014465633949796511 0.49860437770665528 -0.034415403036858132
-0.27022308789892752 0.23809406520562348 0.050848615774718844 -0.35433175555585888 0.41053235968079155 -0.018520255309892149 -0.012155263277867505 -0.56844221828744401 -0.19947116141446186 -0.051276515435846604 0.4556116490265838
-0.068487300237938198 0.10041339771114917 0.48822152758496562 -0.10150310923351015 -0.070611836420938726 0.26412876976098154 0.54927969910486507 -0.33182114425972931 -0.25041479132786149 0.33815680349294641 -0.27007852290705414
-0.042895544939636203 -0.33991725846535314 0.097319107253145118 -0.15628371872351224 0.030740987080538188 0.15522534244663772 0.64196257610821761 0.40195118596574619 -0.099713104250913231 -0.44089913502005357 -0.21369429000142967
0.23972934211105859 0.29839910201717168 0.25680097359642728 -0.24603462918425884 0.021393366683313299 -0.59123825449906764 0.28271086000816559 -0.21693837733496657 0.19012214099023167 -0.04364788941591647 -0.46037857601633275
-0.40954741728144711 0.089663849547549912 -0.14453634492927953 0.10679112815423633 0.44508929842795653 0.17410587656372545 -0.27899678660652599 -0.48546849563958228 0.43676358219480849 -0.14811759869582156 -0.19312884358619867
-0.60610625745502178 -0.38015574073272113 0.13884341737198241 -0.025459591802811841 0.014192995648647863 -0.27291451384485554 0.054478078108696669 -0.37488598014923574 0.21065634350260384 0.2385092110741423 0.38566470045222351
0.086266679020287493 0.715890925300391 -0.34232475680059504 0.15980308668398127 -0.17816617846792493 0.044839901490686646 -0.20355508804661329 -0.11021115980617921 0.49455999735031536 0.055741567065560327 -0.047992569444983819
0.16887412352152878 -0.1810841396256784 -0.19930531840869595 0.22705600130551493 -0.47732076251079597 0.46843849031757817 -0.35662158046890025 -0.15153991525332852 -0.21129449830805633 -0.2609885426185003 0.37045865573180758
-0.40071700663585946 -0.18018091066331626 0.20225947620586818 -0.27784832474031329 0.24483649243772623 -0.28955340030817495 -0.52733058003381605 0.13033998792092916 -0.36926427076992457 0.0094680021767873188 -0.33697812283223394
-0.20410783706398575 0.52449335430611121 -0.0038775406458708456 0.27258926261704619 -0.2053300850147993 -0.31880681658758458 0.26882646942309002 -0.37796940345065216 -0.16668660275063679 0.42445335493767372 -0.20507297712181527
0.11008812414424855 0.0029796395685384668 -0.14390016388367668 -0.40962956957688784 0.56431902981021098 -0.24788440377794635 -0.22098262847882733 -0.34732134702786405 0.044357817035365628 -0.40258408972083409 -0.29318668928091574
0.49077682965454006 0.23886036302682584 -0.29441135897866866 0.52396102768115382 -0.27547589243737602 0.06479517724932056 0.088960936779340916 -0.053583514656809425 -0.034288482064661147 0.49834198394884355 0.02189901896505855
0.13591602610208653 0.064486500413311193 -0.0033057064440390822 -0.38850543018993516 -0.17370289893216165 -0.49815977328643835 -0.38999674555786829 -0.38208324978587982 -0.051580439669888331 0.07709954435776907 0.49131977214771794
0.26106316525880313 0.24407773737469515 0.39222162930972587 0.22492563404033894 0.61911346614209117 0.097521779697722299 -0.11497174471255821 -0.10868417989820182 -0.44557839925115877 -0.098698626897866834 0.20425100041187189
0.55891647518281196 0.27413960055739689 -0.1424311283298085 0.13931299559406846 -0.45050528743026419 -0.026015244896107785 0.13184408598478925 -0.31898345746756668 0.24861523785686768 -0.42569363648928521 -0.083518808408055742
-0.12106506551090586 -0.27927863987488327 -0.38262315453919848 -0.062951310935514648 0.12056962671124689 -0.18688935343364788 0.38384283989349499 0.55694106890658424 -0.47999092266448146 0.13966631816214428 -0.010101174720316748
0.29240255000542559 -0.059397491900258628 0.41073669083682812 0.11298145947115017 -0.41380442153833841 0.27088110793919451 -0.48240832131266947 0.046634589391483447 0.25265702869268813 -0.3449010463486667 -0.25924446779010901
0.011451863749090976 -0.054383171810487275 0.48551836858756092 -0.38872126776610028 0.33389067005015266 -0.31139422508712794 -0.10598443493820509 -0.37469583901822123 0.45128022844473953 0.1696573378935553 0.13252374547127652
0.015582572036968492 0.3778093090436106 -0.29636119446005266 0.57355936390584317 -0.25582292940433615 0.14025571500038803 0.28348999738101144 -0.15726853635888435 0.10205052516595499 -0.19871337122351074 0.44732391665362592
0.097929427850979495 0.18637360452350044 -0.19289846704758068 -0.37923176704111317 -0.063578335896004021 -0.04014944546116548 0.27130469476698316 -0.66737375945306388 -0.45497439499604703 0.051024288123888754 -0.20098463105280268
-0.28414960730957928 0.36058284045980771 0.15349411246409003 0.12502666704825482 0.35478069773800935 0.18893104325603235 0.34756024145362691 0.46656671737794347 0.2849735662379409 -0.3358432658766472 -0.23664185452057621
-0.2774001336343514 0.26084212310449567 -0.32225892225032399 0.31090310976031721 -0.51785915758191026 0.31268540597590083 -0.145847246972753 -0.13144316792483388 0.089851567476219668 -0.42455640949176116 -0.24835166796607297
-0.092629259474005743 0.19285137645896658 0.052195930295401947 0.27164065690016642 -0.40609653645512012 0.1878962105806084 -0.56861385076040172 -0.32275998995949562 0.074551402962293137 0.47106627539000356 -0.1501287864020189
0.1072915866332151 -0.34293263166395754 -0.45293177759595171 -0.045577010619354576 -0.04594470706320259 -0.54335499998538139 -0.25240018697162214 0.22936835009431289 -0.16617971973054352 0.31571928963928902 0.35029363525468277
0.57911782321088745 0.2724648219141142 0.13301270411172814 -0.43465489771821841 -0.2555039509511623 -0.22693665798205423 0.092318645169413918 0.09199434851995357 0.46893885172456157 0.04499375660743813 0.16754675529415719
-0.47735670617937453 0.35652740092894353 -0.07185909391005367 -0.1925414235915324 0.405346306782709 0.433294411786741 -0.025934105184146863 -0.0077849056834760951 -0.46384864408693821 -0.16850481487828611 -0.080315395420450381
0.33122997159715539 0.015301902408524415 -0.010229881588559753 0.33562218271866834 -0.45002179526705066 -0.259534535284207 -0.49844200582474718 -0.094780975396450806 0.33179786124385929 -0.099173714978939176 0.360658777144376
0.27373246228134812 0.061837698823114774 0.16469334852885659 -0.54551987310730388 0.070257461760359366 0.54522351966549765 -0.07074375505888951 -0.19829606875508618 0.35258483238409583 0.13831108242865664 -0.32642607195212281
0.29335289409214854 -0.51758417464760265 0.24062493124588269 -0.15922841381578065 -0.3969506793425201 -0.34332844461355189 0.14721949170219342 0.12521507469328272 0.26486857087613391 0.38404932785558998 0.17986315335750069
0.33286768738641148 0.10368638096702942 0.44356112439370005 -0.15322845004851418 0.37619794465360645 -0.39329405110214238 -0.22667006944387641 0.24624862140260673 0.046011165144518015 0.41023262417480688 -0.28212083713312569
-0.65509112858072582 0.25398822790532283 0.19813578898615716 -0.29811634735949555 0.24965381638436485 -0.060051242473844003 0.19333014783473557 0.15781229381920572 0.26223795872382022 -0.099140702652153578 0.41400769809509713
0.10641927822858697 -0.039020473585617776 -0.52063468954641967 0.59487483952534304 0.23474907567904188 -0.18209314675770866 0.14756051106887191 0.046654454748349908 -0.46910960627706877 -0.17163563500647205 -0.021849166906281445
-0.0060733563663345185 0.65022245233771669 -0.072301111913150501 0.49009791491320071 -0.054889245451797533 -0.10737390299863278 0.24148245209100816 0.094311721715358648 -0.19592377414989237 -0.33482430616141612 -0.31544660202067176
0.096472097972290921 0.61413393361372082 0.10198052953408449 -0.052204809273194569 -0.20337198590826891 0.47835718711978742 0.069415964395508803 -0.27459595071171927 -0.29876501480457385 -0.40080875977289582 0.0095814413391602325
0.19962335875458975 0.53574386021366138 -0.011681509089494127 0.14693093876920416 -0.099093368012687574 0.12784809642551417 0.23372524636383413 0.56622588277924357 0.3577411932813942 0.0017874852382202394 0.34931081220902266
-0.27499615132518784 0.20536947782968379 -0.24108140632526842 0.48705016804308476 0.10004342287614151 0.53094391765597571 0.0034461013479630594 -0.2119914571264149 0.24403176187477443 0.41745365940426721 0.12720432951074978
-0.084919030720715133 0.64172561003122219 -0.19292479804049043 -0.40915676774784859 0.12024192098784799 -0.23191090749186921 -0.090920925582917075 0.22324954215691967 0.17614857755517777 0.34628033513166112 0.31474054096412823
-0.11973788935881344 0.30096605211374416 0.21159112713454017 0.18898860934403705 0.31527602870772448 -0.38827225688648603 0.10273262520724639 -0.55125897884360453 -0.33610103419563181 -0.29453756362161593 -0.22424031401259914
0.0030313763834153838 -0.12848193354475548 -0.4007470152861044 -0.058764718465542806 -0.5562437459055336 -0.36272392555480465 -0.31715019480320938 -0.16694832739547466 -0.19805971343892714 -0.45776336135842305 0.035000784424464318
-0.25059762639247868 0.0087885152941157545 0.16657452624230898 -0.74171394117770229 0.046470530934337242 -0.18341482150787783 0.24332924909374104 0.11927832098315685 -0.19034783819232115 -0.17939480784245995 -0.42612815374565066
-0.13587696398968563 0.39810659793028308 -0.12121937071179911 0.30760180633131295 0.53947014559941386 0.1000640216395383 -0.33433574566629559 0.22564206832348846 0.41160596861740445 0.012460893711509958 0.28359346382883832
-0.2775738591274664 -0.30292729002240476 0.34692255287147789 -0.047143218444058645 -0.38083637218513577 -0.13511685990069158 0.48845050528585288 0.23818745691172805 -0.3594185259169328 0.18229329226494811 0.29595181841459489
0.018992279294081135 0.33341194757580633 0.11973764080555582 -0.17884644718051837 0.12013866635809553 -0.45077150007790528 0.54923822550715629 -0.26992913783271433 0.19392376947751211 0.16886310436827628 0.42881094157535371
-0.48822519285437094 -0.0079080923769568288 -0.36002306606891965 0.089418546206780844 0.11559056359846982 0.28377176161606321 0.52781862986124584 0.038486900597106848 -0.2526091028297075 0.077352192260453756 0.42450592401057485
-0.15243777032996797 -0.34715779594560414 0.03981041229146768 -0.084734041893072695 -0.34970841727307361 -0.48014427304136592 0.48638373477326979 -0.089865603044824036 0.26239218399730568 -0.34141253903422347 0.25414133856444709
-0.44191567910423746 0.32801543050386578 0.35436120897267054 -0.093728779733722359 -0.21138295816463221 -0.24557766376529719 -0.13260587775449445 0.43610090183392991 0.089285572368814597 -0.13830029565851126 -0.47212404597472207
0.013651641875136464 -0.043534029606597517 -0.090271497087853828 -0.024607690056593405 0.02995349846443629 0.55157752203270372 -0.65637778632421651 -0.056543488414190358 0.39433518110565674 0.1215101011673496 0.28237397234282979
0.3157146608392975 0.23017451268712569 -0.032433712171410965 -0.16779331957470339 0.14620850438369051 -0.081846878699697506 -0.72253167522411488 -0.13419963804754084 -0.3230146394186848 0.38095431631231735 -0.023137666352332796
0.29706545262841383 -0.23122470912631535 0.49126104845828911 -0.18511171812281121 0.20601717232945899 0.32908678089604937 0.37693924723783823 0.1996474494253099 -0.4583937904817515 0.046083630944300971 0.19429727688972234
0.20215091396828391 -0.47920859323195786 0.093912987168364354 0.36158397894424044 0.38166106408837058 -0.35996585621239446 -0.013661316948743948 0.25397695191854974 -0.35767223646620294 0.22636904321173346 -0.26613460416989926
-0.15283470811520827 0.54102565884921805 -0.2179673517932938 -0.079653089721234874 -0.18006317126142238 -0.35824628953799936 0.038310100472836381 -0.46674146366214864 0.077109507221733792 -0.42476037263054489 0.25225532648247884
0.065066634819229655 -0.35467534752590296 -0.28461997108915771 0.014638218685258142 -0.34217850232280833 -0.3695665248224077 0.15267230666587903 -0.51163908036597328 0.18892484250333164 0.12554316826099288 -0.44558536419869488
-0.2518676706474684 -0.33811515551716209 0.2302647930533076 -0.21584422266680062 0.42759133994112025 -0.24153261232609358 -0.18979821243890885 0.44207973993273059 0.39215941149576372 -0.30646406393828496 -0.047862025549773438
0.0057388407322179862 0.07025371829010281 0.48828431216897555 -0.010385573466357982 0.53814403785517362 0.45608558582751318 -0.09423264247117738 0.003032019312859467 0.31869221035296974 0.36410350311761824 0.12595203086023171
-0.037993249594765417 0.23441360178535051 -0.34090749777725105 0.19688677633570381 -0.10038042575743811 -0.043736817835530219 -0.52706548889324734 0.49883592779062746 0.18443278954193959 0.46423045882905134 -0.021785941272919735
0.21191508141782814 -0.028280012187343617 -0.14736566450996205 -0.28622491477313972 0.30022224321951957 0.085971452684916266 0.60965863859053582 0.36255035051206963 0.070830939035980325 0.22190049714184523 0.4424286919306693
0.3900245750921254 -0.10785365907204063 -0.18474695944863337 -0.5057803175511032 -0.28078728707504558 -0.20231494625939872 0.41615484805970132 -0.057840770870285781 -0.22944446385185122 -0.44419356067102844 -0.0068788564550949834
-0.17807718698532421 0.2507444284659705 0.1170747973257889 -0.6001544260792061 -0.13701983179344487 -0.298043072529034 -0.28783045566160476 -0.30178373906444012 0.023175219939297432 0.39847911738516317 -0.30112672114693934
