0.14522859127711785 0.34527749905303812 0.13886315457058462 -0.54763989008794345 0.38046751020591257 0.18758482539096691 -0.22564967884423942 0.24420956043685119 0.38842827234350508 0.31337912225717574 0.030282057023292518
0.32235190316533957 -0.43422670094201693 -0.096054663170738491 -0.28426630023574817 0.35309059977199547 0.023420875775771139 -0.17243781028742394 -0.461027425932512 -0.34105325330902336 0.010797048729496763 -0.36546696450714128
0.30050085074329463 0.23377634846704751 -0.6295722223029977 -0.43865695119727827 -0.040584677327667289 -0.098038888378433678 0.049611079290966649 0.050465382333425075 0.4372708073722949 -0.22959926271888831 -0.077964219863501202
0.57224101640895153 0.18116072227748969 0.18574374969795232 -0.14398845543784827 -0.46167481838389324 0.046911850103656914 0.030538084722293794 -0.34381777406565345 -0.29244280686908841 -0.030836993190079622 -0.40438383320988991
-0.057435662129241227 0.055806784358166446 0.02079902062289974 -0.29591132735002834 0.34702681181562561 0.52085866318668883 0.18752560134687418 -0.47822947245689501 0.29292531716658138 -0.20075721719820674 0.35198195735817162
-0.42881453516510731 0.36587183471127072 -0.0080272457292034517 -0.49961556416362252 -0.1255889498611534 0.021645937578165728 0.10914187781908653 -0.39296649466954325 -0.45451919935125223 0.081919098812070337 -0.19157650866146128
0.081731279199625279 0.26358820791224258 -0.57220505103891417 0.088284376849521035 0.4250088245850126 -0.10325549955252164 -0.28138995327903082 0.26106320700263497 0.12761874202817169 0.45110689311299795 -0.17382758028887507
-0.45615824538303645 -0.033865365472836473 -0.13724232696167166 0.23867323040935298 0.059607322929262421 -0.5020354638245792 -0.36791521823860557 0.27206281861117243 0.36397560734315559 -0.34281400481473251 -0.00056157106908129122
0.14082336279583837 0.14803902332879057 0.27693603364623254 0.081062191030042655 -0.029970462718699326 -0.081808838580508317 0.33366713566951911 -0.71138169106680371 -0.048397716079578885 0.011518704111544461 -0.49751882430102196
0.14163119832817506 -0.2771572634034184 0.36701951234017666 -0.053446603925232171 0.28476291719137559 0.51868755832241265 0.16295840534780429 -0.37266935620464392 -0.32643751127586668 0.37797220191920278 -0.02399095263568864
-0.42269771513394078 0.088556848158889603 -0.11750399482828759 0.52311490628340518 0.02082790482449319 0.0084406236470746642 -0.43866771958030892 0.28825946357316518 -0.26397955812418916 0.17002307576749789 0.3891104555253142
-0.30373224634441204 -0.49129678223620982 0.12288823098213575 0.50756595627878642 -0.19939393761932719 -0.2491507253440548 0.11732832387396941 -0.16747989469163738 -0.31137258145451624 -0.21420706603046491 0.32735676009664244
-0.19455768787889083 0.1333923707756948 -0.084741432460459371 -0.40546829379355553 -0.15352651046887228 -0.45622127830780923 0.0031273950218921676 -0.53949060145805017 -0.29990255904919555 0.3998067783337324 -0.01459435076135816
-0.027932570756725898 0.26508330844454242 -0.21809232397504494 -0.11842932184077089 0.2203163429906817 0.14635072480539008 -0.60075920282209594 0.43184650005670333 -0.1957371069366052 -0.35010434389204226 -0.29851956946908959
-0.10891332802760943 0.45381333817648639 -0.32782756079761388 0.044641162530522922 -0.59618574115249001 -0.0004369784612894935 0.25086657343442093 -0.065999480983012088 -0.32458272270006472 0.11939922713822786 0.36109539000575291
0.26344337958809516 0.78298689101339269 0.083030448560531642 -0.23516121204159332 -0.050008294965991434 -0.028778790007662005 0.043164042786593852 -0.011919744374610563 0.046426167906969143 -0.44589858195039866 0.22140249670700987
-0.13682880615564819 -0.27929517356159306 0.151830115874869 0.31361724290530391 0.11737575061432955 0.038367374054226577 -0.22193470736314636 0.68363717580355399 0.26881752119103802 -0.34792316939492801 -0.23808949682607611
0.021351453170202192 -0.38165159508851504 0.041394979808093556 -0.11269176251240909 0.3010219072541499 0.23618737319818595 -0.66555971681662751 0.010237048804835376 -0.41079702229746212 0.28182080076022631 0.042694762329860185
0.1459729344871406 -0.28351173686949682 0.48668613027248886 0.53769712920673451 -0.28341759373333553 0.099234821869441395 -0.17921764066619861 -0.0062737757903699853 -0.25775965165456288 0.38026289159277682 -0.19738311796204475
-0.15566805176696602 0.26365801481253953 -0.34045937029954343 -0.12582011516016728 -0.29633742996813228 -0.070167887065662071 -0.61542064201576374 -0.23027516862665964 -0.26075043117941998 -0.42060017039607822 0.071447248390239873
-0.1384037197358986 0.3556686158989843 -0.15261405536409678 -0.064526336474925589 -0.31391167871317704 -0.24862183755562778 -0.59709717044373012 0.24497174722862627 -0.40488296938943469 -0.26431491545059299 0.12730831303862317
0.12544896419017157 -0.12468281639305077 -0.62923885626688447 0.13103936023105511 0.080884553758863262 -0.44012290804901966 0.24004595324545114 -0.2184750686423394 -0.4921061025351357 0.041831081672615754 -0.077985540030043085
0.057691062501038566 -0.45718824591645368 0.51597777357432373 -0.17158883265734404 -0.43837147111043839 0.1761966164139987 -0.10101975652029434 0.092493639031124134 -0.40100495499686861 -0.070540594418273136 0.29020518707817078
-0.37359095949211324 0.33961025571859882 -0.23511652154093415 -0.43515167706235552 0.038543501268159808 0.22267830448622941 -0.11462082698804572 -0.43156545932978352 0.14535071393792187 -0.41282834033136045 -0.24175593348869612
0.017102838854620443 -0.58897462322791538 0.012114027689922731 -0.023741053699987573 0.38891390719748076 -0.39585950727993263 -0.27085008883286321 0.14417854022946139 -0.3058792347699158 0.38584497667747181 -0.086957160195880082
-0.26135387155885298 0.30836968989094771 -0.014263779098657475 -0.63721324006574365 0.22450264256499855 0.30631073107060486 -0.16112572303462025 -0.10084106483668152 0.21697063287048807 -0.40573019613396361 0.19572110876672302
0.078085636889658222 -0.26444022608559586 -0.54542887043883292 -0.088392908415167726 -0.34299255138018153 0.39235494076524213 0.056452994759992721 0.30642260150078177 0.080433188489670404 0.15707674273541536 -0.46782197370476014
0.26280077090127502 0.70207602583049555 -0.12182687200240594 -0.23318943634474756 -0.062090811763137646 -0.18932911724389451 -0.27595241464121945 0.054363499841382168 -0.099087128650259912 0.49008339720796706 6.8680018101115468e-05
0.13423604099692069 0.39453819348478059 -0.12463964822196945 0.59541430516844174 -0.2622019934903565 -0.33498826231365775 -0.15178887461255736 -0.047541337136605626 -0.32163900691418479 -0.0080551665669311209 -0.38273158155923848
0.5228838607836962 -0.030422261642354852 -0.24111778930702482 -0.341169629398201 -0.14439116863533386 -0.083788115943622954 -0.39231582586599645 -0.34547284206766427 -0.085850287394543118 -0.23886434197752066 0.43078249069097552
0.38635756705783181 0.0054399107176824153 0.16080810482471991 -0.45335579805366699 0.21643164370041126 -0.010384447245290742 0.16456643535072549 0.5433920378132574 -0.44805571506319092 0.05126111991640088 -0.21591288471077666
0.26738253690873792 -0.59297372604891418 -0.22367769852760475 0.091536252598243398 0.27700542496001157 0.033770255124461267 -0.35797084124791723 -0.24992515287859632 0.23251908032086438 -0.0014457449423888936 -0.4426429566911701
0.35916144384369958 0.17720399812177767 0.37182772834845096 -0.14330798988290286 0.35256019730528376 -0.45171323201105368 0.24265853291174638 -0.20876316839908457 0.2379586249197789 0.35486184635574874 -0.25970899643115364
-0.015053532463118153 0.011446626818810554 0.34957719912092161 0.20879402640873285 -0.35827875414511295 0.13446595349726836 0.21894082686479388 0.62406999470869462 -0.37985932570832687 -0.12133432545618736 0.30163699066677374
-0.4246054724427436 -0.37584583503710184 0.16202549054977713 0.31911399064450119 -0.20952816584296646 0.16924653533181733 0.036647432595956216 0.47589350292346516 -0.00056648514903354921 0.36943211697682166 -0.33692668347965543
-0.08795647244539305 -0.04600733208476334 0.54193282296412215 0.27575203160296685 -0.35764801528551066 0.32444749082605312 0.36662932957394617 -0.053115669679963395 -0.074668121328081372 -0.056162362125795749 -0.49119289565076762
0.05869030161922574 0.072942831399998145 -0.26913913592983968 0.23086627035455937 -0.42692889329977141 -0.17158813588223465 -0.14777103942259401 0.61802316636592913 -0.41227375405270905 0.14504752316313851 0.24288179788433134
0.097490899649175608 0.30502441633893329 -0.25880641538937693 -0.5885343321605947 0.197915558224972 -0.30864303266300086 -0.084243749005255331 -0.30425993837325083 0.34146791933435677 0.28072726430188599 -0.23364901699567303
0.64068020449299046 0.08599960228182732 -0.098842800850781121 0.040715053487284651 -0.14377274361077713 0.43610985592560364 0.220072318396277 -0.24781262185884387 0.41514462149777648 -0.2522726590152346 0.11837841338204849
0.14314038005206431 0.5014196643779314 -0.17138019262714305 0.59102761878121057 0.059732316214013141 -0.06577182384241044 -0.22801558785918705 0.19879472947729263 0.015498017200319887 -0.34951813525566261 -0.3572070612267666
-0.2169980798507081 -0.26406288522118104 0.42589621049861326 0.53731565934947145 0.33927858473397227 0.13979149754787351 -0.16727930828695112 0.021282346294746922 0.17827077986540016 0.42939648876829539 0.1839515818894778
-0.11616106490330377 0.0157519329474285 -0.19989480028562015 -0.32410954236557515 -0.076322468955059009 0.081033619333532522 0.76052441987671582 0.021554512678248004 0.30434804796967879 0.39630799092017471 0.017670371525829918
0.74903013678772112 0.33306912201722738 -0.19451843231524318 0.12354022124024285 0.010658158375146984 -0.10824048748958437 -0.092606814998970138 0.067183224928450955 0.22023854771192597 -0.44885666582642897 -0.0047618950978753488
-0.6825871483811935 0.11693439020346831 0.27960691282233585 0.073513381547712905 0.1281696352107804 0.26451621005687487 -0.29821512202848471 -0.10718372315130235 0.21431932789299132 0.42026661384401987 0.1656598894711028
0.65928093567897517 -0.023594046341431561 0.25816425983154295 0.32713489887222391 -0.034546324286229876 -0.21189905561513972 -0.30540951756658946 0.041908352394841419 0.48021298546588181 0.11749944898527466 0.074762076469970476
-0.089016053650583418 0.13169521220364089 -0.50136152704495285 0.05454692124401795 0.0066023244198455339 -0.32167145342462716 0.51069633843336648 -0.32567913831217615 -0.2750768368898508 -0.30656458613060594 0.28346232260609999
-0.26861242449249612 0.20224353335370915 0.17769982733035389 0.078540578419004387 -0.39549366923551366 -0.18513926475901976 0.50605464433762493 -0.39040488562091591 -0.3549495957275417 -0.069246671292120601 0.34527624159188208
0.060122288000370172 0.1772911148971231 -0.25500070597761193 0.22572847392685969 0.13595384053106951 -0.38097749872698194 0.367920773889373 0.54770564167528513 -0.2408115818606148 0.017437207432470448 0.43784212433107156
-0.39615113007446562 -0.53217931732427326 -0.34686195354795152 -0.15165949707531354 -0.15470180420984092 0.16243230806546366 0.071818861725353483 -0.33325783809533577 0.12361201962953501 0.40829601291523182 0.26079577151601269
0.38573376857478553 0.0078531428946196653 0.38282412833392648 -0.37601377576333356 0.292290918470133 -0.033956622692439126 0.44014250701607538 0.18136883801291512 -0.33236176238822235 0.039031794283555056 0.37149990301102515
-0.35112338365630824 -0.17385865635245459 -0.23901077642069865 -0.46505535328500297 0.29889624627602562 0.4076408041559238 0.2487650093111492 0.075424684874627251 -0.033721716173044383 0.155143182486258 -0.47412386439239734
0.30819871279163369 0.36048663028530009 0.32154179274019334 -0.18307139082774038 0.027033882868662342 -0.057161365440699996 0.61670208714408292 0.06195940115171291 -0.34963833630856261 0.074031670759842447 0.34967462805855215
0.18696905842744863 0.23999025271930652 0.0098403094984328022 -0.53794789759607609 -0.49397866820534264 -0.33999115376773281 -0.034609613245619009 0.084591624645492011 0.28080543525634677 -0.13867204290538615 0.38976707409290023
-0.053899137715641157 -0.13573385500209356 0.16408564016880808 -0.17618593327526003 -0.52581225159325773 -0.20422165822673768 0.018141700930861142 -0.59345723707693065 -0.11845239220438047 -0.1101447965132793 -0.47311431449714975
-0.44929351469256873 -0.14015559425991986 -0.16580639706687725 0.38183601511134568 0.11360751532662798 -0.47910046505340143 -0.25901414188215299 0.21370305206152962 0.48372722868923046 0.098608976681420199 0.079273185519948011
0.45420828418322989 -0.0055340825209739038 -0.075451312642535961 -0.3449729702840259 -0.12522684180388075 0.53182215023103108 -0.34704601007847002 0.0027318872588406409 -0.42173736266241302 0.038473313857282601 0.26581459902607185
-0.090628069406839554 0.27166077522624782 0.26812586343272321 0.16627584305090379 0.63837749651702336 0.28969727456866223 -0.11343309616908086 -0.25323987710641854 -0.41329696250829023 0.23266661502283559 -0.15827781599212373
0.54937708501232085 0.3708818406482447 -0.043183347823578508 -0.066253610136110044 0.3402299143829306 -0.37911739805426647 -0.090896526724055723 0.19138589717234866 -0.41936714260645702 -0.21923841231575347 -0.16144881005248476
0.26121570873433858 0.054363984239029134 0.15894400330327238 0.23531395403333594 0.011834495974072875 0.43900364191071684 -0.28815535690096944 -0.56769471986503772 -0.36007112076363845 -0.32848672948662133 -0.11155831005891305
0.38357876625669507 0.06485789176497965 -0.22289254162681166 -0.39840311264319722 -0.19695152420383194 -0.15032116994224543 -0.21043714474810724 -0.53346462841259867 -0.097205851622729558 0.20779730738380664 -0.44426490009265834
-0.058184585286969875 -0.5129897148809589 0.044265026696858487 -0.18075973644077223 -0.50436615926291717 0.024352053062927471 0.43948946528189259 0.026332420377833878 0.23695092548417471 -0.014583541458709607 -0.44004724658917616
0.18917829154122473 -0.16132931314183746 -0.56392260696366692 0.30270959971105099 0.1106402665647104 -0.20264922283907699 0.33481226988458934 -0.33635604076742864 0.25565427272642222 -0.3736721374047447 0.21215566587789683
-0.24877545442802171 0.33656521801374689 0.057474977985821726 0.32383813195830013 -0.18587758697452778 -0.10760191265926017 0.18976914093013164 -0.62009607537543221 -0.34275042078737084 0.33195057269163786 0.14943549223586042
0.31444775013668541 -0.099516412910445037 0.18119523051824246 -0.23479723619282261 -0.44076763766412119 -0.54448422455866463 -0.17724690161508719 -0.17635758268829441 -0.076357928372909084 -0.43055152094692895 -0.24247650316037633
-0.11937191343850637 0.06432526126385596 -0.1297171774868344 -0.19652743461676733 -0.51736776199543866 0.45305198836455735 -0.24677758680798123 0.37727754463941954 0.46315769971416804 0.08129268975011289 -0.16993070290171966
0.04773066014560913 -0.41625559496959874 0.094125258627806657 0.0010657444284219045 0.1920439783332574 0.3431138369813973 0.62556587861009982 -0.14018452265583259 0.32892069838512628 -0.24956814444033196 -0.28200516919810259
-0.23497644934407616 -0.37332966698429304 0.37268284217758074 0.35100342332333567 0.48371520737194051 -0.0096188328411254704 0.10431606165646179 -0.2199098894028359 -0.45544708574390042 0.17688963404683067 0.1061979729287079
-0.35260918242049044 0.18644185126152674 -0.55478021235949726 -0.057015133543470209 -0.20076945217276693 -0.16858664640048279 -0.34510621084308091 0.30339127222040496 0.21465721602209348 0.44885679369504028 0.049496043917189578
-0.47903957215915888 -0.13986842871793861 -0.43972310224707556 0.16488730183295605 0.4423758398119898 0.11665142304129959 -0.22604747928977853 -0.14146476931665428 0.064390730687280212 -0.49374365092490641 0.045508691179843574
0.098789653177407358 -0.30161765426110748 -0.23367133220645231 0.082825257374148017 -0.45130911376306426 -0.45247950029511214 0.40914510365291812 0.1094885843949428 0.31321949578017705 -0.19034502259935554 -0.34009163446762769
0.22312771880630181 0.2268592767990234 -0.18509810117352318 -0.36254400871790893 -0.017531663179028111 -0.4317687101691341 -0.089603974740562059 -0.53692548247496796 -0.061326686142634049 -0.49239510655490687 -0.061531265284770785
0.46863913304875549 -0.094925214556003876 0.23210438395101946 -0.21374351755467635 -0.29310891609378636 -0.48460245301257454 0.31641455445581784 -0.030615124365686044 0.39255083302471416 -0.30261975866007812 -0.065765683757709317
0.0091355782982373932 0.34540340134994202 0.44859813512393187 -0.17535438607454826 -0.29796996833672884 -0.45034281609630411 0.32534612894781861 -0.034332584104971753 -0.1290458996917993 -0.018768244021012851 -0.48269546174487893
-0.4847962208403927 0.24116629740178597 0.093877395918197826 0.026763302778743128 -0.28752332346517612 0.14608152206271069 0.47095397150177848 -0.34853276104042363 -0.03299724735806335 -0.42210164167520992 0.26597252820899298
-0.025567524217186107 -0.13010343146156475 -0.60688273873688203 -0.045126519652736154 -0.4333914489955053 -0.12995857054491894 -0.076208499123131393 0.38929580528883112 -0.2528253896762131 -0.14995884171802989 0.40446466857521418
-0.14232627835039766 -0.16513228322139414 0.42347123751830706 0.11420827269686493 0.019464101045492566 0.086858695212952072 -0.67577080411522061 0.21333934731593426 0.3007998333014702 0.12513662468126768 -0.37928918446112764
0.092800250609462134 -0.37580973955676128 -0.10782093701053863 0.033098840435289816 -0.48795629207981644 0.50968102078388844 -0.044045808017898383 0.29600362550747522 0.16146431412443166 0.35459601185858169 0.31335434198095213
-0.40998439550646298 0.0013034939436045909 -0.58860414664218952 -0.13107734042596272 0.18381577617614145 0.23797078761767804 0.33971887500694481 -0.11156942395036173 0.11276224960083674 0.025107984977683663 0.48647123671941706
0.31814183012369973 -0.080089449586669734 0.7674095168706655 -0.0073722530698180459 -0.081593967043849622 0.11615358425383419 0.14874964162515245 0.10547062536496542 -0.21293242794958547 0.45232104677946022 0.0080902266858263634
0.46226493751534697 0.41822317809250342 -0.39750221134680647 -0.30736042002493369 -0.31345674869640955 0.069494914016391574 0.0098282198209854055 0.0757680324695989 -0.24981714275706768 0.12214611662053221 0.41553786997001646
-0.43182627915509936 -0.068205352434128619 0.073695881308657618 -0.046912346442323852 -0.068311331844571124 0.55901048397762687 0.40422220928423019 0.265871189913293 -0.16309573514729478 0.4670447350209585 0.072587854810334224
-0.15905060550759012 -0.094516178373524648 -0.13527323194187915 0.56502448841505037 0.051281008300065038 0.013228741452659403 -0.58113820636442293 0.19414355723404969 -0.3193775942831002 -0.34067766438320946 0.17870836930692641
-0.24918064326144251 0.23394859616755451 0.31528070248589712 -0.51245728092749177 -0.042394994658995495 -0.45116439933909253 -0.02130524484160199 0.25566014741946802 -0.30182731976263855 0.3922186061048466 -0.071167647636220507
-0.38233377818956343 -0.044478257972902897 0.24799198545869433 -0.44470588622939217 -0.0045545302947793435 -0.44370954417566194 0.37913428744367028 0.044017102017008529 -0.12912287309465906 0.29678172999799296 -0.38111400969156067
-0.14626553110716931 0.64928722019593554 -0.050829126528155869 0.47521334902817797 0.062436086140300225 -0.25567088586182041 -0.094584064494838527 0.020227726410288801 -0.17313018013649675 -0.34008999553968999 -0.32305531362247836
-0.4343239961767168 0.025723172509414617 0.10741580828070674 0.20996379660722031 -0.52760483770159405 0.22629432835966709 -0.011289509985694999 -0.4187774971715017 0.040320069703190943 0.42140740615834582 0.2660640712573285
0.22233250337553304 0.2918801454371982 0.27627126310412181 -0.018160839643664786 -0.66517949801137899 -0.24695925583311143 0.10577095992566615 -0.15517241104238691 0.32486695647769265 0.37984541179252024 0.013376237478890602
0.58431350089445777 -0.31288047211212033 0.28633142041427678 -0.15481209599763981 -0.25157407436324902 0.17876976518864848 -0.19976349142789795 0.26377543311484763 -0.40431752176141589 0.0053113808702371541 -0.29410734575994252
-0.088434655435307291 -0.13602087026477785 -0.39893528275586221 0.22111600950884663 -0.4393421661616691 -0.34719748231343411 0.30329313653918866 0.33178551462901573 0.13680178494730566 0.067835935287754889 0.4761129671820194
-0.42941848741121047 -0.26623835160816589 -0.3538042363607396 0.30838605948968062 0.09481519333385377 0.38274051889242217 0.33438178687641862 -0.084534598623358687 -0.16338492073530991 -0.19723027857799116 0.42942471387702474
0.30080717701709886 0.18251892419711807 -0.1119799596536508 -0.067440771997467105 -0.11348480995717307 -0.10706703950381294 -0.76432456713075092 -0.024081497348502293 -0.38124043356079074 0.2639526100989471 0.18704211140899138
0.19602003324575942 -0.0064620205036148032 0.18286516702299352 -0.60191677144436084 -0.26074921600605205 0.39998792996948435 -0.28829048293246301 -0.068549394472272915 0.25915679733926161 -0.33553247743894699 0.26505793890494866
-0.36524680906307683 -0.4881347453962972 -0.34022497700505339 -0.42238206152459273 -0.0080682842600923177 -0.084062569104303944 0.079589789842504685 -0.26588239984584655 0.49939095971622915 -0.021648439380471843 -0.011832769164219666
0.21647754643346084 -0.12626125406872135 -0.31639884180213163 0.035191703384376202 0.44347228709239506 0.31945649828694472 0.45489402721159355 -0.28319637148243965 -0.18279066263795873 0.46170995606366233 -0.058407962848117223
0.12159226141755654 0.18953760656730334 0.36775882793403103 -0.35593779211808185 -0.12847887882787998 -0.11626572274469731 -0.081745114981139982 -0.63296583309472532 -0.018415749516435244 -0.49723870774242906 0.049137843790577458
0.17245258222778215 0.19228041892851414 -0.39773157304144258 0.30934164063056335 -0.28605526952915217 -0.40484950401826825 -0.32399981523773963 -0.28053355263549645 0.0360431259378622 0.17987693475487568 -0.46512920937715541
-0.17911618481365033 0.29151917981582004 0.063978078852842332 0.16362547692360638 -0.49066482847811521 0.30937798993792731 -0.51162396286876288 0.061981246519472649 0.28642759115267979 0.3954416032551834 0.10763444356451833
0.34926670222975542 -0.2403846239505362 -0.19087205772928509 0.46362647357821807 0.00063686211439641387 -0.050474499346114157 -0.5592261055899338 0.059702897806114673 0.28268948016662299 -0.34760191343553842 -0.22194496520326157
0.53280292407602625 0.060097016121429425 -0.097290579586038109 -0.38329920372967158 -0.20887224640895452 -0.084278640677836178 0.46155985833283319 -0.20580973950398335 0.43725441786778069 -0.22630817383482349 -0.087138880591017195
0.33715543044431179 -0.096003361056597084 -0.33184691388573129 -0.052696410268084609 0.1793456144710949 -0.68576072994927439 -0.09933733582070485 -0.043700686706155616 -0.19920135736147834 0.36281049978744506 -0.2805126743470408
-0.12648006891744457 0.013061297947964732 0.25289747190532513 -0.076739433881853447 0.52623186157595025 -0.31496185571006891 0.4463972443853878 -0.297648585027802 -0.038951477377301598 0.086959236391295797 0.49083691142411895
0.36790404510959218 -0.16668254735539501 0.53353117621211299 -0.087765800611981679 -0.32503642934037119 0.18426891613266907 0.03879793782112359 0.39165826484520194 -0.29806560216118677 0.20684943451832821 0.34404971769751103
0.18099475089682532 -0.018866933819992607 -0.45411717433536036 0.5883004591523171 0.089326779003867207 0.32307084500291089 -0.22834034978723386 0.0084700066004581454 -0.40147145097255343 0.033103584368750015 0.29618377193211265
0.033908808067939104 0.31336655682662085 0.11409879065500735 0.4973128130971709 -0.069299158807223135 -0.5975054779632808 0.15770128113459558 -0.060234226312561916 -0.40549626589840954 0.27105354049305913 0.11001252896204124
0.18904656414866469 -0.14109383563182426 0.083646666187146529 0.10796711135653472 0.75334239830807326 -0.29034142318933071 -0.0044547954325041402 0.15445875799343659 -0.2695615809435965 -0.25052293752290417 0.33848901290009981
-0.4410316470163127 0.14348889590006381 -0.21169726412733775 -0.19046694980892095 -0.49479194480389949 -0.22480332479067971 0.19576259536074028 -0.34659780041541438 0.13993617423613589 0.07363068394807272 0.47433784323148082
-0.13112080577253599 0.34910040656624636 0.24560793507217821 -0.07921081920117197 -0.45949988984268442 0.41708120525054021 -0.37700128933583804 -0.13081198752536219 0.26676652455290822 0.33707823425924088 -0.25537009489490925
-0.0061824590130170705 -0.049955200011266965 0.22826726967600233 0.48387429424045364 -0.35351888438679063 0.17704526872697898 -0.55217566274283991 0.0027175058728578002 -0.24254814886875672 0.4357131164696339 0.036393345774449609
-0.30151864085134855 -0.20434026376435482 -0.23543572853411712 0.077065197502334246 -0.064721145964015195 0.26841654470277343 0.63034098316976905 0.28704793261562195 -0.282441480827891 -0.37408585554593565 -0.17403040707937639
0.3946939323503203 -0.12555977659852918 -0.25017387235097904 0.051821587063338871 -0.53047038181156891 -0.42696469937330761 0.19124518574679639 -0.11360720669017316 -0.28143407102623808 0.19723338509521224 -0.36317193651145752
-0.23333759839824311 -0.15633454579086534 0.20488980835887038 0.020338659825788797 -0.40616081596404197 -0.10303875151570864 0.22039485285433355 0.63605196046398949 -0.46847233351508055 0.13883123819222831 -0.10611107403540826
0.34767222135713138 0.1893326439280171 0.62001570516785687 0.2187697115614409 -0.22957758194743758 -0.22683159028753083 0.17079974284003396 0.16633257783407698 0.38033796030651396 0.26588392282450585 -0.18614181564960849
0.09483464629946986 -0.36040811335938944 -0.4483278588111973 0.20133903397233111 0.14940341967327228 -0.28122568882202464 0.44508113736038862 -0.26470855180996389 -0.43062773532914161 0.24066855894062608 0.081476366528811628
-0.057235001976495357 -0.023914777179159675 0.079804362727751862 -0.049772352231619028 -0.061512924074965128 -0.67607274508543203 -0.47852543781202606 0.2178564286758034 -0.2312157108574838 0.17898209227063541 0.40559179688338642
-0.091345304890955076 0.072821244594190274 0.5343736652982396 0.17883916136182162 0.47399953487669083 0.3946167311771947 0.19387454737977025 -0.028795452753038939 -0.28504730747724977 -0.3763526750894563 0.16464111410270632
0.25289085481224965 -0.094322783889157505 0.45830202241778673 -0.32654279333408165 0.59968863302577458 0.0216099531003183 -0.019621924355358672 -0.00014762229971804412 -0.016619279170782045 0.41944034205786623 -0.27164977271152629
0.053005558275836133 0.37210019511700948 0.21460125281032119 -0.090349812240161143 0.52045346143827564 -0.31957593673492007 -0.3907006081265289 0.16990444153298243 -0.24871466996917446 -0.4066299537542728 0.15097381776958099
0.25854846692580502 0.24867875224519098 -0.16554129556321856 0.062127039366795908 -0.32781717266036758 0.58897177573521897 0.26862549885044573 0.25206421590236316 -0.37706291951292781 0.15610566547000207 0.28888505661690977
0.62079524040582812 0.40278190227525679 -0.00048855093395752192 -0.17447572122364755 0.30708537186961882 0.19537022246790703 0.12064848945660822 -0.15783214266696644 0.41062509196215691 -0.28523057087968273 -0.0055276836668308833
-0.14425283881921241 0.25660125394172756 0.35566670323605498 0.30932310154829951 0.18782010153005843 -0.34873489687440823 0.51746574281842195 0.12846834706837695 -0.15187904495091367 0.030106880942714374 -0.47542226643763713
0.13369650876176423 0.097830275183892562 -0.11357944196692212 -0.81057150316135129 -0.011077648236607406 0.1503992084176905 0.16595901867538801 -0.048404518020219674 0.18605560617198372 0.42205662971803409 -0.19300650953537801
0.29557497320917597 -0.39412406832522545 -0.2542042646889684 -0.18246062732298818 -0.49275967246580465 -0.20153381503377735 0.25164890298794546 0.25026949771056417 0.027971571948083022 0.4944524490981555 0.068806734725528049
-0.19151632407727448 0.092959271309414046 -0.052762522730646536 0.28312552410041075 -0.57824792996980479 0.3844911188467931 -0.17678737764893146 0.32905662036359001 -0.48188795980648319 -0.13110345717460511 0.024410606514624331
0.26905959310124844 -0.36340058649632606 0.49768768608042852 0.14406218809343091 -0.15692995460313031 0.36333222565565404 0.030656503929258457 0.34572078921459509 0.46407142025806219 0.15352103485874993 -0.10520935678713945
-0.096443699044469297 0.13197724866503596 0.065224755527115055 -0.18872231119503796 -0.15135970785798933 0.15083241757877691 0.53164274948484824 -0.59590775027493548 0.33377492502913259 -0.097307207299638168 0.35934051654293336
0.24935297733813552 0.015183829918520726 -0.29195550006111937 -0.40146417726571959 -0.53857384164762767 0.35125965829531375 -0.060261174356388773 -0.15525625517317351 -0.099082131165465076 -0.47788275141141984 0.10867753763846835
0.30483760902411366 0.26317223245250554 -0.36195791581128517 0.31519620155377587 -0.17666480884059924 -0.44220757803288324 -0.2842109284993613 -0.22342421817516728 -0.0018991783769431927 -0.28208844877114775 -0.41282260135726595
-0.056639475274948316 0.4119900463733972 -0.15040333676197656 0.099416516128880139 0.017120032852475871 0.56920588210060774 -0.40649818830934265 0.23456801849336856 -0.45278331365584457 -0.20933266945896767 -0.034162909302571279
0.67403297588353306 -0.1614177104232061 -0.39960318061495087 0.27446396392146388 -0.17754472909346328 -0.051397400923327015 -0.0050861716973122353 0.020518478042284537 -0.16990495791678484 0.26738869606196136 0.38682759789547028
0.39235296407401993 -0.19630133267862754 -0.34401995680350439 -0.48867075029990337 0.27233268493720647 -0.02127266552817305 0.25418158258374579 0.24728568697886907 0.45373720502501463 0.055847956768521431 0.2024933443372133
-0.29468709023896422 -0.2647211464590003 -0.076389378340059502 -0.29814903110628549 0.16898049056801173 -0.32665622036885161 0.016756829612529767 -0.60234090659210138 -0.46642427155708638 -0.14313650622037691 -0.1093633370443008
-0.57925894097026731 0.035133918579821836 0.31518435323920396 0.2095833130083827 -0.21292720944403018 -0.18987958181593823 -0.3835440389900035 0.20361744398715731 0.31496806568633762 -0.11490872487825103 -0.37093274665990517
0.04663843173243503 0.16504277878597806 -0.63476447138890657 0.032262859152955833 0.50470736560237284 0.19136452812344068 0.12835995313887028 0.093769539567883892 0.32146174356935026 -0.2849134591093076 -0.25590363076697886
0.14808260588926311 -0.24900146554183894 0.093994635266357887 -0.69489343363583245 0.27538850276367738 0.30773105603208767 0.015869540274972269 0.059739968299504856 0.37644962331983284 -0.25158442078171939 -0.21211072656111199
-0.31940867237766268 -0.12402790226580791 -0.29527170911399658 0.01081873909334807 -0.19002540068352791 -0.42317437645148503 -0.45267632433211752 0.35382296667957652 -0.1440831638709647 -0.47555335545621319 0.055579204773631978
-0.027695359462468649 0.25425305470299092 0.18906709398228644 -0.19829709139548965 -0.27692195183219787 -0.36542435276297897 -0.42070957779779428 0.47149016416679346 -0.19317096763207972 -0.42553664358375531 -0.17777385137178658
-0.16874964462635123 0.070605082756453177 -0.18964549847510456 0.114464452898205 0.083164604983765433 0.27116618236660639 0.46384713341595107 0.60981090552621131 0.36995779113238403 -0.31761116839542886 -0.11069949634455375
0.079123200523336865 0.66076889071136846 0.21618090071287541 0.38447873613476863 -0.055577807281068925 0.18859651113271661 0.22946317351224127 -0.14579103937580903 0.29164763845527719 0.40176012634999847 -0.059417639289130665
0.41891990194109524 0.67805664756120287 0.02727933828252414 0.00013256115707235903 -0.12739310357128408 -0.25481701141678192 0.064248927682505619 -0.16944757812632513 -0.089245738257112586 -0.22126628026181913 -0.43940463290916842
-0.29409805136838341 0.1032361835190302 -0.37125727795214175 -0.20332788557322018 0.51529382541246038 0.35348965556910106 -0.21758719162728732 0.18933457699748282 -0.17594699455223334 0.4403746146560848 -0.15847035645363208
0.031239842324390112 0.52940467040450367 -0.316492703647616 0.49871620823436025 -0.31250712330886576 0.09106091507890246 -0.11301186113101852 -0.033834985703030805 0.077523132659557431 -0.036000995481964872 -0.49263992147100322
0.23409014046842946 0.19464006450462787 0.34842492864815117 0.37411753633781519 -0.36304747553474287 0.34725654753680885 0.35055846428680604 -0.14377542677280375 0.27638075063391337 0.39115966038088229 -0.14355417364098969
-0.33676890869370307 -0.087818605643881886 0.68213275283540131 0.057707804412604181 -0.29657676825173968 -0.061783644066335089 -0.2428022552904692 -0.097526294629656451 0.018377701996997703 -0.49478903275668323 0.069613742414952787
0.42027848583714245 -0.058635500820232105 -0.11369328818957913 0.32489036641763974 -0.37630055097541254 -0.3701364793086605 -0.41310873976088097 -0.046754781246621371 0.28869285080943685 -0.06636033295225309 0.40280608746887919
0.33711418925686193 0.20151249354882661 -0.32814877064160303 -0.10878900822900696 0.50653416734300671 -0.42474160887518847 -0.10283841664481037 -0.16932819442316169 -0.051899003022056162 -0.30999243719849617 -0.388858820608525
0.72687371143700708 0.26899856094112573 -0.20265650788738784 -0.016768660126040242 0.19244466431036056 -0.097731475550875163 0.1753290641508562 -0.1749767493439244 -0.30518655353422719 -0.072156711541105673 -0.38942852556210361
-0.65263728216345207 0.0056280626445990127 0.069611348538966292 0.12670446808211369 -0.26447558957353368 0.091595973998655794 0.057392756845308056 -0.47064004535573761 -0.44999297380799819 0.097372713349380663 -0.19499968773927229
0.27871913836639478 0.59524912877105751 -0.1620595845601028 -0.19172450538662722 -0.0032527572568067198 0.18765079322718456 -0.31587206085180708 0.34637257720079467 0.37889113400877777 0.2527057410137023 -0.20635240979513189
0.27994519076375296 0.26189246834072949 -0.36691613906263948 0.63858529306503964 -0.091815987186727316 0.11279231865545233 -0.16013800946805923 0.11759222271864121 0.26647600258409931 -0.18545611012646435 -0.38025855843565154
-0.16889256168323344 -0.49019682489988442 -0.28471427397551013 -0.047472728337368958 -0.02408012793052821 0.48444789327367382 -0.38088315780819354 0.13238166022738485 -0.086994585925571133 0.23396411819713964 0.4332351941103969
0.079923073015407839 0.44096562791455635 -0.13965099225098415 -0.42126810726247105 -0.33461060422239569 -0.415916920118236 -0.25147167878868726 -0.063271268621617624 0.40384422918514923 0.24574664558756754 0.16284478725556811
-0.1703121560862163 -0.29015807837722424 0.013370056570334276 0.055332362120542128 0.10297892152040536 0.1493362652451016 -0.047272552894815655 -0.77357673031129492 -0.254403423016407 -0.18833551158994913 0.38705120259687503
-0.17900923764757454 0.28281097644007119 0.61345448336116615 0.13966538208673243 -0.16456318435320774 -0.1228472991851598 -0.42833963657362528 0.12842693452277854 0.38095193169154273 0.19242670813985446 0.26047569509445884
0.17121734405392325 0.47810033992100331 -0.15120896837453904 0.037580509277735416 0.16830561430618468 0.29756067171274719 -0.57916333000201015 -0.12461518082454624 -0.077255655900016762 -0.38144343241149858 0.31389882367029148
0.055744076886837947 -0.10091678898153356 -0.41596757734993567 -0.33696803145075688 -0.25081828034249065 0.1157730165908336 -0.31036450848025149 -0.5267756550172229 -0.31666153111825301 -0.12905294665402128 0.36478872196075096
0.60226184705615915 -0.11587697236706032 0.22720451127031607 0.33729790908700347 0.30921348239897462 -0.028112515137565856 -0.31343504322907145 -0.11754406795252839 -0.45819834279507893 0.058723690448218076 0.19132644051459591
-0.56623604465714583 -0.01550029586705785 0.087450163927862423 0.37369998903124069 0.41237719485139795 0.2396790655321977 -0.20541761186596177 -0.11018107384435218 0.44643519767387851 -0.22461151715826852 -0.015661437920761263
0.48194283086893602 0.039486913625174355 -0.42441910074015315 -0.091271394942386258 0.19740809686265004 -0.05876986418820461 0.35858678292205193 0.39585542346741248 -0.39228229693974859 -0.30358166288471672 -0.062871086103432117
-0.37950560845195042 0.11931142316539198 -0.056914008159360166 0.24795978430184248 -0.18950694338758073 -0.27782193421316936 0.58035451681210171 -0.27768281292461217 -0.29695492806206214 -0.37142650094324942 -0.15446722984733643
-0.46621443878343655 -0.022895378414798287 -0.35874119383413933 -0.21216526119541446 0.1846533196445678 0.35706395948663672 0.23766052430229295 -0.37461515195431183 0.46350679015614454 -0.14058502837369782 -0.12408587863376891
-0.44546543222519647 0.17362631063401898 -0.036106878070011734 0.4413009459291104 0.16555293444452102 -0.28877077273388441 -0.35489765770733184 0.29768362516517521 -0.38010714183642197 0.29739233053891939 -0.13067655666406425
0.54816001129413583 0.020894622457119493 0.3949389368049806 0.34761576864447691 -0.12012948943003231 -0.084953661950003409 0.38809652179438853 0.001844238897298273 -0.14428936820480315 0.20346471647761935 0.43333899821241662
-0.0081736572718777139 0.49335827283954681 -0.048644936363017768 0.48039802358312911 -0.073554106761617971 0.47430347134655249 0.20099518977520209 -0.051079929381150288 0.11266815080352355 -0.20449661544984493 -0.44213914332941923
-0.4963816087959585 -0.0042291487658883166 -0.49474621252282042 0.24236786037068583 0.28843189957369247 0.25969751624906623 -0.21460814946933091 0.058129164343196656 0.011933174793095259 0.44079475687571801 -0.23570655835218951
-0.14988294805415328 -0.07851714932529609 -0.035521820196623331 -0.3206209413414946 -0.26366770537565004 0.51038022807406158 -0.26775153619866005 0.46433936964670958 0.34572620360356127 0.22150774783131041 -0.28532036343831041
0.24788222159893145 0.16128381240875547 0.18066507532919274 -0.45664790577610676 0.24364101393631568 -0.29907722777519025 0.40045102654921905 0.33497104392280885 0.43433893278417429 -0.052950532290704788 -0.24196266777756367
0.37694236934684056 0.31768985446459008 -0.10778016908625246 0.48201848107070344 0.25462951822451996 -0.4144805790830034 -0.097730116286405544 -0.12979872111042184 -0.034660716293552524 0.18561561219470821 -0.46297459893130383
-0.05853438592418999 0.28071216311047353 -0.0053385856503813485 -0.090173988939797986 -0.10505563884506749 -0.017017337888704253 -0.79950814816514693 0.09526280671820081 -0.28143796416624423 0.048430265014589274 -0.410423174000417
0.30847435322030098 0.09335809352112015 -0.40522120203554773 0.093454180820678606 -0.21949256419551919 0.58451668604039497 0.17324157515404842 -0.23095572720500959 0.11077592183121437 0.011321865636256674 0.48744282793057819
0.13224581874665381 0.18180033110028532 -0.3317930841203528 0.26992487164378537 0.67981785126369276 0.22139347250229463 0.0085099701002986847 0.072620905249987128 -0.32036495472937998 0.091607132490560655 -0.37279274276479579
0.033550371009251193 -0.096142480944896427 -0.22897577688351914 0.19469945808431083 -0.42661941420909816 0.0084692616608411739 -0.37714043932383173 0.57007231702530481 0.34289849012280527 0.15361277061791401 0.32988443760594194
0.35227063079606591 0.32518400870734787 -0.18957750372704091 -0.43970050483936013 0.10433943011578567 -0.24849244384677527 -0.19671883312506905 0.42373469134858216 -0.019992818351637985 -0.49710578860822469 -0.04986102833429637
-0.19990782983090799 -0.065601536604145097 -0.2959953787181529 0.36285924899350674 0.5643060393274032 -0.30014131311527675 0.2045398806990999 0.18997505759570552 -0.28129524437149322 0.046033648374856607 0.41079665129024845
0.32837836188785807 0.60669515543752006 -0.39956604594496992 -0.24699617413971289 0.12701575299909418 0.14942567874339122 0.030098444445455813 -0.11858142082489467 -0.21341486504851512 -0.33308977142182139 0.30578636259729253
-0.61140041474776852 0.37365324138336753 -0.10736076970152714 -0.31156132994752134 0.13456318310505971 -0.30627944670564777 0.098362021060631771 -0.07991591801118797 0.18727838956854198 0.24530874953256038 0.39338330188683024
-0.16178125918114694 -0.08892878861425367 0.010705456048820271 -0.49235049631524253 0.22714229333435104 0.060478486540140236 -0.46649751263631622 0.44779870329316557 0.35193329954748337 -0.32063126959286375 0.15276957036298058
0.47990908642995267 0.32666510899884671 -0.35219494574678811 -0.50757196919608905 -0.030065495767863663 -0.17214688439047862 0.0095805494988012215 -0.026006169109384143 0.35851309842271195 -0.33838686228101217 -0.083442733026658431
0.78876875962420945 -0.026150962969552893 0.20153377141606515 0.08351992982378513 0.064827602640274679 -0.23253194087756207 0.14578048465572152 -0.0065467533075600163 0.18735509829073207 0.4612223271531708 0.046605064959547332
0.31837681298647158 -0.40448807902208417 0.057125892586058907 0.63787750626152362 -0.014689194090704899 -0.24845503722573781 0.092967531831817982 -0.065466620217100507 -0.053087115732915593 -0.085320368392115611 0.48979811441102322
-0.34168431577728819 -0.157286265535861 -0.22074136051703128 0.50817164832446338 -0.10346706261033373 0.53394617648438902 0.075784169001810842 -0.00070279660835865165 -0.36404040136487859 0.31183748134639577 0.14223913456441734
0.20004442856503635 -0.045127433555397327 -0.18556001568702526 -0.58505896372760857 0.45369856567786959 0.13612865839548988 -0.15856768919700798 -0.28583582471238261 0.041058133938680672 -0.020841645069444675 0.49787534129365424
0.36289134404756968 -0.26228384396433813 -0.49478538847045023 -0.097870153071680746 -0.40618310437905603 0.044605777075681668 0.19443610442575324 0.30057631604754798 0.28089570922048235 -0.1067494070406256 0.39962753238233856
-0.23380472757971069 -0.014290449567112794 0.22687056923041385 0.085137068159850393 -0.33651855136377584 -0.30497272504787065 -0.42923869630541955 0.49589676346361189 -0.31536318644208999 -0.022410941166224923 0.38735488941426266
0.26012647833437741 0.31657277420316388 -0.10959590887416133 0.18106417826658108 0.72246410879737977 -0.00080461880646351945 0.10486761658695951 -0.066091913945021771 0.0070295387786840557 0.13794642766595822 0.48054278548195845
-0.3028605780054725 -0.48759640248384706 0.021379847803843551 0.084344936762037262 0.50643540321166358 0.26377006353549021 -0.20579969768117001 0.21106651254084793 0.46673336303640017 0.13069427113649068 -0.12279647926888342
0.22309811034587679 -0.099627095012016317 -0.57276983618796173 0.42754640555386908 -0.39237842924739458 -0.093817195313626284 -0.088160745657721737 -0.094369730319919048 -0.082016660874622463 -0.45859989760661352 0.18154724248575299
0.015656664823001178 0.018668079309463469 0.29568846197485088 0.30298497737986901 0.36709773631106218 0.5043536106494777 0.12919298235919713 -0.40540186152489255 0.45822293165509465 0.077686860890931672 0.18438138883933891
-0.2362608661132784 -0.35531783870511302 0.34019352451000318 0.41180693475525837 -0.44978872596756819 0.23420440819073554 -0.058227055086727847 -0.14853100094827812 0.40179320377578537 -0.01332181392086253 -0.29729572932258569
0.027584771296718675 -0.65752521691300436 -0.18913997009183731 -0.13849849268170134 -0.45864197788135136 0.066626425957186555 0.096869458646505729 -0.19434163790952327 -0.058923509428698242 0.2681275034389764 0.41789431910016178
-0.31918917556989729 0.1515674524352594 0.45043154950162173 -0.0075461392192665766 -0.3258307790256128 -0.32420568597370475 -0.13412047887191761 -0.43924563324727034 0.47374274881832529 -0.13217318198354888 0.089989209944308854
0.07264315013557282 0.24772272134441783 -0.14767487904390109 -0.50104355540704526 0.63369252830088996 -0.029958452261016753 0.045215619911682624 0.077432100464116194 0.33426329824969947 0.20375315011290598 0.31105096248412428
0.19783586678305409 0.036989767001501091 0.061374947790089333 -0.17834454529327334 -0.46575567020109221 -0.057167217740529651 -0.25758313018244056 0.62239341403651249 0.38482455979407909 0.28907944498494859 -0.13543682167891902
0.47974474234688463 -0.39645803459344359 -0.28102419856108363 -0.18146531065022869 -0.22271001078585878 0.031218628498397859 0.04550053817870775 0.44510347022510549 0.30574622690328906 0.37415501447952371 0.12855842980617774
-0.042174867828331922 -0.19828721635803265 -0.43650617033737021 -0.25136659087130009 -0.10981806037353328 0.22132929959034547 -0.48784546792078309 -0.39514654850015163 0.098492729674551679 -0.46664941057448533 0.15012498063860374
-0.18091435091006577 -0.33092587531514173 -0.58731099301911405 -0.04078888036392251 -0.32076179692697876 -0.26972760087428976 -0.28047582016317663 0.082778817712174643 0.043207800144531662 -0.49595746317999256 -0.046468061318894534
0.15254355920360949 0.39766776541055587 0.2996589230649449 0.080165349474658726 -0.43706787950158715 -0.29455650884922829 0.34987972338294926 -0.26862830907788632 0.26307801433479328 0.32657546240381202 -0.27228372285062996
0.15187994561549872 -0.038631632621245353 0.69894977837103778 0.28887457898304564 -0.17595543747175182 0.14039929446178975 -0.31632573435072708 -0.052216050592945214 0.25699771200506066 0.18726863098909027 0.38585312733167776
-0.23034920508922693 -0.47070519040923414 -0.092174898238287853 -0.22664530414777231 -0.17783624091365885 0.54285120801102482 0.29535606101352752 -0.04430797084426577 -0.36430399474151481 -0.32993317162636149 0.091797067904940646
0.3727774589633211 -0.10057696920951902 0.04709605541372619 0.088825864796518411 0.37167740086388196 -0.655536641383209 0.054365325265782381 0.14136901909871044 0.3152204140465526 0.13143018716148458 -0.36518789201042395
-0.18280031558160448 -0.47992307894135233 0.060834133459338656 0.060568871708818681 0.16116166647205718 -0.30538595057268725 -0.35902720723126386 0.48036892679416188 0.050336309095903198 0.48241494407062219 0.12141695813987494
-0.42775839772577889 0.23569960048455321 0.36145227122342227 -0.13190106795600784 -0.56323792173043774 0.19467824576854056 -0.041073200653264537 0.081235655615920152 -0.34692380881167212 0.059031030575648943 -0.35518897548879419
-0.19910971093838811 0.2033551835270383 -0.4188015510984851 -0.42782857732050433 -0.10324499803429078 0.37798434141648862 0.37086662166148904 -0.13962885994796653 0.42202876912250609 0.2444359249953984 0.11019435831559846
0.072286456944883726 -0.14810828386689864 0.16318924656086334 0.21620734577638945 0.55071522885066737 0.18667742392759928 -0.50070225427809212 -0.24621898078769913 0.087120684942033941 0.017172936013011158 -0.49205190429864604
-0.056645532104829907 -0.14271527016892099 -0.021356658159778202 -0.050074269395859551 0.36029971841409192 0.5742606253929029 0.26701875673575154 -0.43882790093071961 -0.39589394803960731 -0.30413093458277862 -0.027791303233536357
-0.18922432519386595 -0.15551888034124289 -0.40672253885348147 0.41464731012233347 0.37175753456590765 0.41705215480610003 -0.037019365325434317 0.19785302490786566 -0.31066732830515942 -0.34484677262378827 -0.18592072110093483
0.32940935275212591 -0.08638388028972957 -0.649234307117462 0.050997257986991604 0.23796821645657412 0.090872599523514938 -0.37920508275916387 0.035188087571849047 -0.38986944161250198 -0.30147931617456392 -0.084332914189379701
0.22506809427202254 0.54615339052611434 0.46631179738891565 0.18773654305151699 -0.12029171177896331 -0.09286638575952974 -0.079983345463523883 0.34478620607310534 -0.40451015602685253 0.037711170188409082 -0.29146080579411066
-0.00090985317074243795 0.31139158722160282 -0.21415608578447845 -0.53668680904968469 0.30494432270912403 0.35400868674835395 0.11721210258655866 0.29510510712248661 -0.18105829508559057 0.26456619939310055 0.38369599935285936
0.2190302218860567 0.096163037903758686 0.43906307448429521 0.3872834774757965 -0.25620310391700862 0.46531824817015088 0.25476348341678223 0.054295687865767717 0.36948332910030357 0.262279906497902 0.21140321701527756
-0.15384637886566921 0.2524909071770387 -0.33581083679796253 -0.038306209877850023 -0.51295272306051498 -0.51632460858098495 0.13421840902967908 -0.024842923191928074 0.061161336342076426 0.42716898584087426 0.25255880200961195
-0.58059822291839924 0.048099182374225308 -0.043932232633016967 -0.34059028096373922 -0.081581542667919574 -0.23935428672298636 -0.42517835178048569 -0.21894688430834053 0.052651279702057609 0.46229638111106386 -0.18305709152433772
0.14365712995363633 -0.40222899445514337 0.43765243372182638 -0.091761161036338953 0.038225359160075044 0.35160810458526454 0.27185695419454559 -0.41063251305616222 0.32199075681244105 -0.13187887554280955 0.35906811987826998
0.056068949045124161 0.27082136911463728 0.10742337890357137 -0.051458587798417423 0.43306257254899483 -0.56812295743991692 -0.15934193676945393 -0.35160709757356862 -0.15082897082012392 -0.45073416477069744 -0.1552073911571353
-0.20104629612464575 -0.19250323554062959 -0.67394931293116234 -0.015441932072637618 0.12638403848834456 -0.24446408536686062 -0.26929970790761204 -0.26423250094646572 0.4843043375659522 0.054232054218829713 0.11184003268065602
-0.10174876992074049 -0.16933364927315381 -0.29757884728613165 0.52232562849934572 -0.57594337520361538 0.10160128528723128 -0.0081429875786331821 -0.086580422985902655 -0.35228783714134404 -0.2777594144536023 0.22077814086694791
-0.27513648105011129 0.34865270689032746 0.26561631105806582 0.22978522264118656 0.30200969660133192 -0.4799951789427595 -0.18801343518663849 0.26913500899892895 -0.29183693504078301 0.38482759692667534 -0.1293789936181379
-0.020801861457966139 -0.33158271867458744 0.11832289754129759 -0.23735397344431625 -0.078438737541441539 -0.36832640919215481 0.38548037161027088 -0.52808225712629753 0.33573041216556498 0.17643156445565464 0.32581742343046977
-0.42744116799683857 0.43292251159840767 0.40387775155276917 0.066831457001173461 0.13094028210120229 -0.065900812965921235 0.26930447626863246 -0.34391174659201562 0.17684050252547173 0.12950195727719271 -0.4493959053306058
-0.70073677214769281 -0.031305542222199931 -0.043143632039986946 0.32527310568665446 0.015380877943008438 -0.13293383528414188 -0.36312592690308892 -0.023570281260233507 -0.23287601905262717 -0.43984293666594054 -0.048030727823778235
0.35697459255952463 0.03132855299925786 -0.35429823742050914 0.11052937962484334 -0.37084863260944551 -0.53282651789584334 0.1669237366104768 -0.18586913920576728 0.39498376622644599 0.11031974387938523 -0.28603737260707579
0.071519816060884131 0.42249320914281352 -0.061543252091040154 -0.34605583550582308 -0.21571452397130655 -0.26515536443933557 -0.38514365046326482 -0.42150496597069376 0.17016743560364914 0.44697527143201826 -0.14579489218882652
0.31373827353141187 0.36224580767576592 0.67166910975151362 -0.074327290162228873 -0.13936913310729454 0.16801933057259544 0.038919745978011393 0.12047130010701775 0.46880526610564255 -0.15521435690840835 0.078295120417092273
-0.48679138161850938 -0.079096292755464953 -0.33402770682058602 -0.3758156976656396 -0.10900014389505402 -0.22153441298421986 0.18433846060425241 0.39878162464587402 -0.26072822872075907 0.17529515041328714 -0.38896323860966431
0.058413222876987046 0.16767083962496904 -0.15360625712629061 -0.054080894619249663 -0.18454382274786388 0.21121345291523005 -0.74881671617467749 -0.22926129178738008 -0.4138947751543991 0.040256410717277986 0.27761580735983182
0.39754779703910942 0.22291627700919298 0.082816158525974667 -0.25558236839045018 0.4065010160779382 0.20795727196598318 -0.2816870560144844 -0.42690317263590727 -0.17766851837598122 0.30572845179157154 0.35350249128289368
0.50209199815651839 -0.2409546474425194 -0.11182174170276529 0.42966122376297483 0.068379898022889254 0.23747395282470693 -0.41047091762476084 -0.11478480387483195 -0.014493748836794247 -0.32488300723588265 -0.37979068294789098
-0.46630830960760938 0.46595525997402742 0.042560422973235167 -0.41516384431799919 0.30873737860686717 0.020692118092447382 0.20677324073827219 -0.052609343992018609 -0.34123717300264722 -0.32992892576712524 0.15717536608295907
0.29598567991391339 0.1893109854882995 0.24814945793390394 0.4581089372910318 0.11477109438826102 0.38458022567741235 0.42414655159015663 0.11890006242869854 -0.0201132045997028 -0.16366308943672592 -0.47202738496485219
-0.4373415412983967 0.38559593547416238 0.0060067291126727103 -0.14705682658443353 0.46259582929056925 0.28924091468613988 0.028384498043339722 0.29987576098470198 -0.038581324186110044 0.10533060381076262 0.48725449749069166
0.35507321705610712 -0.071986261370725058 0.23890953879824436 0.39604894467766139 -0.02029181788126197 -0.11593509145208966 0.62072813981316632 -0.075181962832642599 -0.23377992820837049 0.039523061519404684 0.44021003256970703
0.19142150640721392 0.28145913167390302 -0.55954380850720287 -0.12230772993312485 0.35366251874253701 -0.078913084789858035 0.38600635095279728 0.16057632002186695 0.13541437867547046 0.47118244058405134 -0.098234687016314312
-0.12754827290790313 0.089254706652820537 0.13205887436022265 -0.58819713664993301 0.512570982588752 0.13642079234454627 -0.011759001624992901 0.28437949761354425 -0.094181491591797895 0.48562328268591581 0.072800233206351733
0.36857563468997812 -0.32200645976952558 -0.060812514938300997 0.21804182678765346 -0.34828418586943577 -0.22603086568301686 0.034457365069614651 0.53445701866648565 0.3112755339476948 0.36094886696694284 0.15107434395309408
0.30491498848917942 0.49371096642278545 0.08746988896275941 0.16634056776478834 0.21008687753123492 -0.55505043825945943 0.0074460855333868745 0.16025990189826209 0.30920668987293765 -0.070190904927106917 0.38660633699324537
-0.19702591239561179 -0.021694080338303504 0.68241055460151379 -0.46757198436309128 0.013475987860784903 -0.013386221500439858 0.007507392298283672 -0.16119949446621792 0.21848610380832759 -0.27932660521888608 -0.3524776163950688
0.31941400370728762 -0.60289461703810221 0.25885980754572219 0.06323010139347493 -0.32725645761244321 -0.14058521262600501 -0.0062735438647008885 0.29425495898379944 -0.18715933621521599 -0.044018250904676468 -0.46155582160208181
-0.051550163606211716 -0.47966205649719101 0.0065408862274110241 -0.10062563423993456 0.56133737754669732 0.350571118111977 -0.023142265398085803 0.26184588214671006 0.064575130005558812 -0.20752043004665358 -0.45029470760604901
0.30976038076964713 0.11687706950086671 -0.51070482255203897 0.18204328583978896 0.25556607875497328 -0.17189711591712403 0.22177656680230096 -0.44986842385262155 -0.10837787491131132 0.042268210326991656 0.48627937919005093
0.18630602367016874 0.11010542248666946 0.25340734840004192 -0.26814155282625585 0.65045270284284984 -0.13361361208850281 0.35495202555983568 0.010928334186451361 -0.13503569138158358 0.38100400556012592 0.29428100482402419
0.50606311568637419 0.40662330017073139 -0.19953990584114692 0.19502024681761884 0.047732838349502989 -0.28377781359325632 -0.39636936186934413 0.10388263394227167 -0.17485739106510281 -0.4678283822913038 -0.023695938736572789
0.068252669897389859 0.034475212432629236 -0.32677607365150324 -0.15384316721764577 0.38556962857566002 -0.20674788523877896 -0.084225241370251683 0.64436029715866006 0.091607127926611395 -0.11927688423053068 -0.47684500521793671
0.093933852439454166 -0.39331902150183273 -0.0024166579867292521 -0.2440275528838379 -0.47574980714297738 0.47805852327842435 -0.026786724581061436 0.26706915321488345 0.35903526659532098 -0.34478541182382966 0.047081813201054375
-0.13160556948568536 0.36749532527345669 0.16554934289720433 -0.13135702580805012 0.62931590794160264 0.19832280312514339 0.17666660816169347 -0.29391218102102606 0.12987395970224158 -0.45993571028681141 0.1469418149956877
-0.43877214775669182 0.088252218186523734 -0.12900268346975269 0.10924130623910849 0.16988706883244695 -0.026034353336390516 -0.025571157953178908 -0.70065819425574627 -0.40378824268646785 0.26840734006855721 0.12211697206161025
-0.42569758980799127 0.54946679790209207 -0.20560231782877422 0.1470544697700677 0.12238099292769429 0.031242303573392523 0.1751169778063954 -0.39541285383809005 -0.066645526873988239 -0.46849245658509697 0.16147195382031385
-0.14222664409338512 -0.33306401654714185 -0.37928475149508489 0.45891678048460238 -0.43989250736983382 0.18802272498063941 0.18149763116731132 -0.05078439913760887 0.24341424394608568 0.31167006714558165 -0.30595959715234317
0.085928309069505993 0.48708457350474971 -0.27373855561599364 -0.077299719583439647 -0.19603734632722034 0.50739512092913075 -0.35857101394742691 0.0018106724582461278 0.36325894856869118 -0.33943375818260668 -0.053175747204912076
-0.28671771055209039 -0.53980572609691468 -0.028609185058424941 0.19861509311012746 -0.16044665089379398 0.065689633776615727 0.27476880007983495 0.48018761185795417 -0.40847018401121643 0.20224122910536904 -0.20554949288138055
-0.55637364145401325 -0.22973880355385889 0.1889692447567406 0.09043869080589037 -0.32382223463545901 0.47372267594393741 0.11869707084547265 -0.020418447618366673 -0.3448297819862457 0.26499696266498984 -0.24671649971910722
0.42485220841884075 0.11728674720196632 0.23022917074218124 -0.11472939477521445 -0.55339673520386234 0.19734475416658478 -0.37788319582501123 -0.039843526801841771 -0.0060019461309606921 -0.3300136434603923 0.37557285814158364
-0.40407362631548305 0.42168174326003321 -0.16707506952680895 0.27240296815247528 0.36547737496341431 -0.2437674466848459 -0.20798377186074687 0.26558996022242176 0.050692725699867831 0.02237436730971596 -0.49692014977117588
-0.54276919694327264 0.17747043285436553 0.47397262903966986 -0.23421539316652429 -0.28572368186530933 0.069094523767542743 0.15327987766969889 0.18572060829467246 -0.089112618749687331 -0.39368510043541699 0.29507792678329658
-0.13629369101483882 0.34486087250551106 -0.54617162818069842 0.10186793358255822 -0.13714862931804433 -0.29771395655052074 0.26629062030843353 0.35420395843259522 -0.21170025947418428 0.23365863750921645 -0.38805494618146497
-0.25691437032144704 -0.10190198700106552 -0.14431365422742617 0.26531046005447878 -0.50124730927947114 0.40221765371384299 0.4014900069491002 -0.090403477022785964 -0.22284407575817278 -0.44743700058580221 -0.011859528079422713
-0.46135852325884691 0.065985701117873011 -0.67975623695148679 0.0017170405804187178 -0.039630828507972421 0.0072430782040687749 0.18386383438910364 0.18786627162754807 0.33692900918671453 -0.271895559378102 0.25010327378690556
0.073001398803838852 -0.18918973810787501 -0.45122310369503715 0.66163934225643117 0.10906573600592437 -0.2333739360740836 0.033776322838842882 0.00309215845537179 -0.17591818545935634 -0.46507312580300531 0.05253360524949275
-0.063371859540338235 -0.11037851168252706 0.39030544017532937 -0.51743752482577487 -0.37578883167247751 0.064763419109128639 0.33060699321929266 0.24291589577237663 0.15437373337303031 -0.4636961499704319 0.10561548630324698
0.13975568122495582 0.22814724893340024 -0.22679580432199448 0.17073460730168341 0.33434948649175628 0.53456277562866295 0.085996918673377415 -0.439190310861376 0.03672540644912782 0.38958427307799243 0.31124803403626289
0.58960971044763522 -0.059208399662192442 -0.3098820864254333 -0.19266781958101969 0.20404612681729509 -0.24324332249485456 -0.31697506705929529 -0.25383386224279347 0.47388825236250554 0.096124076759471447 -0.12724026933305971
0.25382218956847757 0.20595480441197342 -0.28505695674737652 0.24859247850548166 0.075070148487979785 -0.60611850826377189 -0.34730009726971023 0.08042819682958105 0.21862485410566662 -0.12088056841709402 -0.43311783771444501
0.070760393720579212 -0.49294622856584314 0.15464993958265932 -0.037188041574921962 -0.003513362583956211 -0.17274718383008347 0.22919600495747008 -0.62794321896791438 -0.34189165165542118 0.23918000755506877 -0.27550503174041208
0.55862736298807214 0.16758582697773894 -0.28066149257917505 0.4266076674285435 -0.025615598643100267 0.22950604740065977 -0.22208126716104568 -0.21549062782499989 0.35513234578306774 0.063845375764120402 -0.34612827820354974
-0.1821272405170308 0.1480533038103144 0.38802795475336227 -0.1724041034334369 0.15542293742220553 -0.61828211297752012 -0.28995205186306583 0.15530539545438193 0.46919276552870792 0.031044975943567369 0.16998340579064264
0.15291494617787427 0.52726774767034545 -0.51707818398102978 0.34174200389878462 -0.19229619235959058 -0.1446676432343498 0.02233714896417633 -0.077735417316409122 -0.3078680922111513 -0.08804491998748501 -0.38401214806652079
0.46477452190514967 0.22775037404060119 -0.10998197879426132 0.49817277585893105 0.40586101300920041 0.16375467271790553 -0.14643924949507561 0.094122537870734532 0.19804114296168021 0.45732604916679714 -0.040405326974540974
-0.13382097018734371 0.61122137707604574 0.37542419616579747 0.095340001485540421 -0.22592914513227727 0.14086070638544196 0.30530087701138509 0.21064897451887579 0.29594309342686681 0.032580469589560061 0.4016916708798684
-0.16185746507059215 -0.11386573461988396 -0.13166358575913631 -0.17446483126241247 0.5887156903069084 -0.48330386219855764 0.084491441158743186 -0.27523787431848329 -0.30813391495260672 0.03847841822658532 -0.39188378607280977
-0.012816977749317039 0.68251645216847046 -0.019270200997393263 0.14650774327400096 -0.23506892353072387 0.15333346792844438 -0.42287280200049643 0.067684564314246368 -0.01991384275748434 0.49945675673146589 -0.012099050455118813
-0.12441947958638905 -0.19915370514962466 -0.43949661443530652 0.29755080077119966 0.55223748582237187 -0.13119945783505529 0.27431406130977015 -0.12544360872145938 0.13581520969572247 0.15392300953343976 -0.45591878218765636
-0.26460421585030003 0.33370572224311046 -0.66265428071368604 0.0076843047533831366 -0.1156163849305918 -0.32086776806264777 0.022078914685232608 0.11244822848375439 0.087042084084816493 -0.41362079859547352 0.26709831629460806
-0.10635593504062128 0.24033124296391856 -0.025393853569270746 -0.13046664677738634 -0.01252861962135683 0.72645040791949123 0.35971107384278228 -0.0773543592532491 0.090731551730318605 0.43614697130100105 0.22703216720450059
0.026778006136089771 -0.053158371593623778 -0.31383135689141284 0.22211326523630903 0.32511174630405731 0.65628652454851333 -0.15869980218453503 0.19245109937955349 -0.010874192047517234 0.49849339912344293 -0.037230135343154058
-0.15687081474145687 -0.41099607676454547 0.17530247410760832 0.040144101464670102 0.27501720771708005 -0.13329580276865399 0.63343605219537991 -0.1717201160573259 0.20006041640200997 0.16208484781428786 0.42860743332106777
-0.076838948057732129 -0.43470732747449431 -0.4686859661405165 0.38909103605132017 0.05116816058482157 0.16484155667812883 -0.38698293816244822 0.067232673710486315 0.068404004692151979 0.19253537675035909 -0.45634528686256126
-0.24368915018843557 0.54925634049591754 -0.12481530006938908 -0.026657866219249354 -0.12654102949497795 -0.47541165417685938 -0.34168693689738655 0.11774860348874788 -0.12881377333474198 0.38852761963257271 -0.28714682756720927
-0.52688255446032128 -0.10632505513189754 -0.32810255193525811 0.37451857210720535 -0.11561730843446731 0.14006642205335249 -0.38479596955506251 0.17922167345116893 0.22581635882534126 0.43958936836792617 0.075948398961087141
0.27951646032783617 0.087484636029185561 0.50282813610863797 -0.23081658647181263 0.29414690477645278 -0.31700327827331881 0.38265811293592722 -0.15704726801306576 -0.18892265106933503 -0.19723888955538979 0.41881386361949746
-0.38892123975444859 -0.37028099045894924 0.15550020783356458 -0.24958518069429125 -0.11818104271444331 -0.12496903576636403 0.56289289755071992 -0.1694896676603776 -0.42422627971124133 -0.23131516917827052 0.12855098642323884
0.13094990862541697 -0.39443056294866119 0.11686959586886993 0.5186676411206802 -0.47811080403716699 0.15181821623302252 0.2034464495586232 0.03965928016872132 -0.037979203141018048 -0.44487046069803787 0.2250507794411937
-0.098726445211696864 -0.063360966073211816 0.36554537087669597 -0.70186833339028587 -0.022082530324999926 0.17664367344466947 0.21374134783443832 0.18060983395437921 0.44416657304631602 0.060863744493550059 0.221385771888158
0.21410536681668177 -0.41380019398672735 -0.21495818488645324 0.57989347073903452 -0.076366437067686255 -0.019005753286675076 -0.36748422255822011 -0.095953777954661243 -0.42375593674133177 -0.19666390296370004 0.17819712496996348
-0.32919969204885852 -0.24356953472503851 0.52909036327776782 0.1858131083101123 0.20389395967913446 0.39321515080030633 -0.21837848607668664 -0.1547845469735564 -0.46895456745855257 0.16685349728058518 -0.047344736824695241
-0.001918199991406741 -0.41278821116308217 0.23428837824976065 0.23682258508326101 0.068435157616088857 -0.60162604573690193 -0.31908043878675163 -0.013290452281558632 -0.30701749266772949 0.14127030618058545 0.36848739434024652
-0.19830147051042379 -0.047673183364811744 -0.17987129836945448 0.27044013251810833 0.23520218402217216 0.69824691679193274 0.001867141597104878 -0.24503047714878165 0.40293599912300893 -0.22859851311703314 0.18810980945028946
0.37916001345424122 -0.08673208948670344 0.2204461110328888 -0.64491613398585612 0.32282573293738825 0.041376916646603423 -0.072389716707917412 -0.15176675177082855 0.3600352016068521 -0.12764784557643838 0.32261537645252925
-0.20025384780936045 0.020375974914910278 0.14382981124882169 0.80918281147909554 0.10221980251666753 0.097488534742240743 -0.0231699175518458 -0.11631694448631499 -0.12318805628115689 0.37578424393001003 0.30595899202935883
-0.27596928240365853 0.070652086444569509 -0.47540641398212052 0.38971851524919549 0.28611903611476341 0.051699074385203984 -0.32377794933017107 0.31872935333176161 0.31713442190579533 -0.082416883511057096 0.37766812912238418
-0.43007388904722932 -0.18885944342156957 -0.30301760033173925 0.041668516931424524 0.54453473919462536 0.020375395552943775 0.37262202460459393 -0.0056760040602546451 -0.15946196337888768 0.41678152950863956 0.22553278895936466
0.31377043274199085 0.21613775876376273 -0.17563544248293284 -0.55611804707485957 0.032375146788944147 -0.25573283357596299 -0.3068683059622852 -0.32264826720810136 -0.47843812501454469 -0.14489528402112092 0.010115196538163826
0.56221665178760616 -0.33004639690760867 -0.00090506517168436012 -0.3388988253394451 -0.27080662519211907 0.020024807716972379 0.11634375663443661 -0.3505074728187097 0.32621285273646822 -0.2623538396646013 0.27341477195421621
-0.018110289791591152 0.35051629809728235 0.21985378019496968 -0.10847269953238561 0.18564861182528283 -0.51494809251975626 -0.49870166334654248 -0.13552873081004749 0.41114965445400625 -0.22210568969092656 -0.17783426061720817
0.65721329050177402 0.0182863811390542 0.0014735621141754415 -0.41253625263910082 0.025006033076776363 0.23485268974310869 -0.020977542546832009 0.30220328102907462 0.1200236823403994 0.38132509471645754 0.30030898723970223
-0.032180476340152198 0.21424679073585912 0.44409674595064469 0.075228662294477847 -0.29934544679297448 0.047487444282614137 -0.048457610654040646 0.63715819409065078 0.27935038969964493 -0.40878588813684191 -0.069695462082046494
0.5104481086947904 -0.40663596985876616 -0.17286100443946181 -0.00086615376634342984 -0.05345531955622726 -0.20919673693183938 0.043549971347429994 -0.49567216316091006 -0.32589705294871135 -0.33747453533349331 -0.1729220890481826
-0.14217864296454533 -0.0070495369173294411 -0.16568220866719069 -0.19809749221543116 0.15812283698116916 0.40450561948709196 0.43259318218802528 -0.53598305735905361 0.14027418813539214 0.44663385696562274 -0.17561705485222176
0.19640833975283692 -0.10537565578674601 0.15640368904707036 -0.67768389064309109 0.19317393440443817 -0.22109469903940762 -0.33238317439452808 -0.14115436996833608 0.35652257928440728 0.34049087922736371 0.083412298993436287
0.29462949822458218 -0.15089585913249928 -0.44457904058158687 -0.66222848659416234 -0.019585405511297442 -0.060105405170938035 0.0037836782725443135 0.014705190589788909 0.34670248791197711 -0.27509133154877607 -0.23264166476013445
0.53228249098621427 0.20900341862743435 -0.092517603122713191 -0.5816008826417397 -0.24731640077910816 -0.10936614919807715 -0.031831741204264595 0.045102225903935984 -0.077031515868328085 0.33376725386654993 -0.3642328455938722
-0.068249962233673356 -0.15387125943063526 0.1601801635733314 0.030987355077979086 0.16320655079592836 0.0093267931402457784 0.80392037618689138 0.14844641678991952 -0.43708343320049869 -0.02204400625775315 -0.24181012015582276
0.1649126756360475 0.21353325719040323 0.079912850288103174 -0.047919706798604494 -0.15876924818286464 0.35900340680140036 0.24841853158619481 -0.67284627400943431 0.022984950811290483 -0.45356907402410385 -0.20915732625255964
0.40109280727860147 -0.27650591205603336 -0.2540609060294895 0.58437203942914417 -0.11780733167532254 -0.059926144922604452 0.27127175268695103 -0.12479319717330224 0.0094518085378695587 0.083682013702394031 0.49285696089035386
-0.6144649881044526 -0.31766592602783911 -0.049964044983820864 0.34416037430765084 -0.24413030279234071 0.1748728717805928 -0.19489456219148249 -0.14971423580228155 0.19706327829505801 -0.036485023408928785 0.45807740330041868
0.10671593704738695 0.33441302665983647 0.22040940637589632 -0.46217963436809334 -0.45749405251558717 0.14470659621269122 -0.3284563337871434 -0.16268050054390998 -0.10966334529321506 -0.29881116872283975 0.38559802404264443
0.27215301563084965 0.06105696450401956 0.19605536338168489 -0.31678983771627017 0.30547016802832366 -0.2971601943767041 0.54530611093791381 -0.233315916889694 -0.19207360783462335 0.40321973030390568 0.22477005642886905
-0.45389017843927437 0.28701542080461157 -0.00029557269627342978 0.0087291931216179879 0.2947531009559855 0.29368542316187574 0.48512994498941581 0.23032148430958213 0.10698162257304596 -0.032046403528358948 0.48736840321520231
-0.14766438368349855 0.3641940739660865 0.41576988550194971 0.41322644400228536 -0.025370724536671305 0.40127277154584201 0.21952390834327881 0.20514131076985304 0.49150220197812766 0.03060776351785565 0.086537565617983869
-0.31994557489647585 -0.56698059485629704 0.076483580203664428 0.11268260474208476 0.18351964723169323 0.080697332561709814 -0.50760637808375542 0.098817869003551106 0.26219343281045282 0.36621619856678889 -0.21711816989455512
-0.22205662288898834 -0.17258227638593865 -0.15893239598875925 -0.40618412848182484 -0.17078053734869267 0.40004238412349635 -0.26568189995183267 -0.46997275281550405 -0.15407353379271149 -0.28343481055047964 0.38200268893404393
-0.39438429260247276 -0.096435981253785705 -0.44648696031783308 -0.51754066812498811 0.19541407824757112 0.063772925652622534 -0.029998959198485265 0.27351160266854169 -0.48583416023872616 0.0094752493803865016 0.11779383852439497
0.40515200524499467 -0.65202029958482555 -0.12257149667335131 0.15267566940625191 -0.20036236555508566 0.029561485483187273 0.23407758854028402 0.16302292273862773 -0.2450682693816075 -0.17164255876812051 -0.40060001917353455
0.22012170100860048 0.06975821882252857 0.45600728429811577 0.015590034069794988 -0.39129893092559626 0.36286209035304545 -0.451332320928094 -0.0031498068690406773 -0.088498528977327115 0.31916482585272049 0.37456885122397965
-0.11318052191728377 -0.19451573166912134 -0.014742128886502542 -0.15381242019896352 0.24867073231696671 0.097918636768898573 0.36566814386910751 0.68581325784923008 -0.37465160307638434 -0.26113485426494054 0.20357987179562631
0.079183381579423409 -0.070098559321088175 -0.34360552458553684 0.50670687339168108 0.015799814605045127 -0.23445933969296603 -0.48058483463621354 0.27895693682277894 0.14841967968294392 -0.00069161732779780653 -0.47746321360737753
-0.024239465784968873 -0.087743281379739996 -0.5561338586870308 0.59314300793850094 0.096319838634620222 -0.077619285075579039 -0.21634278367656734 -0.13602795097900602 0.43287446255886491 0.069436533160657773 -0.24041270250758953
0.41161552227915138 0.22851937594014704 0.24193393445255384 -0.065277299397327695 -0.082898890168752182 0.096024518992619157 -0.10210834096912952 -0.66260044872309243 -0.26582293279152014 -0.00023740654023022694 -0.42348330786496136
-0.090884485123355965 -0.20616211852563221 0.45395526506019712 0.094983885365736237 -0.19379575792397769 -0.19260406107655495 0.26451075047718992 0.58268414500767374 -0.26666081829306654 -0.37978997653512292 -0.18614935323745541
-0.62469154538536842 -0.21443280527834299 0.22121243843732111 0.261088085823861 0.41066825057727846 0.014984016018287765 0.039057630483106634 -0.16210700909816814 -0.24645753627207903 0.12798265985910748 0.41578735140704431
0.15082701340203655 -0.73674319667066923 0.17450912677886085 -0.0033815388946720265 -0.21847482234596063 0.046079059685612545 0.31945375576023077 0.045722797851426474 -0.10628819876689334 0.4796090694081413 -0.093155565289176914
0.14375630071126022 0.39922246974391268 -0.28227455371407711 0.17096635390744541 -0.27833769374886785 -0.09111619070585833 -0.24959138005264728 0.559443686931694 -0.47094195330318844 0.16786986620552324 0.0057779441947149396
-0.58088465101424136 0.49764748388385116 -0.17074659847133933 -0.081577627731000024 0.057276909839571233 -0.26891312909140308 -0.23074127554374543 -0.016560257435497366 -0.29223180769626123 0.025341890084562366 0.40491771902142965
-0.26024203663815371 -0.40339627721458177 -0.038476452069762995 0.095692708769455168 0.16320726799942642 -0.28086174995161456 -0.5974313069413334 0.21555484822425122 0.18032435496329355 0.38892034923502244 -0.25734041454458795
0.1574979945372999 0.28664494626223957 -0.54071083848328694 0.30067783981663515 0.40935613335479415 0.16233005028536912 0.15030794200294645 0.2091356395236102 -0.08007873892055134 -0.41413194282740085 -0.26848115297520719
-0.071509027680972642 -0.31090564840291962 0.35787624200809537 -0.15386960007580264 -0.048342547433120282 -0.63962444534953611 0.13316571455746412 -0.25939031943257335 0.32144696491366964 -0.3774004969482786 0.065120762057752302
-0.13357666464281953 -0.1201889750757274 0.52319039297763026 0.29151210856142062 -0.27245668188595257 0.42731406459713983 -0.2102503286639745 0.24076800904811296 -0.48332488317357741 -0.09492363797175235 -0.085945100264386412
-0.10044507790233707 -0.46011886902834154 -0.547360444379696 -0.011291433446108121 0.16663428358681714 0.0033178479665059444 -0.10355509122636802 -0.43585411624526949 -0.14801111406471582 -0.29401498361363232 -0.37636139483745834
0.068238883971875233 0.066260085357624079 0.16625111358431643 -0.1213900672905498 -0.37358502202717286 -0.095669092260532052 -0.14532216052075683 -0.72714592783183885 -0.070325029771955233 -0.31920011420832389 -0.37837240554375351
-0.36112325746075524 -0.28444903630552065 0.28645618690403257 -0.14232024818344452 0.21522320100405701 0.6045556831126202 0.040680212856669021 0.15133756524714773 -0.33418069203333794 0.37159080815833467 0.015605651679922927
0.013792656491121519 -0.39443206803301767 -0.32882206974397266 -0.23896933994472488 0.026842971165238018 0.36434414941094057 -0.52686385872505404 -0.13397789895416978 -0.073438526429487005 0.49208331810204953 -0.049606359285304054
-0.15869361725504985 0.20182147105715265 -0.31981236653146644 0.14430030494242499 -0.47900273340184352 0.56088324137700984 -0.020888859845299527 -0.12849874839952846 -0.49515332355071917 -0.06657402791876009 0.019775868712879046
-0.32610701846497997 0.49908944243078618 -0.15347453726820587 0.027890179954035633 0.10992996633742994 0.57176484848591702 -0.17574664740143403 0.018577451346549773 0.067941909209169565 0.14925775778311098 -0.47234099834184534
0.34328016484401597 -0.04439077270932653 -0.22716815413437036 -0.016094609976020517 -0.59263271218606917 -0.24052254150200877 0.050960434850185511 0.40824280833361276 -0.10178959570120785 0.37693973619089399 -0.31233845982735453
0.32877459085940264 -0.16240149623029454 0.17282600160112382 -0.13697996170039844 -0.38344347312686705 -0.39326596376814588 -0.25748533627414827 0.44599884747858415 0.48551473490233049 -0.032930849892407389 -0.11485208451779862
0.18225076047729305 0.16727419508169142 -0.19044178346216495 0.67074515973737137 0.30411078412999559 0.32839426585090298 0.020137546130069121 0.043648346289446222 0.2571366596402947 -0.37101784380609565 -0.21500348333575175
0.026467457476172924 -0.45465427949816578 0.50870818026087494 -0.1935831416272204 -0.13342389006794186 0.10025454252906689 0.46722461393936543 -0.013370371453021366 -0.31193082018958412 -0.37918883430166311 0.094419231922311914
-0.09488581601741343 0.38845942634921837 0.20596931632834165 -0.51837360514676578 -0.15208885303604419 0.057782659773510998 0.37865016368407883 -0.3303265063103864 -0.15176901083979213 0.4129241552674206 -0.23761272976294467
0.026723274689369927 -0.18732283185162749 0.25135131056848309 -0.41141736080597396 0.0085992403547606126 -0.54462407498021392 0.36570859261656985 0.22654401882104855 -0.31036595381036253 0.31510013775385748 0.23320565581238367
-0.28773861937926548 0.12232190467995105 0.28581986138719984 -0.053601562127025507 -0.46319601076110706 -0.31673759862663087 -0.35722054765737321 0.35383321987897848 0.038884730146530884 0.4965751326802208 -0.043601781672915459
0.030281696135048823 -0.25257310319889281 0.040620818820284788 -0.17849074306056317 -0.3448588336456706 0.06484851498483242 0.6387387942433792 -0.34736243007707002 -0.46523722319651473 -0.028325900031904057 0.18097505225798086
0.49245942149553745 -0.24564331164868408 -0.053337052199783887 -0.30248395841486964 -0.33341614830877764 -0.18163705804626637 -0.42575769414877851 0.16545009051435561 0.37938546811327761 -0.19343926465239583 -0.26200747599106733
0.29752871215650839 -0.053214764822487617 0.33384360441541044 -0.66427600866303815 -0.042796154754520269 -0.23711027461220996 -0.12699473586587456 0.17818594284318121 0.3749245464570648 -0.070569015427324466 0.32318972527848455
-0.39124130928164497 0.083707185871987624 -0.061767444598182827 -0.58963442505933705 0.29891239349610227 -0.23846820943384744 0.1387542185561724 -0.27013132631082226 0.12311587023182508 0.4840741072900131 -0.02268790753765779
-0.32936858688653808 0.38166044113526187 0.1237088222398236 -0.29066632010821875 0.014340964219768042 -0.067547562087506285 -0.23711844420333175 0.57885003785044165 0.47646946405736279 -0.14678775146855225 -0.037818062347190651
-0.31169669845471865 -0.43892596494089803 0.36369785953540668 -0.22381801836955384 0.10523076628457598 -0.44629003302305764 -0.2131312152930869 0.14881298469807758 0.35736104439132843 0.16997433569477066 0.30561709565510303
0.073480019356506762 0.36052174184785718 0.61467949480290984 0.20005791139479559 -0.04672427979487196 -0.38134989382572443 -0.1835868800814138 -0.12432083005786933 0.31405590566879249 -0.34518082231406322 -0.17949676326090575
-0.24207556986594053 0.19594903639512415 -0.1649296541244909 -0.42850773547716109 -0.47932077619651681 0.066050529744434386 -0.38270914302955178 0.24820426326908226 0.32370676049553648 -0.36316333189752364 -0.11543971402673553
-0.0031223023829654284 -0.46246017232233022 -0.38449493809162671 -0.20312308901932766 -0.022947579459283773 0.070903338492918272 -0.58129043570790373 0.059774978666882313 -0.1291846540509797 -0.25195836239446473 -0.41210230377568668
0.32462406073853434 0.50106816987510705 -0.16640882240735264 -0.071625589987579674 -0.53988106683540349 -0.1485913444484665 0.21165855559416877 -0.04875950043856362 0.44225738901261874 -0.2191075231914936 0.080001844632673361
0.14381349140972774 0.16710642702575906 -0.45484278112506865 -0.056717054053322023 -0.67415907315782786 -0.002471501021871362 -0.13035699173653115 -0.14072964307576974 0.39851606493701119 0.08832946757478144 0.28876088922337734
0.1726936762972216 0.47091286013475742 -0.071460293354799947 -0.073427906414863603 -0.027622036828570395 0.68684732869941523 -0.12392293278679488 0.0063732432298583405 0.39746137801439818 0.26681410835012426 -0.14434224805033324
0.49262329574772001 0.13556034717911908 0.40889832371371476 0.17110926640347446 0.21985954992801207 -0.2099276924274868 0.40098077128414356 -0.19818179505748146 0.033671203447784424 0.47620146471326386 -0.14865535665868254
0.031191981592141798 0.0021660834412486024 0.040946671658311597 0.1542171257473148 -0.3913706447514832 -0.13693134408639601 0.53958426436867324 -0.5103826639419129 -0.15126056882933667 0.18962491424654626 -0.4372214910253332
-0.28877661733255572 -0.26926929663477789 0.52519181752481614 -0.2910980946653669 0.21179887158536431 -0.21106792768506505 0.0035021930749498781 -0.37962727483745973 -0.35565994741724799 -0.11325067603294983 -0.3326864682869447
-0.050404243760143443 0.033787216291536047 0.11677214443520183 0.436236938583277 0.40515402293338243 -0.31542186036318104 -0.21423590097153347 0.48253671608134951 -0.024272525218455597 -0.16964120316550688 0.46971555936340736
-0.19852389629862854 0.29601425954835192 -0.096106024711125379 0.41061741897061443 -0.046430195568547911 0.25988546245264038 0.33578399303041695 0.51251700592700378 -0.23852489299778371 -0.11501819399966424 -0.42411872213974644
-0.4858341995068779 -0.1403510426047645 0.044733366420565607 0.35295032535864512 -0.11750550284452395 0.53830743878375642 0.05103867625171199 0.24800064690435292 -0.06312554318944702 -0.30886692884875189 0.38809326979551884
-0.16241463309946622 0.61674100734540838 -0.20680856629043834 0.32452936758527096 -0.090275214978466342 -0.19449872127844625 -0.084957395607787006 0.3767834885056896 -0.32954026994381075 -0.26598277259038577 0.26581266931899894
-0.32621110974407264 0.077999632528966092 -0.59724593036448281 -0.098665747784316776 0.48027140750958913 0.033056384779069248 0.087416862942338025 -0.17795977272835747 0.017937011151428522 -0.36804831648799985 -0.33796257242674466
0.080488983610269654 -0.36303241394372149 0.26283203989964737 0.16931492355592478 -0.24878263564498271 -0.44851029974372875 -0.49746388460482227 0.058789115882348156 -0.041180369253037925 0.47191475196901989 0.16000201268172187
0.57773278325231991 0.32111230270300006 -0.3643310304372368 -0.078533359395168215 -0.32685387268613514 -0.12804195031453733 -0.20371731503637494 -0.097356008315105227 0.35057631656776289 -0.15274853742588901 -0.32212440232933542
-0.28941119383496949 -0.22180061962933842 -0.2677364353023392 -0.086327658817769867 -0.20060625434123078 0.47670435421423762 0.38914782359595523 -0.34494121721330673 0.28604029058200209 0.41007246883322351 -0.0046392314868700336
-0.2856763578621157 0.1384226419159113 -0.03186518302278641 0.10635078580400663 -0.35631387773163692 0.68966923394554214 -0.069421598674304391 0.17169659622650466 -0.1270691503174993 0.030797696787009742 -0.48260225124858697
-0.29520604246408344 -0.55915312291440245 0.22231601630928388 -0.31387273308146768 -0.35190320488026439 0.25479282255660385 -0.11026674999400887 -0.036696999366449323 0.43829960444704708 0.20214201499172429 0.13050694432346388
0.14174690109164045 -0.4131003324859 0.27829834137481602 0.28612137560865142 0.39716336971116822 -0.44379328162032916 -0.17800305068585079 -0.11646552208123385 0.33721766312488222 0.11437706486198917 0.35100161639250299
0.14111990014802905 -0.18467467578530644 -0.38087365108371157 -0.16328038194470273 0.42478022392457782 -0.2469371361511804 -0.52387985472799103 0.091591083901083781 0.22496471981260907 0.39635362091321857 0.20565670917481632
0.31549697969825879 -0.55696823537130091 -0.1110450741657923 -0.11127491529934364 0.05135982516992911 -0.28654833877727665 0.25898229679571877 0.40461748994106134 0.18207137443779833 -0.36487286127205854 0.28934030088715978
0.16087831761365465 0.32616725240491912 -0.33685159088961786 0.58703994592606235 0.021416541886971879 -0.062593574806386262 0.28369096227829416 -0.27347945449496119 0.18737900735764607 0.45379841720523623 0.094636695545045266
0.063882299009706933 -0.13480278596110212 0.43787385378856397 0.33272246150402124 -0.43671585961184017 0.28593019245031875 -0.19205524516428035 -0.34051061417101097 -0.026136487215460812 -0.24691152616419007 0.43399491043479593
-0.36996642681932418 -0.37835152732104849 -0.27842779509263416 -0.041887832207435541 0.17235461702138904 -0.32026985880635495 -0.2135134806546882 -0.46133657381945692 -0.042292645404393148 -0.21395362941195087 0.44992796824175302
0.69643865275274475 -0.340817355132359 0.047088428893407981 0.14934725015515085 -0.20125256354751006 -0.14529821341174118 0.22863919585223302 -0.10200375038657207 -0.12316188610832297 -0.016172650298316518 0.48432385362747604
-0.18611846385884567 0.25822658957560168 0.15630852671300038 0.48256629387332195 -0.14025855901076337 -0.34411536786224833 -0.47852386384313633 0.15589555573859171 0.1775035363964616 -0.36576729161394816 0.29104429723350889
0.54349691772541531 0.17973950582965181 -0.42549770162402173 0.29836060226370947 0.031089863006342588 -0.23652284850525934 0.30808876965711512 -0.020227208432394849 0.31877071567007015 -0.19643487717886765 0.33135867252708889
-0.098258650701335867 0.32143414245136148 0.27468335538373567 -0.39287073161762448 0.12182287575981059 0.1565542386766792 -0.02297606805655851 -0.60609325168072203 0.10800681657113489 -0.13018517010618491 0.47051710814655073
-0.27191753408463543 0.2467524373031777 0.032397619769798776 0.64207530916132272 -0.2576339248098975 0.23992700326559119 -0.1378109569954161 -0.24275855281321063 0.33262019442152413 0.18523254764480479 0.32411835732645977
-0.45121646337058047 -0.33662213524300577 0.16177962668286858 -0.23843486638030217 0.36606108926390629 0.46327952420368534 -0.037002157087324225 0.0082225229557932201 0.042954097009557754 -0.49404534562759139 -0.063829006053732026
-0.17164905236213049 0.31523614535633188 -0.24563687637837342 -0.38391231500154077 -0.22098823738162568 -0.45094682500886935 -0.059377133451257745 0.39714248175408184 0.34696966655670142 -0.27484472759549672 -0.23253478493010171
-0.020217515437667935 0.0093337253701468656 -0.013274022516795601 0.55349473012305306 -0.53975448215348065 -0.045846212151134984 -0.37621383029832089 -0.089430953317974793 0.1396380654573518 -0.39161769290576448 0.27773511351374836
-0.24791989721967733 -0.30712502506623141 -0.4822620240142424 -0.20503942242295803 -0.21743343382763031 0.24276082271324145 -0.45769417762397463 0.06243431400621377 0.36047092160028721 -0.10795720184439421 0.32925059946880636
-0.24427644684123889 0.14598527494997254 -0.11766017929175263 0.7609356298431601 -0.10006492547052791 -0.10548456749037563 0.14233899908116765 -0.18641349874175836 -0.1022429818189512 0.17651013673937585 0.45649813175632664
-0.23087932804422195 0.023525771926146338 -0.066261245433352225 0.27033633358846909 0.3183057560050806 0.15652671340401214 0.10318584682537889 0.69440802323460682 -0.22563818000948063 0.42385070364216748 0.13942020206572911
-0.37720892375252379 0.032024618512624177 -0.3479848030546841 -0.030162378468580272 -0.49922941785844038 0.17973678813011471 -0.19403609915294465 0.40681608495928012 -0.23504069589876858 0.018276234039469146 -0.44093293202113759
-0.034807724345795009 0.012625462579109917 0.1398970520917564 0.68009598665378057 0.45392312508476462 0.21664972796469517 -0.088014123596746319 -0.07614124839788855 -0.13273319169795955 -0.37444116885686263 0.30360453041214525
-0.015526576707717449 0.20275545669788558 -0.085406903450378241 0.14659921686298896 0.66396735692090769 0.14056043933063481 0.3558688938202873 -0.30432042800790582 -0.087470252824554576 -0.26299919413220418 0.41614946684649218
0.12861701727920916 -0.23779940882574496 0.15188885626393037 0.067479363286477398 -0.57181398215275847 0.011771334567636143 0.47470628573058216 -0.31117448913204454 0.41017699895840526 0.27212458037496345 0.087766977168103916
0.14307041167731546 -0.19656010102293875 0.21548871871634892 -0.36353217694007656 -0.2817314040440661 0.17132198933507914 -0.27547019774513126 0.57244765221233884 0.14158539734019959 0.32820817760508353 0.34961831675867294
