1 0 0 0 0 0 0 0 0 0 0
-1 0 0 0 0 0 0 0 0 0 0
0 1 0 0 0 0 0 0 0 0 0
0 -1 0 0 0 0 0 0 0 0 0
0 0 1 0 0 0 0 0 0 0 0
0 0 -1 0 0 0 0 0 0 0 0
0 0 0 1 0 0 0 0 0 0 0
0 0 0 -1 0 0 0 0 0 0 0
0 0 0 0 1 0 0 0 0 0 0
0 0 0 0 -1 0 0 0 0 0 0
0 0 0 0 0 1 0 0 0 0 0
0 0 0 0 0 -1 0 0 0 0 0
0 0 0 0 0 0 1 0 0 0 0
0 0 0 0 0 0 -1 0 0 0 0
0 0 0 0 0 0 0 1 0 0 0
0 0 0 0 0 0 0 -1 0 0 0
0.5 0.5 0.5 0.5 0 0 0 0 0 0 0
0.5 0.5 0.5 -0.5 0 0 0 0 0 0 0
0.5 0.5 -0.5 0.5 0 0 0 0 0 0 0
0.5 0.5 -0.5 -0.5 0 0 0 0 0 0 0
0.5 -0.5 0.5 0.5 0 0 0 0 0 0 0
0.5 -0.5 0.5 -0.5 0 0 0 0 0 0 0
0.5 -0.5 -0.5 0.5 0 0 0 0 0 0 0
0.5 -0.5 -0.5 -0.5 0 0 0 0 0 0 0
-0.5 0.5 0.5 0.5 0 0 0 0 0 0 0
-0.5 0.5 0.5 -0.5 0 0 0 0 0 0 0
-0.5 0.5 -0.5 0.5 0 0 0 0 0 0 0
-0.5 0.5 -0.5 -0.5 0 0 0 0 0 0 0
-0.5 -0.5 0.5 0.5 0 0 0 0 0 0 0
-0.5 -0.5 0.5 -0.5 0 0 0 0 0 0 0
-0.5 -0.5 -0.5 0.5 0 0 0 0 0 0 0
-0.5 -0.5 -0.5 -0.5 0 0 0 0 0 0 0
0.5 0.5 0 0 0.5 0.5 0 0 0 0 0
0.5 0.5 0 0 0.5 -0.5 0 0 0 0 0
0.5 0.5 0 0 -0.5 0.5 0 0 0 0 0
0.5 0.5 0 0 -0.5 -0.5 0 0 0 0 0
0.5 -0.5 0 0 0.5 0.5 0 0 0 0 0
0.5 -0.5 0 0 0.5 -0.5 0 0 0 0 0
0.5 -0.5 0 0 -0.5 0.5 0 0 0 0 0
0.5 -0.5 0 0 -0.5 -0.5 0 0 0 0 0
-0.5 0.5 0 0 0.5 0.5 0 0 0 0 0
-0.5 0.5 0 0 0.5 -0.5 0 0 0 0 0
-0.5 0.5 0 0 -0.5 0.5 0 0 0 0 0
-0.5 0.5 0 0 -0.5 -0.5 0 0 0 0 0
-0.5 -0.5 0 0 0.5 0.5 0 0 0 0 0
-0.5 -0.5 0 0 0.5 -0.5 0 0 0 0 0
-0.5 -0.5 0 0 -0.5 0.5 0 0 0 0 0
-0.5 -0.5 0 0 -0.5 -0.5 0 0 0 0 0
0.5 0.5 0 0 0 0 0.5 0.5 0 0 0
0.5 0.5 0 0 0 0 0.5 -0.5 0 0 0
0.5 0.5 0 0 0 0 -0.5 0.5 0 0 0
0.5 0.5 0 0 0 0 -0.5 -0.5 0 0 0
0.5 -0.5 0 0 0 0 0.5 0.5 0 0 0
0.5 -0.5 0 0 0 0 0.5 -0.5 0 0 0
0.5 -0.5 0 0 0 0 -0.5 0.5 0 0 0
0.5 -0.5 0 0 0 0 -0.5 -0.5 0 0 0
-0.5 0.5 0 0 0 0 0.5 0.5 0 0 0
-0.5 0.5 0 0 0 0 0.5 -0.5 0 0 0
-0.5 0.5 0 0 0 0 -0.5 0.5 0 0 0
-0.5 0.5 0 0 0 0 -0.5 -0.5 0 0 0
-0.5 -0.5 0 0 0 0 0.5 0.5 0 0 0
-0.5 -0.5 0 0 0 0 0.5 -0.5 0 0 0
-0.5 -0.5 0 0 0 0 -0.5 0.5 0 0 0
-0.5 -0.5 0 0 0 0 -0.5 -0.5 0 0 0
0 0 0.5 0.5 0.5 0.5 0 0 0 0 0
0 0 0.5 0.5 0.5 -0.5 0 0 0 0 0
0 0 0.5 0.5 -0.5 0.5 0 0 0 0 0
0 0 0.5 0.5 -0.5 -0.5 0 0 0 0 0
0 0 0.5 -0.5 0.5 0.5 0 0 0 0 0
0 0 0.5 -0.5 0.5 -0.5 0 0 0 0 0
0 0 0.5 -0.5 -0.5 0.5 0 0 0 0 0
0 0 0.5 -0.5 -0.5 -0.5 0 0 0 0 0
0 0 -0.5 0.5 0.5 0.5 0 0 0 0 0
0 0 -0.5 0.5 0.5 -0.5 0 0 0 0 0
0 0 -0.5 0.5 -0.5 0.5 0 0 0 0 0
0 0 -0.5 0.5 -0.5 -0.5 0 0 0 0 0
0 0 -0.5 -0.5 0.5 0.5 0 0 0 0 0
0 0 -0.5 -0.5 0.5 -0.5 0 0 0 0 0
0 0 -0.5 -0.5 -0.5 0.5 0 0 0 0 0
0 0 -0.5 -0.5 -0.5 -0.5 0 0 0 0 0
0 0 0.5 0.5 0 0 0.5 0.5 0 0 0
0 0 0.5 0.5 0 0 0.5 -0.5 0 0 0
0 0 0.5 0.5 0 0 -0.5 0.5 0 0 0
0 0 0.5 0.5 0 0 -0.5 -0.5 0 0 0
0 0 0.5 -0.5 0 0 0.5 0.5 0 0 0
0 0 0.5 -0.5 0 0 0.5 -0.5 0 0 0
0 0 0.5 -0.5 0 0 -0.5 0.5 0 0 0
0 0 0.5 -0.5 0 0 -0.5 -0.5 0 0 0
0 0 -0.5 0.5 0 0 0.5 0.5 0 0 0
0 0 -0.5 0.5 0 0 0.5 -0.5 0 0 0
0 0 -0.5 0.5 0 0 -0.5 0.5 0 0 0
0 0 -0.5 0.5 0 0 -0.5 -0.5 0 0 0
0 0 -0.5 -0.5 0 0 0.5 0.5 0 0 0
0 0 -0.5 -0.5 0 0 0.5 -0.5 0 0 0
0 0 -0.5 -0.5 0 0 -0.5 0.5 0 0 0
0 0 -0.5 -0.5 0 0 -0.5 -0.5 0 0 0
0 0 0 0 0.5 0.5 0.5 0.5 0 0 0
0 0 0 0 0.5 0.5 0.5 -0.5 0 0 0
0 0 0 0 0.5 0.5 -0.5 0.5 0 0 0
0 0 0 0 0.5 0.5 -0.5 -0.5 0 0 0
0 0 0 0 0.5 -0.5 0.5 0.5 0 0 0
0 0 0 0 0.5 -0.5 0.5 -0.5 0 0 0
0 0 0 0 0.5 -0.5 -0.5 0.5 0 0 0
0 0 0 0 0.5 -0.5 -0.5 -0.5 0 0 0
0 0 0 0 -0.5 0.5 0.5 0.5 0 0 0
0 0 0 0 -0.5 0.5 0.5 -0.5 0 0 0
0 0 0 0 -0.5 0.5 -0.5 0.5 0 0 0
0 0 0 0 -0.5 0.5 -0.5 -0.5 0 0 0
0 0 0 0 -0.5 -0.5 0.5 0.5 0 0 0
0 0 0 0 -0.5 -0.5 0.5 -0.5 0 0 0
0 0 0 0 -0.5 -0.5 -0.5 0.5 0 0 0
0 0 0 0 -0.5 -0.5 -0.5 -0.5 0 0 0
0.5 0 0.5 0 0.5 0 0 0 0.5 0 0
0.5 0 0.5 0 0.5 0 0 0 -0.5 0 0
0.5 0 0.5 0 -0.5 0 0 0 0.5 0 0
0.5 0 0.5 0 -0.5 0 0 0 -0.5 0 0
0.5 0 -0.5 0 0.5 0 0 0 0.5 0 0
0.5 0 -0.5 0 0.5 0 0 0 -0.5 0 0
0.5 0 -0.5 0 -0.5 0 0 0 0.5 0 0
0.5 0 -0.5 0 -0.5 0 0 0 -0.5 0 0
-0.5 0 0.5 0 0.5 0 0 0 0.5 0 0
-0.5 0 0.5 0 0.5 0 0 0 -0.5 0 0
-0.5 0 0.5 0 -0.5 0 0 0 0.5 0 0
-0.5 0 0.5 0 -0.5 0 0 0 -0.5 0 0
-0.5 0 -0.5 0 0.5 0 0 0 0.5 0 0
-0.5 0 -0.5 0 0.5 0 0 0 -0.5 0 0
-0.5 0 -0.5 0 -0.5 0 0 0 0.5 0 0
-0.5 0 -0.5 0 -0.5 0 0 0 -0.5 0 0
0.5 0 0 0.5 0 0 0.5 0 0.5 0 0
0.5 0 0 0.5 0 0 0.5 0 -0.5 0 0
0.5 0 0 0.5 0 0 -0.5 0 0.5 0 0
0.5 0 0 0.5 0 0 -0.5 0 -0.5 0 0
0.5 0 0 -0.5 0 0 0.5 0 0.5 0 0
0.5 0 0 -0.5 0 0 0.5 0 -0.5 0 0
0.5 0 0 -0.5 0 0 -0.5 0 0.5 0 0
0.5 0 0 -0.5 0 0 -0.5 0 -0.5 0 0
-0.5 0 0 0.5 0 0 0.5 0 0.5 0 0
-0.5 0 0 0.5 0 0 0.5 0 -0.5 0 0
-0.5 0 0 0.5 0 0 -0.5 0 0.5 0 0
-0.5 0 0 0.5 0 0 -0.5 0 -0.5 0 0
-0.5 0 0 -0.5 0 0 0.5 0 0.5 0 0
-0.5 0 0 -0.5 0 0 0.5 0 -0.5 0 0
-0.5 0 0 -0.5 0 0 -0.5 0 0.5 0 0
-0.5 0 0 -0.5 0 0 -0.5 0 -0.5 0 0
0.5 0 0 0 0 0.5 0 0.5 0.5 0 0
0.5 0 0 0 0 0.5 0 0.5 -0.5 0 0
0.5 0 0 0 0 0.5 0 -0.5 0.5 0 0
0.5 0 0 0 0 0.5 0 -0.5 -0.5 0 0
0.5 0 0 0 0 -0.5 0 0.5 0.5 0 0
0.5 0 0 0 0 -0.5 0 0.5 -0.5 0 0
0.5 0 0 0 0 -0.5 0 -0.5 0.5 0 0
0.5 0 0 0 0 -0.5 0 -0.5 -0.5 0 0
-0.5 0 0 0 0 0.5 0 0.5 0.5 0 0
-0.5 0 0 0 0 0.5 0 0.5 -0.5 0 0
-0.5 0 0 0 0 0.5 0 -0.5 0.5 0 0
-0.5 0 0 0 0 0.5 0 -0.5 -0.5 0 0
-0.5 0 0 0 0 -0.5 0 0.5 0.5 0 0
-0.5 0 0 0 0 -0.5 0 0.5 -0.5 0 0
-0.5 0 0 0 0 -0.5 0 -0.5 0.5 0 0
-0.5 0 0 0 0 -0.5 0 -0.5 -0.5 0 0
0 0.5 0.5 0 0 0 0 0.5 0.5 0 0
0 0.5 0.5 0 0 0 0 0.5 -0.5 0 0
0 0.5 0.5 0 0 0 0 -0.5 0.5 0 0
0 0.5 0.5 0 0 0 0 -0.5 -0.5 0 0
0 0.5 -0.5 0 0 0 0 0.5 0.5 0 0
0 0.5 -0.5 0 0 0 0 0.5 -0.5 0 0
0 0.5 -0.5 0 0 0 0 -0.5 0.5 0 0
0 0.5 -0.5 0 0 0 0 -0.5 -0.5 0 0
0 -0.5 0.5 0 0 0 0 0.5 0.5 0 0
0 -0.5 0.5 0 0 0 0 0.5 -0.5 0 0
0 -0.5 0.5 0 0 0 0 -0.5 0.5 0 0
0 -0.5 0.5 0 0 0 0 -0.5 -0.5 0 0
0 -0.5 -0.5 0 0 0 0 0.5 0.5 0 0
0 -0.5 -0.5 0 0 0 0 0.5 -0.5 0 0
0 -0.5 -0.5 0 0 0 0 -0.5 0.5 0 0
0 -0.5 -0.5 0 0 0 0 -0.5 -0.5 0 0
0 0.5 0 0.5 0 0.5 0 0 0.5 0 0
0 0.5 0 0.5 0 0.5 0 0 -0.5 0 0
0 0.5 0 0.5 0 -0.5 0 0 0.5 0 0
0 0.5 0 0.5 0 -0.5 0 0 -0.5 0 0
0 0.5 0 -0.5 0 0.5 0 0 0.5 0 0
0 0.5 0 -0.5 0 0.5 0 0 -0.5 0 0
0 0.5 0 -0.5 0 -0.5 0 0 0.5 0 0
0 0.5 0 -0.5 0 -0.5 0 0 -0.5 0 0
0 -0.5 0 0.5 0 0.5 0 0 0.5 0 0
0 -0.5 0 0.5 0 0.5 0 0 -0.5 0 0
0 -0.5 0 0.5 0 -0.5 0 0 0.5 0 0
0 -0.5 0 0.5 0 -0.5 0 0 -0.5 0 0
0 -0.5 0 -0.5 0 0.5 0 0 0.5 0 0
0 -0.5 0 -0.5 0 0.5 0 0 -0.5 0 0
0 -0.5 0 -0.5 0 -0.5 0 0 0.5 0 0
0 -0.5 0 -0.5 0 -0.5 0 0 -0.5 0 0
0 0.5 0 0 0.5 0 0.5 0 0.5 0 0
0 0.5 0 0 0.5 0 0.5 0 -0.5 0 0
0 0.5 0 0 0.5 0 -0.5 0 0.5 0 0
0 0.5 0 0 0.5 0 -0.5 0 -0.5 0 0
0 0.5 0 0 -0.5 0 0.5 0 0.5 0 0
0 0.5 0 0 -0.5 0 0.5 0 -0.5 0 0
0 0.5 0 0 -0.5 0 -0.5 0 0.5 0 0
0 0.5 0 0 -0.5 0 -0.5 0 -0.5 0 0
0 -0.5 0 0 0.5 0 0.5 0 0.5 0 0
0 -0.5 0 0 0.5 0 0.5 0 -0.5 0 0
0 -0.5 0 0 0.5 0 -0.5 0 0.5 0 0
0 -0.5 0 0 0.5 0 -0.5 0 -0.5 0 0
0 -0.5 0 0 -0.5 0 0.5 0 0.5 0 0
0 -0.5 0 0 -0.5 0 0.5 0 -0.5 0 0
0 -0.5 0 0 -0.5 0 -0.5 0 0.5 0 0
0 -0.5 0 0 -0.5 0 -0.5 0 -0.5 0 0
0 0 0.5 0 0 0.5 0.5 0 0.5 0 0
0 0 0.5 0 0 0.5 0.5 0 -0.5 0 0
0 0 0.5 0 0 0.5 -0.5 0 0.5 0 0
0 0 0.5 0 0 0.5 -0.5 0 -0.5 0 0
0 0 0.5 0 0 -0.5 0.5 0 0.5 0 0
0 0 0.5 0 0 -0.5 0.5 0 -0.5 0 0
0 0 0.5 0 0 -0.5 -0.5 0 0.5 0 0
0 0 0.5 0 0 -0.5 -0.5 0 -0.5 0 0
0 0 -0.5 0 0 0.5 0.5 0 0.5 0 0
0 0 -0.5 0 0 0.5 0.5 0 -0.5 0 0
0 0 -0.5 0 0 0.5 -0.5 0 0.5 0 0
0 0 -0.5 0 0 0.5 -0.5 0 -0.5 0 0
0 0 -0.5 0 0 -0.5 0.5 0 0.5 0 0
0 0 -0.5 0 0 -0.5 0.5 0 -0.5 0 0
0 0 -0.5 0 0 -0.5 -0.5 0 0.5 0 0
0 0 -0.5 0 0 -0.5 -0.5 0 -0.5 0 0
0 0 0 0.5 0.5 0 0 0.5 0.5 0 0
0 0 0 0.5 0.5 0 0 0.5 -0.5 0 0
0 0 0 0.5 0.5 0 0 -0.5 0.5 0 0
0 0 0 0.5 0.5 0 0 -0.5 -0.5 0 0
0 0 0 0.5 -0.5 0 0 0.5 0.5 0 0
0 0 0 0.5 -0.5 0 0 0.5 -0.5 0 0
0 0 0 0.5 -0.5 0 0 -0.5 0.5 0 0
0 0 0 0.5 -0.5 0 0 -0.5 -0.5 0 0
0 0 0 -0.5 0.5 0 0 0.5 0.5 0 0
0 0 0 -0.5 0.5 0 0 0.5 -0.5 0 0
0 0 0 -0.5 0.5 0 0 -0.5 0.5 0 0
0 0 0 -0.5 0.5 0 0 -0.5 -0.5 0 0
0 0 0 -0.5 -0.5 0 0 0.5 0.5 0 0
0 0 0 -0.5 -0.5 0 0 0.5 -0.5 0 0
0 0 0 -0.5 -0.5 0 0 -0.5 0.5 0 0
0 0 0 -0.5 -0.5 0 0 -0.5 -0.5 0 0
0.5 0 0.5 0 0 0.5 0 0 0 0.5 0
0.5 0 0.5 0 0 0.5 0 0 0 -0.5 0
0.5 0 0.5 0 0 -0.5 0 0 0 0.5 0
0.5 0 0.5 0 0 -0.5 0 0 0 -0.5 0
0.5 0 -0.5 0 0 0.5 0 0 0 0.5 0
0.5 0 -0.5 0 0 0.5 0 0 0 -0.5 0
0.5 0 -0.5 0 0 -0.5 0 0 0 0.5 0
0.5 0 -0.5 0 0 -0.5 0 0 0 -0.5 0
-0.5 0 0.5 0 0 0.5 0 0 0 0.5 0
-0.5 0 0.5 0 0 0.5 0 0 0 -0.5 0
-0.5 0 0.5 0 0 -0.5 0 0 0 0.5 0
-0.5 0 0.5 0 0 -0.5 0 0 0 -0.5 0
-0.5 0 -0.5 0 0 0.5 0 0 0 0.5 0
-0.5 0 -0.5 0 0 0.5 0 0 0 -0.5 0
-0.5 0 -0.5 0 0 -0.5 0 0 0 0.5 0
-0.5 0 -0.5 0 0 -0.5 0 0 0 -0.5 0
0.5 0 0 0.5 0 0 0 0.5 0 0.5 0
0.5 0 0 0.5 0 0 0 0.5 0 -0.5 0
0.5 0 0 0.5 0 0 0 -0.5 0 0.5 0
0.5 0 0 0.5 0 0 0 -0.5 0 -0.5 0
0.5 0 0 -0.5 0 0 0 0.5 0 0.5 0
0.5 0 0 -0.5 0 0 0 0.5 0 -0.5 0
0.5 0 0 -0.5 0 0 0 -0.5 0 0.5 0
0.5 0 0 -0.5 0 0 0 -0.5 0 -0.5 0
-0.5 0 0 0.5 0 0 0 0.5 0 0.5 0
-0.5 0 0 0.5 0 0 0 0.5 0 -0.5 0
-0.5 0 0 0.5 0 0 0 -0.5 0 0.5 0
-0.5 0 0 0.5 0 0 0 -0.5 0 -0.5 0
-0.5 0 0 -0.5 0 0 0 0.5 0 0.5 0
-0.5 0 0 -0.5 0 0 0 0.5 0 -0.5 0
-0.5 0 0 -0.5 0 0 0 -0.5 0 0.5 0
-0.5 0 0 -0.5 0 0 0 -0.5 0 -0.5 0
0.5 0 0 0 0.5 0 0.5 0 0 0.5 0
0.5 0 0 0 0.5 0 0.5 0 0 -0.5 0
0.5 0 0 0 0.5 0 -0.5 0 0 0.5 0
0.5 0 0 0 0.5 0 -0.5 0 0 -0.5 0
0.5 0 0 0 -0.5 0 0.5 0 0 0.5 0
0.5 0 0 0 -0.5 0 0.5 0 0 -0.5 0
0.5 0 0 0 -0.5 0 -0.5 0 0 0.5 0
0.5 0 0 0 -0.5 0 -0.5 0 0 -0.5 0
-0.5 0 0 0 0.5 0 0.5 0 0 0.5 0
-0.5 0 0 0 0.5 0 0.5 0 0 -0.5 0
-0.5 0 0 0 0.5 0 -0.5 0 0 0.5 0
-0.5 0 0 0 0.5 0 -0.5 0 0 -0.5 0
-0.5 0 0 0 -0.5 0 0.5 0 0 0.5 0
-0.5 0 0 0 -0.5 0 0.5 0 0 -0.5 0
-0.5 0 0 0 -0.5 0 -0.5 0 0 0.5 0
-0.5 0 0 0 -0.5 0 -0.5 0 0 -0.5 0
0 0.5 0.5 0 0 0 0.5 0 0 0.5 0
0 0.5 0.5 0 0 0 0.5 0 0 -0.5 0
0 0.5 0.5 0 0 0 -0.5 0 0 0.5 0
0 0.5 0.5 0 0 0 -0.5 0 0 -0.5 0
0 0.5 -0.5 0 0 0 0.5 0 0 0.5 0
0 0.5 -0.5 0 0 0 0.5 0 0 -0.5 0
0 0.5 -0.5 0 0 0 -0.5 0 0 0.5 0
0 0.5 -0.5 0 0 0 -0.5 0 0 -0.5 0
0 -0.5 0.5 0 0 0 0.5 0 0 0.5 0
0 -0.5 0.5 0 0 0 0.5 0 0 -0.5 0
0 -0.5 0.5 0 0 0 -0.5 0 0 0.5 0
0 -0.5 0.5 0 0 0 -0.5 0 0 -0.5 0
0 -0.5 -0.5 0 0 0 0.5 0 0 0.5 0
0 -0.5 -0.5 0 0 0 0.5 0 0 -0.5 0
0 -0.5 -0.5 0 0 0 -0.5 0 0 0.5 0
0 -0.5 -0.5 0 0 0 -0.5 0 0 -0.5 0
0 0.5 0 0.5 0.5 0 0 0 0 0.5 0
0 0.5 0 0.5 0.5 0 0 0 0 -0.5 0
0 0.5 0 0.5 -0.5 0 0 0 0 0.5 0
0 0.5 0 0.5 -0.5 0 0 0 0 -0.5 0
0 0.5 0 -0.5 0.5 0 0 0 0 0.5 0
0 0.5 0 -0.5 0.5 0 0 0 0 -0.5 0
0 0.5 0 -0.5 -0.5 0 0 0 0 0.5 0
0 0.5 0 -0.5 -0.5 0 0 0 0 -0.5 0
0 -0.5 0 0.5 0.5 0 0 0 0 0.5 0
0 -0.5 0 0.5 0.5 0 0 0 0 -0.5 0
0 -0.5 0 0.5 -0.5 0 0 0 0 0.5 0
0 -0.5 0 0.5 -0.5 0 0 0 0 -0.5 0
0 -0.5 0 -0.5 0.5 0 0 0 0 0.5 0
0 -0.5 0 -0.5 0.5 0 0 0 0 -0.5 0
0 -0.5 0 -0.5 -0.5 0 0 0 0 0.5 0
0 -0.5 0 -0.5 -0.5 0 0 0 0 -0.5 0
0 0.5 0 0 0 0.5 0 0.5 0 0.5 0
0 0.5 0 0 0 0.5 0 0.5 0 -0.5 0
0 0.5 0 0 0 0.5 0 -0.5 0 0.5 0
0 0.5 0 0 0 0.5 0 -0.5 0 -0.5 0
0 0.5 0 0 0 -0.5 0 0.5 0 0.5 0
0 0.5 0 0 0 -0.5 0 0.5 0 -0.5 0
0 0.5 0 0 0 -0.5 0 -0.5 0 0.5 0
0 0.5 0 0 0 -0.5 0 -0.5 0 -0.5 0
0 -0.5 0 0 0 0.5 0 0.5 0 0.5 0
0 -0.5 0 0 0 0.5 0 0.5 0 -0.5 0
0 -0.5 0 0 0 0.5 0 -0.5 0 0.5 0
0 -0.5 0 0 0 0.5 0 -0.5 0 -0.5 0
0 -0.5 0 0 0 -0.5 0 0.5 0 0.5 0
0 -0.5 0 0 0 -0.5 0 0.5 0 -0.5 0
0 -0.5 0 0 0 -0.5 0 -0.5 0 0.5 0
0 -0.5 0 0 0 -0.5 0 -0.5 0 -0.5 0
0 0 0.5 0 0.5 0 0 0.5 0 0.5 0
0 0 0.5 0 0.5 0 0 0.5 0 -0.5 0
0 0 0.5 0 0.5 0 0 -0.5 0 0.5 0
0 0 0.5 0 0.5 0 0 -0.5 0 -0.5 0
0 0 0.5 0 -0.5 0 0 0.5 0 0.5 0
0 0 0.5 0 -0.5 0 0 0.5 0 -0.5 0
0 0 0.5 0 -0.5 0 0 -0.5 0 0.5 0
0 0 0.5 0 -0.5 0 0 -0.5 0 -0.5 0
0 0 -0.5 0 0.5 0 0 0.5 0 0.5 0
0 0 -0.5 0 0.5 0 0 0.5 0 -0.5 0
0 0 -0.5 0 0.5 0 0 -0.5 0 0.5 0
0 0 -0.5 0 0.5 0 0 -0.5 0 -0.5 0
0 0 -0.5 0 -0.5 0 0 0.5 0 0.5 0
0 0 -0.5 0 -0.5 0 0 0.5 0 -0.5 0
0 0 -0.5 0 -0.5 0 0 -0.5 0 0.5 0
0 0 -0.5 0 -0.5 0 0 -0.5 0 -0.5 0
0 0 0 0.5 0 0.5 0.5 0 0 0.5 0
0 0 0 0.5 0 0.5 0.5 0 0 -0.5 0
0 0 0 0.5 0 0.5 -0.5 0 0 0.5 0
0 0 0 0.5 0 0.5 -0.5 0 0 -0.5 0
0 0 0 0.5 0 -0.5 0.5 0 0 0.5 0
0 0 0 0.5 0 -0.5 0.5 0 0 -0.5 0
0 0 0 0.5 0 -0.5 -0.5 0 0 0.5 0
0 0 0 0.5 0 -0.5 -0.5 0 0 -0.5 0
0 0 0 -0.5 0 0.5 0.5 0 0 0.5 0
0 0 0 -0.5 0 0.5 0.5 0 0 -0.5 0
0 0 0 -0.5 0 0.5 -0.5 0 0 0.5 0
0 0 0 -0.5 0 0.5 -0.5 0 0 -0.5 0
0 0 0 -0.5 0 -0.5 0.5 0 0 0.5 0
0 0 0 -0.5 0 -0.5 0.5 0 0 -0.5 0
0 0 0 -0.5 0 -0.5 -0.5 0 0 0.5 0
0 0 0 -0.5 0 -0.5 -0.5 0 0 -0.5 0
0.5 0 0.5 0 0 0 0.5 0 0 0 0.5
0.5 0 0.5 0 0 0 0.5 0 0 0 -0.5
0.5 0 0.5 0 0 0 -0.5 0 0 0 0.5
0.5 0 0.5 0 0 0 -0.5 0 0 0 -0.5
0.5 0 -0.5 0 0 0 0.5 0 0 0 0.5
0.5 0 -0.5 0 0 0 0.5 0 0 0 -0.5
0.5 0 -0.5 0 0 0 -0.5 0 0 0 0.5
0.5 0 -0.5 0 0 0 -0.5 0 0 0 -0.5
-0.5 0 0.5 0 0 0 0.5 0 0 0 0.5
-0.5 0 0.5 0 0 0 0.5 0 0 0 -0.5
-0.5 0 0.5 0 0 0 -0.5 0 0 0 0.5
-0.5 0 0.5 0 0 0 -0.5 0 0 0 -0.5
-0.5 0 -0.5 0 0 0 0.5 0 0 0 0.5
-0.5 0 -0.5 0 0 0 0.5 0 0 0 -0.5
-0.5 0 -0.5 0 0 0 -0.5 0 0 0 0.5
-0.5 0 -0.5 0 0 0 -0.5 0 0 0 -0.5
0.5 0 0 0.5 0 0.5 0 0 0 0 0.5
0.5 0 0 0.5 0 0.5 0 0 0 0 -0.5
0.5 0 0 0.5 0 -0.5 0 0 0 0 0.5
0.5 0 0 0.5 0 -0.5 0 0 0 0 -0.5
0.5 0 0 -0.5 0 0.5 0 0 0 0 0.5
0.5 0 0 -0.5 0 0.5 0 0 0 0 -0.5
0.5 0 0 -0.5 0 -0.5 0 0 0 0 0.5
0.5 0 0 -0.5 0 -0.5 0 0 0 0 -0.5
-0.5 0 0 0.5 0 0.5 0 0 0 0 0.5
-0.5 0 0 0.5 0 0.5 0 0 0 0 -0.5
-0.5 0 0 0.5 0 -0.5 0 0 0 0 0.5
-0.5 0 0 0.5 0 -0.5 0 0 0 0 -0.5
-0.5 0 0 -0.5 0 0.5 0 0 0 0 0.5
-0.5 0 0 -0.5 0 0.5 0 0 0 0 -0.5
-0.5 0 0 -0.5 0 -0.5 0 0 0 0 0.5
-0.5 0 0 -0.5 0 -0.5 0 0 0 0 -0.5
0.5 0 0 0 0.5 0 0 0.5 0 0 0.5
0.5 0 0 0 0.5 0 0 0.5 0 0 -0.5
0.5 0 0 0 0.5 0 0 -0.5 0 0 0.5
0.5 0 0 0 0.5 0 0 -0.5 0 0 -0.5
0.5 0 0 0 -0.5 0 0 0.5 0 0 0.5
0.5 0 0 0 -0.5 0 0 0.5 0 0 -0.5
0.5 0 0 0 -0.5 0 0 -0.5 0 0 0.5
0.5 0 0 0 -0.5 0 0 -0.5 0 0 -0.5
-0.5 0 0 0 0.5 0 0 0.5 0 0 0.5
-0.5 0 0 0 0.5 0 0 0.5 0 0 -0.5
-0.5 0 0 0 0.5 0 0 -0.5 0 0 0.5
-0.5 0 0 0 0.5 0 0 -0.5 0 0 -0.5
-0.5 0 0 0 -0.5 0 0 0.5 0 0 0.5
-0.5 0 0 0 -0.5 0 0 0.5 0 0 -0.5
-0.5 0 0 0 -0.5 0 0 -0.5 0 0 0.5
-0.5 0 0 0 -0.5 0 0 -0.5 0 0 -0.5
0 0.5 0.5 0 0.5 0 0 0 0 0 0.5
0 0.5 0.5 0 0.5 0 0 0 0 0 -0.5
0 0.5 0.5 0 -0.5 0 0 0 0 0 0.5
0 0.5 0.5 0 -0.5 0 0 0 0 0 -0.5
0 0.5 -0.5 0 0.5 0 0 0 0 0 0.5
0 0.5 -0.5 0 0.5 0 0 0 0 0 -0.5
0 0.5 -0.5 0 -0.5 0 0 0 0 0 0.5
0 0.5 -0.5 0 -0.5 0 0 0 0 0 -0.5
0 -0.5 0.5 0 0.5 0 0 0 0 0 0.5
0 -0.5 0.5 0 0.5 0 0 0 0 0 -0.5
0 -0.5 0.5 0 -0.5 0 0 0 0 0 0.5
0 -0.5 0.5 0 -0.5 0 0 0 0 0 -0.5
0 -0.5 -0.5 0 0.5 0 0 0 0 0 0.5
0 -0.5 -0.5 0 0.5 0 0 0 0 0 -0.5
0 -0.5 -0.5 0 -0.5 0 0 0 0 0 0.5
0 -0.5 -0.5 0 -0.5 0 0 0 0 0 -0.5
0 0.5 0 0.5 0 0 0 0.5 0 0 0.5
0 0.5 0 0.5 0 0 0 0.5 0 0 -0.5
0 0.5 0 0.5 0 0 0 -0.5 0 0 0.5
0 0.5 0 0.5 0 0 0 -0.5 0 0 -0.5
0 0.5 0 -0.5 0 0 0 0.5 0 0 0.5
0 0.5 0 -0.5 0 0 0 0.5 0 0 -0.5
0 0.5 0 -0.5 0 0 0 -0.5 0 0 0.5
0 0.5 0 -0.5 0 0 0 -0.5 0 0 -0.5
0 -0.5 0 0.5 0 0 0 0.5 0 0 0.5
0 -0.5 0 0.5 0 0 0 0.5 0 0 -0.5
0 -0.5 0 0.5 0 0 0 -0.5 0 0 0.5
0 -0.5 0 0.5 0 0 0 -0.5 0 0 -0.5
0 -0.5 0 -0.5 0 0 0 0.5 0 0 0.5
0 -0.5 0 -0.5 0 0 0 0.5 0 0 -0.5
0 -0.5 0 -0.5 0 0 0 -0.5 0 0 0.5
0 -0.5 0 -0.5 0 0 0 -0.5 0 0 -0.5
0 0.5 0 0 0 0.5 0.5 0 0 0 0.5
0 0.5 0 0 0 0.5 0.5 0 0 0 -0.5
0 0.5 0 0 0 0.5 -0.5 0 0 0 0.5
0 0.5 0 0 0 0.5 -0.5 0 0 0 -0.5
0 0.5 0 0 0 -0.5 0.5 0 0 0 0.5
0 0.5 0 0 0 -0.5 0.5 0 0 0 -0.5
0 0.5 0 0 0 -0.5 -0.5 0 0 0 0.5
0 0.5 0 0 0 -0.5 -0.5 0 0 0 -0.5
0 -0.5 0 0 0 0.5 0.5 0 0 0 0.5
0 -0.5 0 0 0 0.5 0.5 0 0 0 -0.5
0 -0.5 0 0 0 0.5 -0.5 0 0 0 0.5
0 -0.5 0 0 0 0.5 -0.5 0 0 0 -0.5
0 -0.5 0 0 0 -0.5 0.5 0 0 0 0.5
0 -0.5 0 0 0 -0.5 0.5 0 0 0 -0.5
0 -0.5 0 0 0 -0.5 -0.5 0 0 0 0.5
0 -0.5 0 0 0 -0.5 -0.5 0 0 0 -0.5
0 0 0.5 0 0 0.5 0 0.5 0 0 0.5
0 0 0.5 0 0 0.5 0 0.5 0 0 -0.5
0 0 0.5 0 0 0.5 0 -0.5 0 0 0.5
0 0 0.5 0 0 0.5 0 -0.5 0 0 -0.5
0 0 0.5 0 0 -0.5 0 0.5 0 0 0.5
0 0 0.5 0 0 -0.5 0 0.5 0 0 -0.5
0 0 0.5 0 0 -0.5 0 -0.5 0 0 0.5
0 0 0.5 0 0 -0.5 0 -0.5 0 0 -0.5
0 0 -0.5 0 0 0.5 0 0.5 0 0 0.5
0 0 -0.5 0 0 0.5 0 0.5 0 0 -0.5
0 0 -0.5 0 0 0.5 0 -0.5 0 0 0.5
0 0 -0.5 0 0 0.5 0 -0.5 0 0 -0.5
0 0 -0.5 0 0 -0.5 0 0.5 0 0 0.5
0 0 -0.5 0 0 -0.5 0 0.5 0 0 -0.5
0 0 -0.5 0 0 -0.5 0 -0.5 0 0 0.5
0 0 -0.5 0 0 -0.5 0 -0.5 0 0 -0.5
0 0 0 0.5 0.5 0 0.5 0 0 0 0.5
0 0 0 0.5 0.5 0 0.5 0 0 0 -0.5
0 0 0 0.5 0.5 0 -0.5 0 0 0 0.5
0 0 0 0.5 0.5 0 -0.5 0 0 0 -0.5
0 0 0 0.5 -0.5 0 0.5 0 0 0 0.5
0 0 0 0.5 -0.5 0 0.5 0 0 0 -0.5
0 0 0 0.5 -0.5 0 -0.5 0 0 0 0.5
0 0 0 0.5 -0.5 0 -0.5 0 0 0 -0.5
0 0 0 -0.5 0.5 0 0.5 0 0 0 0.5
0 0 0 -0.5 0.5 0 0.5 0 0 0 -0.5
0 0 0 -0.5 0.5 0 -0.5 0 0 0 0.5
0 0 0 -0.5 0.5 0 -0.5 0 0 0 -0.5
0 0 0 -0.5 -0.5 0 0.5 0 0 0 0.5
0 0 0 -0.5 -0.5 0 0.5 0 0 0 -0.5
0 0 0 -0.5 -0.5 0 -0.5 0 0 0 0.5
0 0 0 -0.5 -0.5 0 -0.5 0 0 0 -0.5
0.5 0.5 0 0 0 0 0 0 0.45873489650110771 0.46903017912675488 0.26376691566692406
0.5 0.5 0 0 0 0 0 0 -0.45873489650110771 -0.46903017912675488 -0.26376691566692406
0.5 0.5 0 0 0 0 0 0 0.47236318295005153 -0.18497057566560443 -0.49260421184885439
0.5 0.5 0 0 0 0 0 0 -0.47236318295005153 0.18497057566560443 0.49260421184885439
0.5 0.5 0 0 0 0 0 0 -0.25775049587811472 0.49577875832498025 -0.43332217190945443
0.5 0.5 0 0 0 0 0 0 0.25775049587811472 -0.49577875832498025 0.43332217190945443
0.5 -0.5 0 0 0 0 0 0 0.45873489650110771 0.46903017912675488 0.26376691566692406
0.5 -0.5 0 0 0 0 0 0 -0.45873489650110771 -0.46903017912675488 -0.26376691566692406
0.5 -0.5 0 0 0 0 0 0 0.47236318295005153 -0.18497057566560443 -0.49260421184885439
0.5 -0.5 0 0 0 0 0 0 -0.47236318295005153 0.18497057566560443 0.49260421184885439
0.5 -0.5 0 0 0 0 0 0 -0.25775049587811472 0.49577875832498025 -0.43332217190945443
0.5 -0.5 0 0 0 0 0 0 0.25775049587811472 -0.49577875832498025 0.43332217190945443
-0.5 0.5 0 0 0 0 0 0 0.45873489650110771 0.46903017912675488 0.26376691566692406
-0.5 0.5 0 0 0 0 0 0 -0.45873489650110771 -0.46903017912675488 -0.26376691566692406
-0.5 0.5 0 0 0 0 0 0 0.47236318295005153 -0.18497057566560443 -0.49260421184885439
-0.5 0.5 0 0 0 0 0 0 -0.47236318295005153 0.18497057566560443 0.49260421184885439
-0.5 0.5 0 0 0 0 0 0 -0.25775049587811472 0.49577875832498025 -0.43332217190945443
-0.5 0.5 0 0 0 0 0 0 0.25775049587811472 -0.49577875832498025 0.43332217190945443
-0.5 -0.5 0 0 0 0 0 0 0.45873489650110771 0.46903017912675488 0.26376691566692406
-0.5 -0.5 0 0 0 0 0 0 -0.45873489650110771 -0.46903017912675488 -0.26376691566692406
-0.5 -0.5 0 0 0 0 0 0 0.47236318295005153 -0.18497057566560443 -0.49260421184885439
-0.5 -0.5 0 0 0 0 0 0 -0.47236318295005153 0.18497057566560443 0.49260421184885439
-0.5 -0.5 0 0 0 0 0 0 -0.25775049587811472 0.49577875832498025 -0.43332217190945443
-0.5 -0.5 0 0 0 0 0 0 0.25775049587811472 -0.49577875832498025 0.43332217190945443
0 0 0.5 0.5 0 0 0 0 0.45873489650110771 0.46903017912675488 0.26376691566692406
0 0 0.5 0.5 0 0 0 0 -0.45873489650110771 -0.46903017912675488 -0.26376691566692406
0 0 0.5 0.5 0 0 0 0 0.47236318295005153 -0.18497057566560443 -0.49260421184885439
0 0 0.5 0.5 0 0 0 0 -0.47236318295005153 0.18497057566560443 0.49260421184885439
0 0 0.5 0.5 0 0 0 0 -0.25775049587811472 0.49577875832498025 -0.43332217190945443
0 0 0.5 0.5 0 0 0 0 0.25775049587811472 -0.49577875832498025 0.43332217190945443
0 0 0.5 -0.5 0 0 0 0 0.45873489650110771 0.46903017912675488 0.26376691566692406
0 0 0.5 -0.5 0 0 0 0 -0.45873489650110771 -0.46903017912675488 -0.26376691566692406
0 0 0.5 -0.5 0 0 0 0 0.47236318295005153 -0.18497057566560443 -0.49260421184885439
0 0 0.5 -0.5 0 0 0 0 -0.47236318295005153 0.18497057566560443 0.49260421184885439
0 0 0.5 -0.5 0 0 0 0 -0.25775049587811472 0.49577875832498025 -0.43332217190945443
0 0 0.5 -0.5 0 0 0 0 0.25775049587811472 -0.49577875832498025 0.43332217190945443
0 0 -0.5 0.5 0 0 0 0 0.45873489650110771 0.46903017912675488 0.26376691566692406
0 0 -0.5 0.5 0 0 0 0 -0.45873489650110771 -0.46903017912675488 -0.26376691566692406
0 0 -0.5 0.5 0 0 0 0 0.47236318295005153 -0.18497057566560443 -0.49260421184885439
0 0 -0.5 0.5 0 0 0 0 -0.47236318295005153 0.18497057566560443 0.49260421184885439
0 0 -0.5 0.5 0 0 0 0 -0.25775049587811472 0.49577875832498025 -0.43332217190945443
0 0 -0.5 0.5 0 0 0 0 0.25775049587811472 -0.49577875832498025 0.43332217190945443
0 0 -0.5 -0.5 0 0 0 0 0.45873489650110771 0.46903017912675488 0.26376691566692406
0 0 -0.5 -0.5 0 0 0 0 -0.45873489650110771 -0.46903017912675488 -0.26376691566692406
0 0 -0.5 -0.5 0 0 0 0 0.47236318295005153 -0.18497057566560443 -0.49260421184885439
0 0 -0.5 -0.5 0 0 0 0 -0.47236318295005153 0.18497057566560443 0.49260421184885439
0 0 -0.5 -0.5 0 0 0 0 -0.25775049587811472 0.49577875832498025 -0.43332217190945443
0 0 -0.5 -0.5 0 0 0 0 0.25775049587811472 -0.49577875832498025 0.43332217190945443
0 0 0 0 0.5 0.5 0 0 0.45873489650110771 0.46903017912675488 0.26376691566692406
0 0 0 0 0.5 0.5 0 0 -0.45873489650110771 -0.46903017912675488 -0.26376691566692406
0 0 0 0 0.5 0.5 0 0 0.47236318295005153 -0.18497057566560443 -0.49260421184885439
0 0 0 0 0.5 0.5 0 0 -0.47236318295005153 0.18497057566560443 0.49260421184885439
0 0 0 0 0.5 0.5 0 0 -0.25775049587811472 0.49577875832498025 -0.43332217190945443
0 0 0 0 0.5 0.5 0 0 0.25775049587811472 -0.49577875832498025 0.43332217190945443
0 0 0 0 0.5 -0.5 0 0 0.45873489650110771 0.46903017912675488 0.26376691566692406
0 0 0 0 0.5 -0.5 0 0 -0.45873489650110771 -0.46903017912675488 -0.26376691566692406
0 0 0 0 0.5 -0.5 0 0 0.47236318295005153 -0.18497057566560443 -0.49260421184885439
0 0 0 0 0.5 -0.5 0 0 -0.47236318295005153 0.18497057566560443 0.49260421184885439
0 0 0 0 0.5 -0.5 0 0 -0.25775049587811472 0.49577875832498025 -0.43332217190945443
0 0 0 0 0.5 -0.5 0 0 0.25775049587811472 -0.49577875832498025 0.43332217190945443
0 0 0 0 -0.5 0.5 0 0 0.45873489650110771 0.46903017912675488 0.26376691566692406
0 0 0 0 -0.5 0.5 0 0 -0.45873489650110771 -0.46903017912675488 -0.26376691566692406
0 0 0 0 -0.5 0.5 0 0 0.47236318295005153 -0.18497057566560443 -0.49260421184885439
0 0 0 0 -0.5 0.5 0 0 -0.47236318295005153 0.18497057566560443 0.49260421184885439
0 0 0 0 -0.5 0.5 0 0 -0.25775049587811472 0.49577875832498025 -0.43332217190945443
0 0 0 0 -0.5 0.5 0 0 0.25775049587811472 -0.49577875832498025 0.43332217190945443
0 0 0 0 -0.5 -0.5 0 0 0.45873489650110771 0.46903017912675488 0.26376691566692406
0 0 0 0 -0.5 -0.5 0 0 -0.45873489650110771 -0.46903017912675488 -0.26376691566692406
0 0 0 0 -0.5 -0.5 0 0 0.47236318295005153 -0.18497057566560443 -0.49260421184885439
0 0 0 0 -0.5 -0.5 0 0 -0.47236318295005153 0.18497057566560443 0.49260421184885439
0 0 0 0 -0.5 -0.5 0 0 -0.25775049587811472 0.49577875832498025 -0.43332217190945443
0 0 0 0 -0.5 -0.5 0 0 0.25775049587811472 -0.49577875832498025 0.43332217190945443
0 0 0 0 0 0 0.5 0.5 0.45873489650110771 0.46903017912675488 0.26376691566692406
0 0 0 0 0 0 0.5 0.5 -0.45873489650110771 -0.46903017912675488 -0.26376691566692406
0 0 0 0 0 0 0.5 0.5 0.47236318295005153 -0.18497057566560443 -0.49260421184885439
0 0 0 0 0 0 0.5 0.5 -0.47236318295005153 0.18497057566560443 0.49260421184885439
0 0 0 0 0 0 0.5 0.5 -0.25775049587811472 0.49577875832498025 -0.43332217190945443
0 0 0 0 0 0 0.5 0.5 0.25775049587811472 -0.49577875832498025 0.43332217190945443
0 0 0 0 0 0 0.5 -0.5 0.45873489650110771 0.46903017912675488 0.26376691566692406
0 0 0 0 0 0 0.5 -0.5 -0.45873489650110771 -0.46903017912675488 -0.26376691566692406
0 0 0 0 0 0 0.5 -0.5 0.47236318295005153 -0.18497057566560443 -0.49260421184885439
0 0 0 0 0 0 0.5 -0.5 -0.47236318295005153 0.18497057566560443 0.49260421184885439
0 0 0 0 0 0 0.5 -0.5 -0.25775049587811472 0.49577875832498025 -0.43332217190945443
0 0 0 0 0 0 0.5 -0.5 0.25775049587811472 -0.49577875832498025 0.43332217190945443
0 0 0 0 0 0 -0.5 0.5 0.45873489650110771 0.46903017912675488 0.26376691566692406
0 0 0 0 0 0 -0.5 0.5 -0.45873489650110771 -0.46903017912675488 -0.26376691566692406
0 0 0 0 0 0 -0.5 0.5 0.47236318295005153 -0.18497057566560443 -0.49260421184885439
0 0 0 0 0 0 -0.5 0.5 -0.47236318295005153 0.18497057566560443 0.49260421184885439
0 0 0 0 0 0 -0.5 0.5 -0.25775049587811472 0.49577875832498025 -0.43332217190945443
0 0 0 0 0 0 -0.5 0.5 0.25775049587811472 -0.49577875832498025 0.43332217190945443
0 0 0 0 0 0 -0.5 -0.5 0.45873489650110771 0.46903017912675488 0.26376691566692406
0 0 0 0 0 0 -0.5 -0.5 -0.45873489650110771 -0.46903017912675488 -0.26376691566692406
0 0 0 0 0 0 -0.5 -0.5 0.47236318295005153 -0.18497057566560443 -0.49260421184885439
0 0 0 0 0 0 -0.5 -0.5 -0.47236318295005153 0.18497057566560443 0.49260421184885439
0 0 0 0 0 0 -0.5 -0.5 -0.25775049587811472 0.49577875832498025 -0.43332217190945443
0 0 0 0 0 0 -0.5 -0.5 0.25775049587811472 -0.49577875832498025 0.43332217190945443
0 0 0 0 0 0 0 0 0.93109807945115941 0.2840596034611505 -0.22883729618193033
0 0 0 0 0 0 0 0 -0.013628286448943854 0.65400075479235931 0.75637112751577851
0 0 0 0 0 0 0 0 0.013628286448943854 -0.65400075479235931 -0.75637112751577851
0 0 0 0 0 0 0 0 -0.93109807945115941 -0.2840596034611505 0.22883729618193033
0 0 0 0 0 0 0 0 0.20098440062299303 0.96480893745173513 -0.16955525624253037
0 0 0 0 0 0 0 0 0.71648539237922249 -0.026748579198225354 0.69708908757637844
0 0 0 0 0 0 0 0 -0.71648539237922249 0.026748579198225354 -0.69708908757637844
0 0 0 0 0 0 0 0 -0.20098440062299303 -0.96480893745173513 0.16955525624253037
0 0 0 0 0 0 0 0 0.2146126870719369 0.31080818265937582 -0.92592638375830882
0 0 0 0 0 0 0 0 0.73011367882816636 -0.68074933399058479 -0.059282039939399941
0 0 0 0 0 0 0 0 -0.73011367882816636 0.68074933399058479 0.059282039939399941
0 0 0 0 0 0 0 0 -0.2146126870719369 -0.31080818265937582 0.92592638375830882
