1 0 0 0 0 0 0 0 0 0 0
-1 0 0 0 0 0 0 0 0 0 0
0 1 0 0 0 0 0 0 0 0 0
0 -1 0 0 0 0 0 0 0 0 0
0 0 1 0 0 0 0 0 0 0 0
0 0 -1 0 0 0 0 0 0 0 0
0 0 0 1 0 0 0 0 0 0 0
0 0 0 -1 0 0 0 0 0 0 0
0 0 0 0 1 0 0 0 0 0 0
0 0 0 0 -1 0 0 0 0 0 0
0 0 0 0 0 1 0 0 0 0 0
0 0 0 0 0 -1 0 0 0 0 0
0 0 0 0 0 0 1 0 0 0 0
0 0 0 0 0 0 -1 0 0 0 0
0 0 0 0 0 0 0 1 0 0 0
0 0 0 0 0 0 0 -1 0 0 0
0.5 0.5 0.5 0.5 0 0 0 0 0 0 0
0.5 0.5 0.5 -0.5 0 0 0 0 0 0 0
0.5 0.5 -0.5 0.5 0 0 0 0 0 0 0
0.5 0.5 -0.5 -0.5 0 0 0 0 0 0 0
0.5 -0.5 0.5 0.5 0 0 0 0 0 0 0
0.5 -0.5 0.5 -0.5 0 0 0 0 0 0 0
0.5 -0.5 -0.5 0.5 0 0 0 0 0 0 0
0.5 -0.5 -0.5 -0.5 0 0 0 0 0 0 0
-0.5 0.5 0.5 0.5 0 0 0 0 0 0 0
-0.5 0.5 0.5 -0.5 0 0 0 0 0 0 0
-0.5 0.5 -0.5 0.5 0 0 0 0 0 0 0
-0.5 0.5 -0.5 -0.5 0 0 0 0 0 0 0
-0.5 -0.5 0.5 0.5 0 0 0 0 0 0 0
-0.5 -0.5 0.5 -0.5 0 0 0 0 0 0 0
-0.5 -0.5 -0.5 0.5 0 0 0 0 0 0 0
-0.5 -0.5 -0.5 -0.5 0 0 0 0 0 0 0
0.5 0.5 0 0 0.5 0.5 0 0 0 0 0
0.5 0.5 0 0 0.5 -0.5 0 0 0 0 0
0.5 0.5 0 0 -0.5 0.5 0 0 0 0 0
0.5 0.5 0 0 -0.5 -0.5 0 0 0 0 0
0.5 -0.5 0 0 0.5 0.5 0 0 0 0 0
0.5 -0.5 0 0 0.5 -0.5 0 0 0 0 0
0.5 -0.5 0 0 -0.5 0.5 0 0 0 0 0
0.5 -0.5 0 0 -0.5 -0.5 0 0 0 0 0
-0.5 0.5 0 0 0.5 0.5 0 0 0 0 0
-0.5 0.5 0 0 0.5 -0.5 0 0 0 0 0
-0.5 0.5 0 0 -0.5 0.5 0 0 0 0 0
-0.5 0.5 0 0 -0.5 -0.5 0 0 0 0 0
-0.5 -0.5 0 0 0.5 0.5 0 0 0 0 0
-0.5 -0.5 0 0 0.5 -0.5 0 0 0 0 0
-0.5 -0.5 0 0 -0.5 0.5 0 0 0 0 0
-0.5 -0.5 0 0 -0.5 -0.5 0 0 0 0 0
0.5 0.5 0 0 0 0 0.5 0.5 0 0 0
0.5 0.5 0 0 0 0 0.5 -0.5 0 0 0
0.5 0.5 0 0 0 0 -0.5 0.5 0 0 0
0.5 0.5 0 0 0 0 -0.5 -0.5 0 0 0
0.5 -0.5 0 0 0 0 0.5 0.5 0 0 0
0.5 -0.5 0 0 0 0 0.5 -0.5 0 0 0
0.5 -0.5 0 0 0 0 -0.5 0.5 0 0 0
0.5 -0.5 0 0 0 0 -0.5 -0.5 0 0 0
-0.5 0.5 0 0 0 0 0.5 0.5 0 0 0
-0.5 0.5 0 0 0 0 0.5 -0.5 0 0 0
-0.5 0.5 0 0 0 0 -0.5 0.5 0 0 0
-0.5 0.5 0 0 0 0 -0.5 -0.5 0 0 0
-0.5 -0.5 0 0 0 0 0.5 0.5 0 0 0
-0.5 -0.5 0 0 0 0 0.5 -0.5 0 0 0
-0.5 -0.5 0 0 0 0 -0.5 0.5 0 0 0
-0.5 -0.5 0 0 0 0 -0.5 -0.5 0 0 0
0 0 0.5 0.5 0.5 0.5 0 0 0 0 0
0 0 0.5 0.5 0.5 -0.5 0 0 0 0 0
0 0 0.5 0.5 -0.5 0.5 0 0 0 0 0
0 0 0.5 0.5 -0.5 -0.5 0 0 0 0 0
0 0 0.5 -0.5 0.5 0.5 0 0 0 0 0
0 0 0.5 -0.5 0.5 -0.5 0 0 0 0 0
0 0 0.5 -0.5 -0.5 0.5 0 0 0 0 0
0 0 0.5 -0.5 -0.5 -0.5 0 0 0 0 0
0 0 -0.5 0.5 0.5 0.5 0 0 0 0 0
0 0 -0.5 0.5 0.5 -0.5 0 0 0 0 0
0 0 -0.5 0.5 -0.5 0.5 0 0 0 0 0
0 0 -0.5 0.5 -0.5 -0.5 0 0 0 0 0
0 0 -0.5 -0.5 0.5 0.5 0 0 0 0 0
0 0 -0.5 -0.5 0.5 -0.5 0 0 0 0 0
0 0 -0.5 -0.5 -0.5 0.5 0 0 0 0 0
0 0 -0.5 -0.5 -0.5 -0.5 0 0 0 0 0
0 0 0.5 0.5 0 0 0.5 0.5 0 0 0
0 0 0.5 0.5 0 0 0.5 -0.5 0 0 0
0 0 0.5 0.5 0 0 -0.5 0.5 0 0 0
0 0 0.5 0.5 0 0 -0.5 -0.5 0 0 0
0 0 0.5 -0.5 0 0 0.5 0.5 0 0 0
0 0 0.5 -0.5 0 0 0.5 -0.5 0 0 0
0 0 0.5 -0.5 0 0 -0.5 0.5 0 0 0
0 0 0.5 -0.5 0 0 -0.5 -0.5 0 0 0
0 0 -0.5 0.5 0 0 0.5 0.5 0 0 0
0 0 -0.5 0.5 0 0 0.5 -0.5 0 0 0
0 0 -0.5 0.5 0 0 -0.5 0.5 0 0 0
0 0 -0.5 0.5 0 0 -0.5 -0.5 0 0 0
0 0 -0.5 -0.5 0 0 0.5 0.5 0 0 0
0 0 -0.5 -0.5 0 0 0.5 -0.5 0 0 0
0 0 -0.5 -0.5 0 0 -0.5 0.5 0 0 0
0 0 -0.5 -0.5 0 0 -0.5 -0.5 0 0 0
0 0 0 0 0.5 0.5 0.5 0.5 0 0 0
0 0 0 0 0.5 0.5 0.5 -0.5 0 0 0
0 0 0 0 0.5 0.5 -0.5 0.5 0 0 0
0 0 0 0 0.5 0.5 -0.5 -0.5 0 0 0
0 0 0 0 0.5 -0.5 0.5 0.5 0 0 0
0 0 0 0 0.5 -0.5 0.5 -0.5 0 0 0
0 0 0 0 0.5 -0.5 -0.5 0.5 0 0 0
0 0 0 0 0.5 -0.5 -0.5 -0.5 0 0 0
0 0 0 0 -0.5 0.5 0.5 0.5 0 0 0
0 0 0 0 -0.5 0.5 0.5 -0.5 0 0 0
0 0 0 0 -0.5 0.5 -0.5 0.5 0 0 0
0 0 0 0 -0.5 0.5 -0.5 -0.5 0 0 0
0 0 0 0 -0.5 -0.5 0.5 0.5 0 0 0
0 0 0 0 -0.5 -0.5 0.5 -0.5 0 0 0
0 0 0 0 -0.5 -0.5 -0.5 0.5 0 0 0
0 0 0 0 -0.5 -0.5 -0.5 -0.5 0 0 0
0.5 0 0.5 0 0.5 0 0 0 0.5 0 0
0.5 0 0.5 0 0.5 0 0 0 -0.5 0 0
0.5 0 0.5 0 -0.5 0 0 0 0.5 0 0
0.5 0 0.5 0 -0.5 0 0 0 -0.5 0 0
0.5 0 -0.5 0 0.5 0 0 0 0.5 0 0
0.5 0 -0.5 0 0.5 0 0 0 -0.5 0 0
0.5 0 -0.5 0 -0.5 0 0 0 0.5 0 0
0.5 0 -0.5 0 -0.5 0 0 0 -0.5 0 0
-0.5 0 0.5 0 0.5 0 0 0 0.5 0 0
-0.5 0 0.5 0 0.5 0 0 0 -0.5 0 0
-0.5 0 0.5 0 -0.5 0 0 0 0.5 0 0
-0.5 0 0.5 0 -0.5 0 0 0 -0.5 0 0
-0.5 0 -0.5 0 0.5 0 0 0 0.5 0 0
-0.5 0 -0.5 0 0.5 0 0 0 -0.5 0 0
-0.5 0 -0.5 0 -0.5 0 0 0 0.5 0 0
-0.5 0 -0.5 0 -0.5 0 0 0 -0.5 0 0
0.5 0 0 0.5 0 0 0.5 0 0.5 0 0
0.5 0 0 0.5 0 0 0.5 0 -0.5 0 0
0.5 0 0 0.5 0 0 -0.5 0 0.5 0 0
0.5 0 0 0.5 0 0 -0.5 0 -0.5 0 0
0.5 0 0 -0.5 0 0 0.5 0 0.5 0 0
0.5 0 0 -0.5 0 0 0.5 0 -0.5 0 0
0.5 0 0 -0.5 0 0 -0.5 0 0.5 0 0
0.5 0 0 -0.5 0 0 -0.5 0 -0.5 0 0
-0.5 0 0 0.5 0 0 0.5 0 0.5 0 0
-0.5 0 0 0.5 0 0 0.5 0 -0.5 0 0
-0.5 0 0 0.5 0 0 -0.5 0 0.5 0 0
-0.5 0 0 0.5 0 0 -0.5 0 -0.5 0 0
-0.5 0 0 -0.5 0 0 0.5 0 0.5 0 0
-0.5 0 0 -0.5 0 0 0.5 0 -0.5 0 0
-0.5 0 0 -0.5 0 0 -0.5 0 0.5 0 0
-0.5 0 0 -0.5 0 0 -0.5 0 -0.5 0 0
0.5 0 0 0 0 0.5 0 0.5 0.5 0 0
0.5 0 0 0 0 0.5 0 0.5 -0.5 0 0
0.5 0 0 0 0 0.5 0 -0.5 0.5 0 0
0.5 0 0 0 0 0.5 0 -0.5 -0.5 0 0
0.5 0 0 0 0 -0.5 0 0.5 0.5 0 0
0.5 0 0 0 0 -0.5 0 0.5 -0.5 0 0
0.5 0 0 0 0 -0.5 0 -0.5 0.5 0 0
0.5 0 0 0 0 -0.5 0 -0.5 -0.5 0 0
-0.5 0 0 0 0 0.5 0 0.5 0.5 0 0
-0.5 0 0 0 0 0.5 0 0.5 -0.5 0 0
-0.5 0 0 0 0 0.5 0 -0.5 0.5 0 0
-0.5 0 0 0 0 0.5 0 -0.5 -0.5 0 0
-0.5 0 0 0 0 -0.5 0 0.5 0.5 0 0
-0.5 0 0 0 0 -0.5 0 0.5 -0.5 0 0
-0.5 0 0 0 0 -0.5 0 -0.5 0.5 0 0
-0.5 0 0 0 0 -0.5 0 -0.5 -0.5 0 0
0 0.5 0.5 0 0 0 0 0.5 0.5 0 0
0 0.5 0.5 0 0 0 0 0.5 -0.5 0 0
0 0.5 0.5 0 0 0 0 -0.5 0.5 0 0
0 0.5 0.5 0 0 0 0 -0.5 -0.5 0 0
0 0.5 -0.5 0 0 0 0 0.5 0.5 0 0
0 0.5 -0.5 0 0 0 0 0.5 -0.5 0 0
0 0.5 -0.5 0 0 0 0 -0.5 0.5 0 0
0 0.5 -0.5 0 0 0 0 -0.5 -0.5 0 0
0 -0.5 0.5 0 0 0 0 0.5 0.5 0 0
0 -0.5 0.5 0 0 0 0 0.5 -0.5 0 0
0 -0.5 0.5 0 0 0 0 -0.5 0.5 0 0
0 -0.5 0.5 0 0 0 0 -0.5 -0.5 0 0
0 -0.5 -0.5 0 0 0 0 0.5 0.5 0 0
0 -0.5 -0.5 0 0 0 0 0.5 -0.5 0 0
0 -0.5 -0.5 0 0 0 0 -0.5 0.5 0 0
0 -0.5 -0.5 0 0 0 0 -0.5 -0.5 0 0
0 0.5 0 0.5 0 0.5 0 0 0.5 0 0
0 0.5 0 0.5 0 0.5 0 0 -0.5 0 0
0 0.5 0 0.5 0 -0.5 0 0 0.5 0 0
0 0.5 0 0.5 0 -0.5 0 0 -0.5 0 0
0 0.5 0 -0.5 0 0.5 0 0 0.5 0 0
0 0.5 0 -0.5 0 0.5 0 0 -0.5 0 0
0 0.5 0 -0.5 0 -0.5 0 0 0.5 0 0
0 0.5 0 -0.5 0 -0.5 0 0 -0.5 0 0
0 -0.5 0 0.5 0 0.5 0 0 0.5 0 0
0 -0.5 0 0.5 0 0.5 0 0 -0.5 0 0
0 -0.5 0 0.5 0 -0.5 0 0 0.5 0 0
0 -0.5 0 0.5 0 -0.5 0 0 -0.5 0 0
0 -0.5 0 -0.5 0 0.5 0 0 0.5 0 0
0 -0.5 0 -0.5 0 0.5 0 0 -0.5 0 0
0 -0.5 0 -0.5 0 -0.5 0 0 0.5 0 0
0 -0.5 0 -0.5 0 -0.5 0 0 -0.5 0 0
0 0.5 0 0 0.5 0 0.5 0 0.5 0 0
0 0.5 0 0 0.5 0 0.5 0 -0.5 0 0
0 0.5 0 0 0.5 0 -0.5 0 0.5 0 0
0 0.5 0 0 0.5 0 -0.5 0 -0.5 0 0
0 0.5 0 0 -0.5 0 0.5 0 0.5 0 0
0 0.5 0 0 -0.5 0 0.5 0 -0.5 0 0
0 0.5 0 0 -0.5 0 -0.5 0 0.5 0 0
0 0.5 0 0 -0.5 0 -0.5 0 -0.5 0 0
0 -0.5 0 0 0.5 0 0.5 0 0.5 0 0
0 -0.5 0 0 0.5 0 0.5 0 -0.5 0 0
0 -0.5 0 0 0.5 0 -0.5 0 0.5 0 0
0 -0.5 0 0 0.5 0 -0.5 0 -0.5 0 0
0 -0.5 0 0 -0.5 0 0.5 0 0.5 0 0
0 -0.5 0 0 -0.5 0 0.5 0 -0.5 0 0
0 -0.5 0 0 -0.5 0 -0.5 0 0.5 0 0
0 -0.5 0 0 -0.5 0 -0.5 0 -0.5 0 0
0 0 0.5 0 0 0.5 0.5 0 0.5 0 0
0 0 0.5 0 0 0.5 0.5 0 -0.5 0 0
0 0 0.5 0 0 0.5 -0.5 0 0.5 0 0
0 0 0.5 0 0 0.5 -0.5 0 -0.5 0 0
0 0 0.5 0 0 -0.5 0.5 0 0.5 0 0
0 0 0.5 0 0 -0.5 0.5 0 -0.5 0 0
0 0 0.5 0 0 -0.5 -0.5 0 0.5 0 0
0 0 0.5 0 0 -0.5 -0.5 0 -0.5 0 0
0 0 -0.5 0 0 0.5 0.5 0 0.5 0 0
0 0 -0.5 0 0 0.5 0.5 0 -0.5 0 0
0 0 -0.5 0 0 0.5 -0.5 0 0.5 0 0
0 0 -0.5 0 0 0.5 -0.5 0 -0.5 0 0
0 0 -0.5 0 0 -0.5 0.5 0 0.5 0 0
0 0 -0.5 0 0 -0.5 0.5 0 -0.5 0 0
0 0 -0.5 0 0 -0.5 -0.5 0 0.5 0 0
0 0 -0.5 0 0 -0.5 -0.5 0 -0.5 0 0
0 0 0 0.5 0.5 0 0 0.5 0.5 0 0
0 0 0 0.5 0.5 0 0 0.5 -0.5 0 0
0 0 0 0.5 0.5 0 0 -0.5 0.5 0 0
0 0 0 0.5 0.5 0 0 -0.5 -0.5 0 0
0 0 0 0.5 -0.5 0 0 0.5 0.5 0 0
0 0 0 0.5 -0.5 0 0 0.5 -0.5 0 0
0 0 0 0.5 -0.5 0 0 -0.5 0.5 0 0
0 0 0 0.5 -0.5 0 0 -0.5 -0.5 0 0
0 0 0 -0.5 0.5 0 0 0.5 0.5 0 0
0 0 0 -0.5 0.5 0 0 0.5 -0.5 0 0
0 0 0 -0.5 0.5 0 0 -0.5 0.5 0 0
0 0 0 -0.5 0.5 0 0 -0.5 -0.5 0 0
0 0 0 -0.5 -0.5 0 0 0.5 0.5 0 0
0 0 0 -0.5 -0.5 0 0 0.5 -0.5 0 0
0 0 0 -0.5 -0.5 0 0 -0.5 0.5 0 0
0 0 0 -0.5 -0.5 0 0 -0.5 -0.5 0 0
0.5 0 0.5 0 0 0.5 0 0 0 0.5 0
0.5 0 0.5 0 0 0.5 0 0 0 -0.5 0
0.5 0 0.5 0 0 -0.5 0 0 0 0.5 0
0.5 0 0.5 0 0 -0.5 0 0 0 -0.5 0
0.5 0 -0.5 0 0 0.5 0 0 0 0.5 0
0.5 0 -0.5 0 0 0.5 0 0 0 -0.5 0
0.5 0 -0.5 0 0 -0.5 0 0 0 0.5 0
0.5 0 -0.5 0 0 -0.5 0 0 0 -0.5 0
-0.5 0 0.5 0 0 0.5 0 0 0 0.5 0
-0.5 0 0.5 0 0 0.5 0 0 0 -0.5 0
-0.5 0 0.5 0 0 -0.5 0 0 0 0.5 0
-0.5 0 0.5 0 0 -0.5 0 0 0 -0.5 0
-0.5 0 -0.5 0 0 0.5 0 0 0 0.5 0
-0.5 0 -0.5 0 0 0.5 0 0 0 -0.5 0
-0.5 0 -0.5 0 0 -0.5 0 0 0 0.5 0
-0.5 0 -0.5 0 0 -0.5 0 0 0 -0.5 0
0.5 0 0 0.5 0 0 0 0.5 0 0.5 0
0.5 0 0 0.5 0 0 0 0.5 0 -0.5 0
0.5 0 0 0.5 0 0 0 -0.5 0 0.5 0
0.5 0 0 0.5 0 0 0 -0.5 0 -0.5 0
0.5 0 0 -0.5 0 0 0 0.5 0 0.5 0
0.5 0 0 -0.5 0 0 0 0.5 0 -0.5 0
0.5 0 0 -0.5 0 0 0 -0.5 0 0.5 0
0.5 0 0 -0.5 0 0 0 -0.5 0 -0.5 0
-0.5 0 0 0.5 0 0 0 0.5 0 0.5 0
-0.5 0 0 0.5 0 0 0 0.5 0 -0.5 0
-0.5 0 0 0.5 0 0 0 -0.5 0 0.5 0
-0.5 0 0 0.5 0 0 0 -0.5 0 -0.5 0
-0.5 0 0 -0.5 0 0 0 0.5 0 0.5 0
-0.5 0 0 -0.5 0 0 0 0.5 0 -0.5 0
-0.5 0 0 -0.5 0 0 0 -0.5 0 0.5 0
-0.5 0 0 -0.5 0 0 0 -0.5 0 -0.5 0
0.5 0 0 0 0.5 0 0.5 0 0 0.5 0
0.5 0 0 0 0.5 0 0.5 0 0 -0.5 0
0.5 0 0 0 0.5 0 -0.5 0 0 0.5 0
0.5 0 0 0 0.5 0 -0.5 0 0 -0.5 0
0.5 0 0 0 -0.5 0 0.5 0 0 0.5 0
0.5 0 0 0 -0.5 0 0.5 0 0 -0.5 0
0.5 0 0 0 -0.5 0 -0.5 0 0 0.5 0
0.5 0 0 0 -0.5 0 -0.5 0 0 -0.5 0
-0.5 0 0 0 0.5 0 0.5 0 0 0.5 0
-0.5 0 0 0 0.5 0 0.5 0 0 -0.5 0
-0.5 0 0 0 0.5 0 -0.5 0 0 0.5 0
-0.5 0 0 0 0.5 0 -0.5 0 0 -0.5 0
-0.5 0 0 0 -0.5 0 0.5 0 0 0.5 0
-0.5 0 0 0 -0.5 0 0.5 0 0 -0.5 0
-0.5 0 0 0 -0.5 0 -0.5 0 0 0.5 0
-0.5 0 0 0 -0.5 0 -0.5 0 0 -0.5 0
0 0.5 0.5 0 0 0 0.5 0 0 0.5 0
0 0.5 0.5 0 0 0 0.5 0 0 -0.5 0
0 0.5 0.5 0 0 0 -0.5 0 0 0.5 0
0 0.5 0.5 0 0 0 -0.5 0 0 -0.5 0
0 0.5 -0.5 0 0 0 0.5 0 0 0.5 0
0 0.5 -0.5 0 0 0 0.5 0 0 -0.5 0
0 0.5 -0.5 0 0 0 -0.5 0 0 0.5 0
0 0.5 -0.5 0 0 0 -0.5 0 0 -0.5 0
0 -0.5 0.5 0 0 0 0.5 0 0 0.5 0
0 -0.5 0.5 0 0 0 0.5 0 0 -0.5 0
0 -0.5 0.5 0 0 0 -0.5 0 0 0.5 0
0 -0.5 0.5 0 0 0 -0.5 0 0 -0.5 0
0 -0.5 -0.5 0 0 0 0.5 0 0 0.5 0
0 -0.5 -0.5 0 0 0 0.5 0 0 -0.5 0
0 -0.5 -0.5 0 0 0 -0.5 0 0 0.5 0
0 -0.5 -0.5 0 0 0 -0.5 0 0 -0.5 0
0 0.5 0 0.5 0.5 0 0 0 0 0.5 0
0 0.5 0 0.5 0.5 0 0 0 0 -0.5 0
0 0.5 0 0.5 -0.5 0 0 0 0 0.5 0
0 0.5 0 0.5 -0.5 0 0 0 0 -0.5 0
0 0.5 0 -0.5 0.5 0 0 0 0 0.5 0
0 0.5 0 -0.5 0.5 0 0 0 0 -0.5 0
0 0.5 0 -0.5 -0.5 0 0 0 0 0.5 0
0 0.5 0 -0.5 -0.5 0 0 0 0 -0.5 0
0 -0.5 0 0.5 0.5 0 0 0 0 0.5 0
0 -0.5 0 0.5 0.5 0 0 0 0 -0.5 0
0 -0.5 0 0.5 -0.5 0 0 0 0 0.5 0
0 -0.5 0 0.5 -0.5 0 0 0 0 -0.5 0
0 -0.5 0 -0.5 0.5 0 0 0 0 0.5 0
0 -0.5 0 -0.5 0.5 0 0 0 0 -0.5 0
0 -0.5 0 -0.5 -0.5 0 0 0 0 0.5 0
0 -0.5 0 -0.5 -0.5 0 0 0 0 -0.5 0
0 0.5 0 0 0 0.5 0 0.5 0 0.5 0
0 0.5 0 0 0 0.5 0 0.5 0 -0.5 0
0 0.5 0 0 0 0.5 0 -0.5 0 0.5 0
0 0.5 0 0 0 0.5 0 -0.5 0 -0.5 0
0 0.5 0 0 0 -0.5 0 0.5 0 0.5 0
0 0.5 0 0 0 -0.5 0 0.5 0 -0.5 0
0 0.5 0 0 0 -0.5 0 -0.5 0 0.5 0
0 0.5 0 0 0 -0.5 0 -0.5 0 -0.5 0
0 -0.5 0 0 0 0.5 0 0.5 0 0.5 0
0 -0.5 0 0 0 0.5 0 0.5 0 -0.5 0
0 -0.5 0 0 0 0.5 0 -0.5 0 0.5 0
0 -0.5 0 0 0 0.5 0 -0.5 0 -0.5 0
0 -0.5 0 0 0 -0.5 0 0.5 0 0.5 0
0 -0.5 0 0 0 -0.5 0 0.5 0 -0.5 0
0 -0.5 0 0 0 -0.5 0 -0.5 0 0.5 0
0 -0.5 0 0 0 -0.5 0 -0.5 0 -0.5 0
0 0 0.5 0 0.5 0 0 0.5 0 0.5 0
0 0 0.5 0 0.5 0 0 0.5 0 -0.5 0
0 0 0.5 0 0.5 0 0 -0.5 0 0.5 0
0 0 0.5 0 0.5 0 0 -0.5 0 -0.5 0
0 0 0.5 0 -0.5 0 0 0.5 0 0.5 0
0 0 0.5 0 -0.5 0 0 0.5 0 -0.5 0
0 0 0.5 0 -0.5 0 0 -0.5 0 0.5 0
0 0 0.5 0 -0.5 0 0 -0.5 0 -0.5 0
0 0 -0.5 0 0.5 0 0 0.5 0 0.5 0
0 0 -0.5 0 0.5 0 0 0.5 0 -0.5 0
0 0 -0.5 0 0.5 0 0 -0.5 0 0.5 0
0 0 -0.5 0 0.5 0 0 -0.5 0 -0.5 0
0 0 -0.5 0 -0.5 0 0 0.5 0 0.5 0
0 0 -0.5 0 -0.5 0 0 0.5 0 -0.5 0
0 0 -0.5 0 -0.5 0 0 -0.5 0 0.5 0
0 0 -0.5 0 -0.5 0 0 -0.5 0 -0.5 0
0 0 0 0.5 0 0.5 0.5 0 0 0.5 0
0 0 0 0.5 0 0.5 0.5 0 0 -0.5 0
0 0 0 0.5 0 0.5 -0.5 0 0 0.5 0
0 0 0 0.5 0 0.5 -0.5 0 0 -0.5 0
0 0 0 0.5 0 -0.5 0.5 0 0 0.5 0
0 0 0 0.5 0 -0.5 0.5 0 0 -0.5 0
0 0 0 0.5 0 -0.5 -0.5 0 0 0.5 0
0 0 0 0.5 0 -0.5 -0.5 0 0 -0.5 0
0 0 0 -0.5 0 0.5 0.5 0 0 0.5 0
0 0 0 -0.5 0 0.5 0.5 0 0 -0.5 0
0 0 0 -0.5 0 0.5 -0.5 0 0 0.5 0
0 0 0 -0.5 0 0.5 -0.5 0 0 -0.5 0
0 0 0 -0.5 0 -0.5 0.5 0 0 0.5 0
0 0 0 -0.5 0 -0.5 0.5 0 0 -0.5 0
0 0 0 -0.5 0 -0.5 -0.5 0 0 0.5 0
0 0 0 -0.5 0 -0.5 -0.5 0 0 -0.5 0
0.5 0 0.5 0 0 0 0.5 0 0 0 0.5
0.5 0 0.5 0 0 0 0.5 0 0 0 -0.5
0.5 0 0.5 0 0 0 -0.5 0 0 0 0.5
0.5 0 0.5 0 0 0 -0.5 0 0 0 -0.5
0.5 0 -0.5 0 0 0 0.5 0 0 0 0.5
0.5 0 -0.5 0 0 0 0.5 0 0 0 -0.5
0.5 0 -0.5 0 0 0 -0.5 0 0 0 0.5
0.5 0 -0.5 0 0 0 -0.5 0 0 0 -0.5
-0.5 0 0.5 0 0 0 0.5 0 0 0 0.5
-0.5 0 0.5 0 0 0 0.5 0 0 0 -0.5
-0.5 0 0.5 0 0 0 -0.5 0 0 0 0.5
-0.5 0 0.5 0 0 0 -0.5 0 0 0 -0.5
-0.5 0 -0.5 0 0 0 0.5 0 0 0 0.5
-0.5 0 -0.5 0 0 0 0.5 0 0 0 -0.5
-0.5 0 -0.5 0 0 0 -0.5 0 0 0 0.5
-0.5 0 -0.5 0 0 0 -0.5 0 0 0 -0.5
0.5 0 0 0.5 0 0.5 0 0 0 0 0.5
0.5 0 0 0.5 0 0.5 0 0 0 0 -0.5
0.5 0 0 0.5 0 -0.5 0 0 0 0 0.5
0.5 0 0 0.5 0 -0.5 0 0 0 0 -0.5
0.5 0 0 -0.5 0 0.5 0 0 0 0 0.5
0.5 0 0 -0.5 0 0.5 0 0 0 0 -0.5
0.5 0 0 -0.5 0 -0.5 0 0 0 0 0.5
0.5 0 0 -0.5 0 -0.5 0 0 0 0 -0.5
-0.5 0 0 0.5 0 0.5 0 0 0 0 0.5
-0.5 0 0 0.5 0 0.5 0 0 0 0 -0.5
-0.5 0 0 0.5 0 -0.5 0 0 0 0 0.5
-0.5 0 0 0.5 0 -0.5 0 0 0 0 -0.5
-0.5 0 0 -0.5 0 0.5 0 0 0 0 0.5
-0.5 0 0 -0.5 0 0.5 0 0 0 0 -0.5
-0.5 0 0 -0.5 0 -0.5 0 0 0 0 0.5
-0.5 0 0 -0.5 0 -0.5 0 0 0 0 -0.5
0.5 0 0 0 0.5 0 0 0.5 0 0 0.5
0.5 0 0 0 0.5 0 0 0.5 0 0 -0.5
0.5 0 0 0 0.5 0 0 -0.5 0 0 0.5
0.5 0 0 0 0.5 0 0 -0.5 0 0 -0.5
0.5 0 0 0 -0.5 0 0 0.5 0 0 0.5
0.5 0 0 0 -0.5 0 0 0.5 0 0 -0.5
0.5 0 0 0 -0.5 0 0 -0.5 0 0 0.5
0.5 0 0 0 -0.5 0 0 -0.5 0 0 -0.5
-0.5 0 0 0 0.5 0 0 0.5 0 0 0.5
-0.5 0 0 0 0.5 0 0 0.5 0 0 -0.5
-0.5 0 0 0 0.5 0 0 -0.5 0 0 0.5
-0.5 0 0 0 0.5 0 0 -0.5 0 0 -0.5
-0.5 0 0 0 -0.5 0 0 0.5 0 0 0.5
-0.5 0 0 0 -0.5 0 0 0.5 0 0 -0.5
-0.5 0 0 0 -0.5 0 0 -0.5 0 0 0.5
-0.5 0 0 0 -0.5 0 0 -0.5 0 0 -0.5
0 0.5 0.5 0 0.5 0 0 0 0 0 0.5
0 0.5 0.5 0 0.5 0 0 0 0 0 -0.5
0 0.5 0.5 0 -0.5 0 0 0 0 0 0.5
0 0.5 0.5 0 -0.5 0 0 0 0 0 -0.5
0 0.5 -0.5 0 0.5 0 0 0 0 0 0.5
0 0.5 -0.5 0 0.5 0 0 0 0 0 -0.5
0 0.5 -0.5 0 -0.5 0 0 0 0 0 0.5
0 0.5 -0.5 0 -0.5 0 0 0 0 0 -0.5
0 -0.5 0.5 0 0.5 0 0 0 0 0 0.5
0 -0.5 0.5 0 0.5 0 0 0 0 0 -0.5
0 -0.5 0.5 0 -0.5 0 0 0 0 0 0.5
0 -0.5 0.5 0 -0.5 0 0 0 0 0 -0.5
0 -0.5 -0.5 0 0.5 0 0 0 0 0 0.5
0 -0.5 -0.5 0 0.5 0 0 0 0 0 -0.5
0 -0.5 -0.5 0 -0.5 0 0 0 0 0 0.5
0 -0.5 -0.5 0 -0.5 0 0 0 0 0 -0.5
0 0.5 0 0.5 0 0 0 0.5 0 0 0.5
0 0.5 0 0.5 0 0 0 0.5 0 0 -0.5
0 0.5 0 0.5 0 0 0 -0.5 0 0 0.5
0 0.5 0 0.5 0 0 0 -0.5 0 0 -0.5
0 0.5 0 -0.5 0 0 0 0.5 0 0 0.5
0 0.5 0 -0.5 0 0 0 0.5 0 0 -0.5
0 0.5 0 -0.5 0 0 0 -0.5 0 0 0.5
0 0.5 0 -0.5 0 0 0 -0.5 0 0 -0.5
0 -0.5 0 0.5 0 0 0 0.5 0 0 0.5
0 -0.5 0 0.5 0 0 0 0.5 0 0 -0.5
0 -0.5 0 0.5 0 0 0 -0.5 0 0 0.5
0 -0.5 0 0.5 0 0 0 -0.5 0 0 -0.5
0 -0.5 0 -0.5 0 0 0 0.5 0 0 0.5
0 -0.5 0 -0.5 0 0 0 0.5 0 0 -0.5
0 -0.5 0 -0.5 0 0 0 -0.5 0 0 0.5
0 -0.5 0 -0.5 0 0 0 -0.5 0 0 -0.5
0 0.5 0 0 0 0.5 0.5 0 0 0 0.5
0 0.5 0 0 0 0.5 0.5 0 0 0 -0.5
0 0.5 0 0 0 0.5 -0.5 0 0 0 0.5
0 0.5 0 0 0 0.5 -0.5 0 0 0 -0.5
0 0.5 0 0 0 -0.5 0.5 0 0 0 0.5
0 0.5 0 0 0 -0.5 0.5 0 0 0 -0.5
0 0.5 0 0 0 -0.5 -0.5 0 0 0 0.5
0 0.5 0 0 0 -0.5 -0.5 0 0 0 -0.5
0 -0.5 0 0 0 0.5 0.5 0 0 0 0.5
0 -0.5 0 0 0 0.5 0.5 0 0 0 -0.5
0 -0.5 0 0 0 0.5 -0.5 0 0 0 0.5
0 -0.5 0 0 0 0.5 -0.5 0 0 0 -0.5
0 -0.5 0 0 0 -0.5 0.5 0 0 0 0.5
0 -0.5 0 0 0 -0.5 0.5 0 0 0 -0.5
0 -0.5 0 0 0 -0.5 -0.5 0 0 0 0.5
0 -0.5 0 0 0 -0.5 -0.5 0 0 0 -0.5
0 0 0.5 0 0 0.5 0 0.5 0 0 0.5
0 0 0.5 0 0 0.5 0 0.5 0 0 -0.5
0 0 0.5 0 0 0.5 0 -0.5 0 0 0.5
0 0 0.5 0 0 0.5 0 -0.5 0 0 -0.5
0 0 0.5 0 0 -0.5 0 0.5 0 0 0.5
0 0 0.5 0 0 -0.5 0 0.5 0 0 -0.5
0 0 0.5 0 0 -0.5 0 -0.5 0 0 0.5
0 0 0.5 0 0 -0.5 0 -0.5 0 0 -0.5
0 0 -0.5 0 0 0.5 0 0.5 0 0 0.5
0 0 -0.5 0 0 0.5 0 0.5 0 0 -0.5
0 0 -0.5 0 0 0.5 0 -0.5 0 0 0.5
0 0 -0.5 0 0 0.5 0 -0.5 0 0 -0.5
0 0 -0.5 0 0 -0.5 0 0.5 0 0 0.5
0 0 -0.5 0 0 -0.5 0 0.5 0 0 -0.5
0 0 -0.5 0 0 -0.5 0 -0.5 0 0 0.5
0 0 -0.5 0 0 -0.5 0 -0.5 0 0 -0.5
0 0 0 0.5 0.5 0 0.5 0 0 0 0.5
0 0 0 0.5 0.5 0 0.5 0 0 0 -0.5
0 0 0 0.5 0.5 0 -0.5 0 0 0 0.5
0 0 0 0.5 0.5 0 -0.5 0 0 0 -0.5
0 0 0 0.5 -0.5 0 0.5 0 0 0 0.5
0 0 0 0.5 -0.5 0 0.5 0 0 0 -0.5
0 0 0 0.5 -0.5 0 -0.5 0 0 0 0.5
0 0 0 0.5 -0.5 0 -0.5 0 0 0 -0.5
0 0 0 -0.5 0.5 0 0.5 0 0 0 0.5
0 0 0 -0.5 0.5 0 0.5 0 0 0 -0.5
0 0 0 -0.5 0.5 0 -0.5 0 0 0 0.5
0 0 0 -0.5 0.5 0 -0.5 0 0 0 -0.5
0 0 0 -0.5 -0.5 0 0.5 0 0 0 0.5
0 0 0 -0.5 -0.5 0 0.5 0 0 0 -0.5
0 0 0 -0.5 -0.5 0 -0.5 0 0 0 0.5
0 0 0 -0.5 -0.5 0 -0.5 0 0 0 -0.5
0.5 0.5 0 0 0 0 0 0 0.4895682180732317 0.49696539068945572 0.11553510423017474
0.5 0.5 0 0 0 0 0 0 -0.4895682180732317 -0.49696539068945572 -0.11553510423017474
0.5 0.5 0 0 0 0 0 0 0.41114810314659883 -0.28944549714462214 -0.49717053559282476
0.5 0.5 0 0 0 0 0 0 -0.41114810314659883 0.28944549714462214 0.49717053559282476
0.5 0.5 0 0 0 0 0 0 -0.30212612785317716 0.41139604353904424 -0.48935988620734583
0.5 0.5 0 0 0 0 0 0 0.30212612785317716 -0.41139604353904424 0.48935988620734583
0.5 -0.5 0 0 0 0 0 0 0.4895682180732317 0.49696539068945572 0.11553510423017474
0.5 -0.5 0 0 0 0 0 0 -0.4895682180732317 -0.49696539068945572 -0.11553510423017474
0.5 -0.5 0 0 0 0 0 0 0.41114810314659883 -0.28944549714462214 -0.49717053559282476
0.5 -0.5 0 0 0 0 0 0 -0.41114810314659883 0.28944549714462214 0.49717053559282476
0.5 -0.5 0 0 0 0 0 0 -0.30212612785317716 0.41139604353904424 -0.48935988620734583
0.5 -0.5 0 0 0 0 0 0 0.30212612785317716 -0.41139604353904424 0.48935988620734583
-0.5 0.5 0 0 0 0 0 0 0.4895682180732317 0.49696539068945572 0.11553510423017474
-0.5 0.5 0 0 0 0 0 0 -0.4895682180732317 -0.49696539068945572 -0.11553510423017474
-0.5 0.5 0 0 0 0 0 0 0.41114810314659883 -0.28944549714462214 -0.49717053559282476
-0.5 0.5 0 0 0 0 0 0 -0.41114810314659883 0.28944549714462214 0.49717053559282476
-0.5 0.5 0 0 0 0 0 0 -0.30212612785317716 0.41139604353904424 -0.48935988620734583
-0.5 0.5 0 0 0 0 0 0 0.30212612785317716 -0.41139604353904424 0.48935988620734583
-0.5 -0.5 0 0 0 0 0 0 0.4895682180732317 0.49696539068945572 0.11553510423017474
-0.5 -0.5 0 0 0 0 0 0 -0.4895682180732317 -0.49696539068945572 -0.11553510423017474
-0.5 -0.5 0 0 0 0 0 0 0.41114810314659883 -0.28944549714462214 -0.49717053559282476
-0.5 -0.5 0 0 0 0 0 0 -0.41114810314659883 0.28944549714462214 0.49717053559282476
-0.5 -0.5 0 0 0 0 0 0 -0.30212612785317716 0.41139604353904424 -0.48935988620734583
-0.5 -0.5 0 0 0 0 0 0 0.30212612785317716 -0.41139604353904424 0.48935988620734583
0 0 0.5 0.5 0 0 0 0 0.4895682180732317 0.49696539068945572 0.11553510423017474
0 0 0.5 0.5 0 0 0 0 -0.4895682180732317 -0.49696539068945572 -0.11553510423017474
0 0 0.5 0.5 0 0 0 0 0.41114810314659883 -0.28944549714462214 -0.49717053559282476
0 0 0.5 0.5 0 0 0 0 -0.41114810314659883 0.28944549714462214 0.49717053559282476
0 0 0.5 0.5 0 0 0 0 -0.30212612785317716 0.41139604353904424 -0.48935988620734583
0 0 0.5 0.5 0 0 0 0 0.30212612785317716 -0.41139604353904424 0.48935988620734583
0 0 0.5 -0.5 0 0 0 0 0.4895682180732317 0.49696539068945572 0.11553510423017474
0 0 0.5 -0.5 0 0 0 0 -0.4895682180732317 -0.49696539068945572 -0.11553510423017474
0 0 0.5 -0.5 0 0 0 0 0.41114810314659883 -0.28944549714462214 -0.49717053559282476
0 0 0.5 -0.5 0 0 0 0 -0.41114810314659883 0.28944549714462214 0.49717053559282476
0 0 0.5 -0.5 0 0 0 0 -0.30212612785317716 0.41139604353904424 -0.48935988620734583
0 0 0.5 -0.5 0 0 0 0 0.30212612785317716 -0.41139604353904424 0.48935988620734583
0 0 -0.5 0.5 0 0 0 0 0.4895682180732317 0.49696539068945572 0.11553510423017474
0 0 -0.5 0.5 0 0 0 0 -0.4895682180732317 -0.49696539068945572 -0.11553510423017474
0 0 -0.5 0.5 0 0 0 0 0.41114810314659883 -0.28944549714462214 -0.49717053559282476
0 0 -0.5 0.5 0 0 0 0 -0.41114810314659883 0.28944549714462214 0.49717053559282476
0 0 -0.5 0.5 0 0 0 0 -0.30212612785317716 0.41139604353904424 -0.48935988620734583
0 0 -0.5 0.5 0 0 0 0 0.30212612785317716 -0.41139604353904424 0.48935988620734583
0 0 -0.5 -0.5 0 0 0 0 0.4895682180732317 0.49696539068945572 0.11553510423017474
0 0 -0.5 -0.5 0 0 0 0 -0.4895682180732317 -0.49696539068945572 -0.11553510423017474
0 0 -0.5 -0.5 0 0 0 0 0.41114810314659883 -0.28944549714462214 -0.49717053559282476
0 0 -0.5 -0.5 0 0 0 0 -0.41114810314659883 0.28944549714462214 0.49717053559282476
0 0 -0.5 -0.5 0 0 0 0 -0.30212612785317716 0.41139604353904424 -0.48935988620734583
0 0 -0.5 -0.5 0 0 0 0 0.30212612785317716 -0.41139604353904424 0.48935988620734583
0 0 0 0 0.5 0.5 0 0 0.4895682180732317 0.49696539068945572 0.11553510423017474
0 0 0 0 0.5 0.5 0 0 -0.4895682180732317 -0.49696539068945572 -0.11553510423017474
0 0 0 0 0.5 0.5 0 0 0.41114810314659883 -0.28944549714462214 -0.49717053559282476
0 0 0 0 0.5 0.5 0 0 -0.41114810314659883 0.28944549714462214 0.49717053559282476
0 0 0 0 0.5 0.5 0 0 -0.30212612785317716 0.41139604353904424 -0.48935988620734583
0 0 0 0 0.5 0.5 0 0 0.30212612785317716 -0.41139604353904424 0.48935988620734583
0 0 0 0 0.5 -0.5 0 0 0.4895682180732317 0.49696539068945572 0.11553510423017474
0 0 0 0 0.5 -0.5 0 0 -0.4895682180732317 -0.49696539068945572 -0.11553510423017474
0 0 0 0 0.5 -0.5 0 0 0.41114810314659883 -0.28944549714462214 -0.49717053559282476
0 0 0 0 0.5 -0.5 0 0 -0.41114810314659883 0.28944549714462214 0.49717053559282476
0 0 0 0 0.5 -0.5 0 0 -0.30212612785317716 0.41139604353904424 -0.48935988620734583
0 0 0 0 0.5 -0.5 0 0 0.30212612785317716 -0.41139604353904424 0.48935988620734583
0 0 0 0 -0.5 0.5 0 0 0.4895682180732317 0.49696539068945572 0.11553510423017474
0 0 0 0 -0.5 0.5 0 0 -0.4895682180732317 -0.49696539068945572 -0.11553510423017474
0 0 0 0 -0.5 0.5 0 0 0.41114810314659883 -0.28944549714462214 -0.49717053559282476
0 0 0 0 -0.5 0.5 0 0 -0.41114810314659883 0.28944549714462214 0.49717053559282476
0 0 0 0 -0.5 0.5 0 0 -0.30212612785317716 0.41139604353904424 -0.48935988620734583
0 0 0 0 -0.5 0.5 0 0 0.30212612785317716 -0.41139604353904424 0.48935988620734583
0 0 0 0 -0.5 -0.5 0 0 0.4895682180732317 0.49696539068945572 0.11553510423017474
0 0 0 0 -0.5 -0.5 0 0 -0.4895682180732317 -0.49696539068945572 -0.11553510423017474
0 0 0 0 -0.5 -0.5 0 0 0.41114810314659883 -0.28944549714462214 -0.49717053559282476
0 0 0 0 -0.5 -0.5 0 0 -0.41114810314659883 0.28944549714462214 0.49717053559282476
0 0 0 0 -0.5 -0.5 0 0 -0.30212612785317716 0.41139604353904424 -0.48935988620734583
0 0 0 0 -0.5 -0.5 0 0 0.30212612785317716 -0.41139604353904424 0.48935988620734583
0 0 0 0 0 0 0.5 0.5 0.4895682180732317 0.49696539068945572 0.11553510423017474
0 0 0 0 0 0 0.5 0.5 -0.4895682180732317 -0.49696539068945572 -0.11553510423017474
0 0 0 0 0 0 0.5 0.5 0.41114810314659883 -0.28944549714462214 -0.49717053559282476
0 0 0 0 0 0 0.5 0.5 -0.41114810314659883 0.28944549714462214 0.49717053559282476
0 0 0 0 0 0 0.5 0.5 -0.30212612785317716 0.41139604353904424 -0.48935988620734583
0 0 0 0 0 0 0.5 0.5 0.30212612785317716 -0.41139604353904424 0.48935988620734583
0 0 0 0 0 0 0.5 -0.5 0.4895682180732317 0.49696539068945572 0.11553510423017474
0 0 0 0 0 0 0.5 -0.5 -0.4895682180732317 -0.49696539068945572 -0.11553510423017474
0 0 0 0 0 0 0.5 -0.5 0.41114810314659883 -0.28944549714462214 -0.49717053559282476
0 0 0 0 0 0 0.5 -0.5 -0.41114810314659883 0.28944549714462214 0.49717053559282476
0 0 0 0 0 0 0.5 -0.5 -0.30212612785317716 0.41139604353904424 -0.48935988620734583
0 0 0 0 0 0 0.5 -0.5 0.30212612785317716 -0.41139604353904424 0.48935988620734583
0 0 0 0 0 0 -0.5 0.5 0.4895682180732317 0.49696539068945572 0.11553510423017474
0 0 0 0 0 0 -0.5 0.5 -0.4895682180732317 -0.49696539068945572 -0.11553510423017474
0 0 0 0 0 0 -0.5 0.5 0.41114810314659883 -0.28944549714462214 -0.49717053559282476
0 0 0 0 0 0 -0.5 0.5 -0.41114810314659883 0.28944549714462214 0.49717053559282476
0 0 0 0 0 0 -0.5 0.5 -0.30212612785317716 0.41139604353904424 -0.48935988620734583
0 0 0 0 0 0 -0.5 0.5 0.30212612785317716 -0.41139604353904424 0.48935988620734583
0 0 0 0 0 0 -0.5 -0.5 0.4895682180732317 0.49696539068945572 0.11553510423017474
0 0 0 0 0 0 -0.5 -0.5 -0.4895682180732317 -0.49696539068945572 -0.11553510423017474
0 0 0 0 0 0 -0.5 -0.5 0.41114810314659883 -0.28944549714462214 -0.49717053559282476
0 0 0 0 0 0 -0.5 -0.5 -0.41114810314659883 0.28944549714462214 0.49717053559282476
0 0 0 0 0 0 -0.5 -0.5 -0.30212612785317716 0.41139604353904424 -0.48935988620734583
0 0 0 0 0 0 -0.5 -0.5 0.30212612785317716 -0.41139604353904424 0.48935988620734583
0 0 0 0 0 0 0 0 0.90071632121983058 0.20751989354483355 -0.38163543136264999
0 0 0 0 0 0 0 0 0.078420114926632783 0.78641088783407787 0.61270563982299941
0 0 0 0 0 0 0 0 -0.078420114926632783 -0.78641088783407787 -0.61270563982299941
0 0 0 0 0 0 0 0 -0.90071632121983058 -0.20751989354483355 0.38163543136264999
0 0 0 0 0 0 0 0 0.18744209022005456 0.90836143422850002 -0.37382478197717112
0 0 0 0 0 0 0 0 0.79169434592640886 0.085569347150411465 0.60489499043752049
0 0 0 0 0 0 0 0 -0.79169434592640886 -0.085569347150411465 -0.60489499043752049
0 0 0 0 0 0 0 0 -0.18744209022005456 -0.90836143422850002 0.37382478197717112
0 0 0 0 0 0 0 0 0.10902197529342172 0.12195054639442211 -0.98653042180017059
0 0 0 0 0 0 0 0 0.71327423099977616 -0.70084154068366644 -0.0078106493854789068
0 0 0 0 0 0 0 0 -0.71327423099977616 0.70084154068366644 0.0078106493854789068
0 0 0 0 0 0 0 0 -0.10902197529342172 -0.12195054639442211 0.98653042180017059
