1 0 0 0 0 0 0 0 0 0 0
-1 0 0 0 0 0 0 0 0 0 0
0 1 0 0 0 0 0 0 0 0 0
0 -1 0 0 0 0 0 0 0 0 0
0 0 1 0 0 0 0 0 0 0 0
0 0 -1 0 0 0 0 0 0 0 0
0 0 0 1 0 0 0 0 0 0 0
0 0 0 -1 0 0 0 0 0 0 0
0 0 0 0 1 0 0 0 0 0 0
0 0 0 0 -1 0 0 0 0 0 0
0 0 0 0 0 1 0 0 0 0 0
0 0 0 0 0 -1 0 0 0 0 0
0 0 0 0 0 0 1 0 0 0 0
0 0 0 0 0 0 -1 0 0 0 0
0 0 0 0 0 0 0 1 0 0 0
0 0 0 0 0 0 0 -1 0 0 0
0.5 0.5 0.5 0.5 0 0 0 0 0 0 0
0.5 0.5 0.5 -0.5 0 0 0 0 0 0 0
0.5 0.5 -0.5 0.5 0 0 0 0 0 0 0
0.5 0.5 -0.5 -0.5 0 0 0 0 0 0 0
0.5 -0.5 0.5 0.5 0 0 0 0 0 0 0
0.5 -0.5 0.5 -0.5 0 0 0 0 0 0 0
0.5 -0.5 -0.5 0.5 0 0 0 0 0 0 0
0.5 -0.5 -0.5 -0.5 0 0 0 0 0 0 0
-0.5 0.5 0.5 0.5 0 0 0 0 0 0 0
-0.5 0.5 0.5 -0.5 0 0 0 0 0 0 0
-0.5 0.5 -0.5 0.5 0 0 0 0 0 0 0
-0.5 0.5 -0.5 -0.5 0 0 0 0 0 0 0
-0.5 -0.5 0.5 0.5 0 0 0 0 0 0 0
-0.5 -0.5 0.5 -0.5 0 0 0 0 0 0 0
-0.5 -0.5 -0.5 0.5 0 0 0 0 0 0 0
-0.5 -0.5 -0.5 -0.5 0 0 0 0 0 0 0
0.5 0.5 0 0 0.5 0.5 0 0 0 0 0
0.5 0.5 0 0 0.5 -0.5 0 0 0 0 0
0.5 0.5 0 0 -0.5 0.5 0 0 0 0 0
0.5 0.5 0 0 -0.5 -0.5 0 0 0 0 0
0.5 -0.5 0 0 0.5 0.5 0 0 0 0 0
0.5 -0.5 0 0 0.5 -0.5 0 0 0 0 0
0.5 -0.5 0 0 -0.5 0.5 0 0 0 0 0
0.5 -0.5 0 0 -0.5 -0.5 0 0 0 0 0
-0.5 0.5 0 0 0.5 0.5 0 0 0 0 0
-0.5 0.5 0 0 0.5 -0.5 0 0 0 0 0
-0.5 0.5 0 0 -0.5 0.5 0 0 0 0 0
-0.5 0.5 0 0 -0.5 -0.5 0 0 0 0 0
-0.5 -0.5 0 0 0.5 0.5 0 0 0 0 0
-0.5 -0.5 0 0 0.5 -0.5 0 0 0 0 0
-0.5 -0.5 0 0 -0.5 0.5 0 0 0 0 0
-0.5 -0.5 0 0 -0.5 -0.5 0 0 0 0 0
0.5 0.5 0 0 0 0 0.5 0.5 0 0 0
0.5 0.5 0 0 0 0 0.5 -0.5 0 0 0
0.5 0.5 0 0 0 0 -0.5 0.5 0 0 0
0.5 0.5 0 0 0 0 -0.5 -0.5 0 0 0
0.5 -0.5 0 0 0 0 0.5 0.5 0 0 0
0.5 -0.5 0 0 0 0 0.5 -0.5 0 0 0
0.5 -0.5 0 0 0 0 -0.5 0.5 0 0 0
0.5 -0.5 0 0 0 0 -0.5 -0.5 0 0 0
-0.5 0.5 0 0 0 0 0.5 0.5 0 0 0
-0.5 0.5 0 0 0 0 0.5 -0.5 0 0 0
-0.5 0.5 0 0 0 0 -0.5 0.5 0 0 0
-0.5 0.5 0 0 0 0 -0.5 -0.5 0 0 0
-0.5 -0.5 0 0 0 0 0.5 0.5 0 0 0
-0.5 -0.5 0 0 0 0 0.5 -0.5 0 0 0
-0.5 -0.5 0 0 0 0 -0.5 0.5 0 0 0
-0.5 -0.5 0 0 0 0 -0.5 -0.5 0 0 0
0 0 0.5 0.5 0.5 0.5 0 0 0 0 0
0 0 0.5 0.5 0.5 -0.5 0 0 0 0 0
0 0 0.5 0.5 -0.5 0.5 0 0 0 0 0
0 0 0.5 0.5 -0.5 -0.5 0 0 0 0 0
0 0 0.5 -0.5 0.5 0.5 0 0 0 0 0
0 0 0.5 -0.5 0.5 -0.5 0 0 0 0 0
0 0 0.5 -0.5 -0.5 0.5 0 0 0 0 0
0 0 0.5 -0.5 -0.5 -0.5 0 0 0 0 0
0 0 -0.5 0.5 0.5 0.5 0 0 0 0 0
0 0 -0.5 0.5 0.5 -0.5 0 0 0 0 0
0 0 -0.5 0.5 -0.5 0.5 0 0 0 0 0
0 0 -0.5 0.5 -0.5 -0.5 0 0 0 0 0
0 0 -0.5 -0.5 0.5 0.5 0 0 0 0 0
0 0 -0.5 -0.5 0.5 -0.5 0 0 0 0 0
0 0 -0.5 -0.5 -0.5 0.5 0 0 0 0 0
0 0 -0.5 -0.5 -0.5 -0.5 0 0 0 0 0
0 0 0.5 0.5 0 0 0.5 0.5 0 0 0
0 0 0.5 0.5 0 0 0.5 -0.5 0 0 0
0 0 0.5 0.5 0 0 -0.5 0.5 0 0 0
0 0 0.5 0.5 0 0 -0.5 -0.5 0 0 0
0 0 0.5 -0.5 0 0 0.5 0.5 0 0 0
0 0 0.5 -0.5 0 0 0.5 -0.5 0 0 0
0 0 0.5 -0.5 0 0 -0.5 0.5 0 0 0
0 0 0.5 -0.5 0 0 -0.5 -0.5 0 0 0
0 0 -0.5 0.5 0 0 0.5 0.5 0 0 0
0 0 -0.5 0.5 0 0 0.5 -0.5 0 0 0
0 0 -0.5 0.5 0 0 -0.5 0.5 0 0 0
0 0 -0.5 0.5 0 0 -0.5 -0.5 0 0 0
0 0 -0.5 -0.5 0 0 0.5 0.5 0 0 0
0 0 -0.5 -0.5 0 0 0.5 -0.5 0 0 0
0 0 -0.5 -0.5 0 0 -0.5 0.5 0 0 0
0 0 -0.5 -0.5 0 0 -0.5 -0.5 0 0 0
0 0 0 0 0.5 0.5 0.5 0.5 0 0 0
0 0 0 0 0.5 0.5 0.5 -0.5 0 0 0
0 0 0 0 0.5 0.5 -0.5 0.5 0 0 0
0 0 0 0 0.5 0.5 -0.5 -0.5 0 0 0
0 0 0 0 0.5 -0.5 0.5 0.5 0 0 0
0 0 0 0 0.5 -0.5 0.5 -0.5 0 0 0
0 0 0 0 0.5 -0.5 -0.5 0.5 0 0 0
0 0 0 0 0.5 -0.5 -0.5 -0.5 0 0 0
0 0 0 0 -0.5 0.5 0.5 0.5 0 0 0
0 0 0 0 -0.5 0.5 0.5 -0.5 0 0 0
0 0 0 0 -0.5 0.5 -0.5 0.5 0 0 0
0 0 0 0 -0.5 0.5 -0.5 -0.5 0 0 0
0 0 0 0 -0.5 -0.5 0.5 0.5 0 0 0
0 0 0 0 -0.5 -0.5 0.5 -0.5 0 0 0
0 0 0 0 -0.5 -0.5 -0.5 0.5 0 0 0
0 0 0 0 -0.5 -0.5 -0.5 -0.5 0 0 0
0.5 0 0.5 0 0.5 0 0 0 0.5 0 0
0.5 0 0.5 0 0.5 0 0 0 -0.5 0 0
0.5 0 0.5 0 -0.5 0 0 0 0.5 0 0
0.5 0 0.5 0 -0.5 0 0 0 -0.5 0 0
0.5 0 -0.5 0 0.5 0 0 0 0.5 0 0
0.5 0 -0.5 0 0.5 0 0 0 -0.5 0 0
0.5 0 -0.5 0 -0.5 0 0 0 0.5 0 0
0.5 0 -0.5 0 -0.5 0 0 0 -0.5 0 0
-0.5 0 0.5 0 0.5 0 0 0 0.5 0 0
-0.5 0 0.5 0 0.5 0 0 0 -0.5 0 0
-0.5 0 0.5 0 -0.5 0 0 0 0.5 0 0
-0.5 0 0.5 0 -0.5 0 0 0 -0.5 0 0
-0.5 0 -0.5 0 0.5 0 0 0 0.5 0 0
-0.5 0 -0.5 0 0.5 0 0 0 -0.5 0 0
-0.5 0 -0.5 0 -0.5 0 0 0 0.5 0 0
-0.5 0 -0.5 0 -0.5 0 0 0 -0.5 0 0
0.5 0 0 0.5 0 0 0.5 0 0.5 0 0
0.5 0 0 0.5 0 0 0.5 0 -0.5 0 0
0.5 0 0 0.5 0 0 -0.5 0 0.5 0 0
0.5 0 0 0.5 0 0 -0.5 0 -0.5 0 0
0.5 0 0 -0.5 0 0 0.5 0 0.5 0 0
0.5 0 0 -0.5 0 0 0.5 0 -0.5 0 0
0.5 0 0 -0.5 0 0 -0.5 0 0.5 0 0
0.5 0 0 -0.5 0 0 -0.5 0 -0.5 0 0
-0.5 0 0 0.5 0 0 0.5 0 0.5 0 0
-0.5 0 0 0.5 0 0 0.5 0 -0.5 0 0
-0.5 0 0 0.5 0 0 -0.5 0 0.5 0 0
-0.5 0 0 0.5 0 0 -0.5 0 -0.5 0 0
-0.5 0 0 -0.5 0 0 0.5 0 0.5 0 0
-0.5 0 0 -0.5 0 0 0.5 0 -0.5 0 0
-0.5 0 0 -0.5 0 0 -0.5 0 0.5 0 0
-0.5 0 0 -0.5 0 0 -0.5 0 -0.5 0 0
0.5 0 0 0 0 0.5 0 0.5 0.5 0 0
0.5 0 0 0 0 0.5 0 0.5 -0.5 0 0
0.5 0 0 0 0 0.5 0 -0.5 0.5 0 0
0.5 0 0 0 0 0.5 0 -0.5 -0.5 0 0
0.5 0 0 0 0 -0.5 0 0.5 0.5 0 0
0.5 0 0 0 0 -0.5 0 0.5 -0.5 0 0
0.5 0 0 0 0 -0.5 0 -0.5 0.5 0 0
0.5 0 0 0 0 -0.5 0 -0.5 -0.5 0 0
-0.5 0 0 0 0 0.5 0 0.5 0.5 0 0
-0.5 0 0 0 0 0.5 0 0.5 -0.5 0 0
-0.5 0 0 0 0 0.5 0 -0.5 0.5 0 0
-0.5 0 0 0 0 0.5 0 -0.5 -0.5 0 0
-0.5 0 0 0 0 -0.5 0 0.5 0.5 0 0
-0.5 0 0 0 0 -0.5 0 0.5 -0.5 0 0
-0.5 0 0 0 0 -0.5 0 -0.5 0.5 0 0
-0.5 0 0 0 0 -0.5 0 -0.5 -0.5 0 0
0 0.5 0.5 0 0 0 0 0.5 0.5 0 0
0 0.5 0.5 0 0 0 0 0.5 -0.5 0 0
0 0.5 0.5 0 0 0 0 -0.5 0.5 0 0
0 0.5 0.5 0 0 0 0 -0.5 -0.5 0 0
0 0.5 -0.5 0 0 0 0 0.5 0.5 0 0
0 0.5 -0.5 0 0 0 0 0.5 -0.5 0 0
0 0.5 -0.5 0 0 0 0 -0.5 0.5 0 0
0 0.5 -0.5 0 0 0 0 -0.5 -0.5 0 0
0 -0.5 0.5 0 0 0 0 0.5 0.5 0 0
0 -0.5 0.5 0 0 0 0 0.5 -0.5 0 0
0 -0.5 0.5 0 0 0 0 -0.5 0.5 0 0
0 -0.5 0.5 0 0 0 0 -0.5 -0.5 0 0
0 -0.5 -0.5 0 0 0 0 0.5 0.5 0 0
0 -0.5 -0.5 0 0 0 0 0.5 -0.5 0 0
0 -0.5 -0.5 0 0 0 0 -0.5 0.5 0 0
0 -0.5 -0.5 0 0 0 0 -0.5 -0.5 0 0
0 0.5 0 0.5 0 0.5 0 0 0.5 0 0
0 0.5 0 0.5 0 0.5 0 0 -0.5 0 0
0 0.5 0 0.5 0 -0.5 0 0 0.5 0 0
0 0.5 0 0.5 0 -0.5 0 0 -0.5 0 0
0 0.5 0 -0.5 0 0.5 0 0 0.5 0 0
0 0.5 0 -0.5 0 0.5 0 0 -0.5 0 0
0 0.5 0 -0.5 0 -0.5 0 0 0.5 0 0
0 0.5 0 -0.5 0 -0.5 0 0 -0.5 0 0
0 -0.5 0 0.5 0 0.5 0 0 0.5 0 0
0 -0.5 0 0.5 0 0.5 0 0 -0.5 0 0
0 -0.5 0 0.5 0 -0.5 0 0 0.5 0 0
0 -0.5 0 0.5 0 -0.5 0 0 -0.5 0 0
0 -0.5 0 -0.5 0 0.5 0 0 0.5 0 0
0 -0.5 0 -0.5 0 0.5 0 0 -0.5 0 0
0 -0.5 0 -0.5 0 -0.5 0 0 0.5 0 0
0 -0.5 0 -0.5 0 -0.5 0 0 -0.5 0 0
0 0.5 0 0 0.5 0 0.5 0 0.5 0 0
0 0.5 0 0 0.5 0 0.5 0 -0.5 0 0
0 0.5 0 0 0.5 0 -0.5 0 0.5 0 0
0 0.5 0 0 0.5 0 -0.5 0 -0.5 0 0
0 0.5 0 0 -0.5 0 0.5 0 0.5 0 0
0 0.5 0 0 -0.5 0 0.5 0 -0.5 0 0
0 0.5 0 0 -0.5 0 -0.5 0 0.5 0 0
0 0.5 0 0 -0.5 0 -0.5 0 -0.5 0 0
0 -0.5 0 0 0.5 0 0.5 0 0.5 0 0
0 -0.5 0 0 0.5 0 0.5 0 -0.5 0 0
0 -0.5 0 0 0.5 0 -0.5 0 0.5 0 0
0 -0.5 0 0 0.5 0 -0.5 0 -0.5 0 0
0 -0.5 0 0 -0.5 0 0.5 0 0.5 0 0
0 -0.5 0 0 -0.5 0 0.5 0 -0.5 0 0
0 -0.5 0 0 -0.5 0 -0.5 0 0.5 0 0
0 -0.5 0 0 -0.5 0 -0.5 0 -0.5 0 0
0 0 0.5 0 0 0.5 0.5 0 0.5 0 0
0 0 0.5 0 0 0.5 0.5 0 -0.5 0 0
0 0 0.5 0 0 0.5 -0.5 0 0.5 0 0
0 0 0.5 0 0 0.5 -0.5 0 -0.5 0 0
0 0 0.5 0 0 -0.5 0.5 0 0.5 0 0
0 0 0.5 0 0 -0.5 0.5 0 -0.5 0 0
0 0 0.5 0 0 -0.5 -0.5 0 0.5 0 0
0 0 0.5 0 0 -0.5 -0.5 0 -0.5 0 0
0 0 -0.5 0 0 0.5 0.5 0 0.5 0 0
0 0 -0.5 0 0 0.5 0.5 0 -0.5 0 0
0 0 -0.5 0 0 0.5 -0.5 0 0.5 0 0
0 0 -0.5 0 0 0.5 -0.5 0 -0.5 0 0
0 0 -0.5 0 0 -0.5 0.5 0 0.5 0 0
0 0 -0.5 0 0 -0.5 0.5 0 -0.5 0 0
0 0 -0.5 0 0 -0.5 -0.5 0 0.5 0 0
0 0 -0.5 0 0 -0.5 -0.5 0 -0.5 0 0
0 0 0 0.5 0.5 0 0 0.5 0.5 0 0
0 0 0 0.5 0.5 0 0 0.5 -0.5 0 0
0 0 0 0.5 0.5 0 0 -0.5 0.5 0 0
0 0 0 0.5 0.5 0 0 -0.5 -0.5 0 0
0 0 0 0.5 -0.5 0 0 0.5 0.5 0 0
0 0 0 0.5 -0.5 0 0 0.5 -0.5 0 0
0 0 0 0.5 -0.5 0 0 -0.5 0.5 0 0
0 0 0 0.5 -0.5 0 0 -0.5 -0.5 0 0
0 0 0 -0.5 0.5 0 0 0.5 0.5 0 0
0 0 0 -0.5 0.5 0 0 0.5 -0.5 0 0
0 0 0 -0.5 0.5 0 0 -0.5 0.5 0 0
0 0 0 -0.5 0.5 0 0 -0.5 -0.5 0 0
0 0 0 -0.5 -0.5 0 0 0.5 0.5 0 0
0 0 0 -0.5 -0.5 0 0 0.5 -0.5 0 0
0 0 0 -0.5 -0.5 0 0 -0.5 0.5 0 0
0 0 0 -0.5 -0.5 0 0 -0.5 -0.5 0 0
0.5 0 0.5 0 0 0.5 0 0 0 0.5 0
0.5 0 0.5 0 0 0.5 0 0 0 -0.5 0
0.5 0 0.5 0 0 -0.5 0 0 0 0.5 0
0.5 0 0.5 0 0 -0.5 0 0 0 -0.5 0
0.5 0 -0.5 0 0 0.5 0 0 0 0.5 0
0.5 0 -0.5 0 0 0.5 0 0 0 -0.5 0
0.5 0 -0.5 0 0 -0.5 0 0 0 0.5 0
0.5 0 -0.5 0 0 -0.5 0 0 0 -0.5 0
-0.5 0 0.5 0 0 0.5 0 0 0 0.5 0
-0.5 0 0.5 0 0 0.5 0 0 0 -0.5 0
-0.5 0 0.5 0 0 -0.5 0 0 0 0.5 0
-0.5 0 0.5 0 0 -0.5 0 0 0 -0.5 0
-0.5 0 -0.5 0 0 0.5 0 0 0 0.5 0
-0.5 0 -0.5 0 0 0.5 0 0 0 -0.5 0
-0.5 0 -0.5 0 0 -0.5 0 0 0 0.5 0
-0.5 0 -0.5 0 0 -0.5 0 0 0 -0.5 0
0.5 0 0 0.5 0 0 0 0.5 0 0.5 0
0.5 0 0 0.5 0 0 0 0.5 0 -0.5 0
0.5 0 0 0.5 0 0 0 -0.5 0 0.5 0
0.5 0 0 0.5 0 0 0 -0.5 0 -0.5 0
0.5 0 0 -0.5 0 0 0 0.5 0 0.5 0
0.5 0 0 -0.5 0 0 0 0.5 0 -0.5 0
0.5 0 0 -0.5 0 0 0 -0.5 0 0.5 0
0.5 0 0 -0.5 0 0 0 -0.5 0 -0.5 0
-0.5 0 0 0.5 0 0 0 0.5 0 0.5 0
-0.5 0 0 0.5 0 0 0 0.5 0 -0.5 0
-0.5 0 0 0.5 0 0 0 -0.5 0 0.5 0
-0.5 0 0 0.5 0 0 0 -0.5 0 -0.5 0
-0.5 0 0 -0.5 0 0 0 0.5 0 0.5 0
-0.5 0 0 -0.5 0 0 0 0.5 0 -0.5 0
-0.5 0 0 -0.5 0 0 0 -0.5 0 0.5 0
-0.5 0 0 -0.5 0 0 0 -0.5 0 -0.5 0
0.5 0 0 0 0.5 0 0.5 0 0 0.5 0
0.5 0 0 0 0.5 0 0.5 0 0 -0.5 0
0.5 0 0 0 0.5 0 -0.5 0 0 0.5 0
0.5 0 0 0 0.5 0 -0.5 0 0 -0.5 0
0.5 0 0 0 -0.5 0 0.5 0 0 0.5 0
0.5 0 0 0 -0.5 0 0.5 0 0 -0.5 0
0.5 0 0 0 -0.5 0 -0.5 0 0 0.5 0
0.5 0 0 0 -0.5 0 -0.5 0 0 -0.5 0
-0.5 0 0 0 0.5 0 0.5 0 0 0.5 0
-0.5 0 0 0 0.5 0 0.5 0 0 -0.5 0
-0.5 0 0 0 0.5 0 -0.5 0 0 0.5 0
-0.5 0 0 0 0.5 0 -0.5 0 0 -0.5 0
-0.5 0 0 0 -0.5 0 0.5 0 0 0.5 0
-0.5 0 0 0 -0.5 0 0.5 0 0 -0.5 0
-0.5 0 0 0 -0.5 0 -0.5 0 0 0.5 0
-0.5 0 0 0 -0.5 0 -0.5 0 0 -0.5 0
0 0.5 0.5 0 0 0 0.5 0 0 0.5 0
0 0.5 0.5 0 0 0 0.5 0 0 -0.5 0
0 0.5 0.5 0 0 0 -0.5 0 0 0.5 0
0 0.5 0.5 0 0 0 -0.5 0 0 -0.5 0
0 0.5 -0.5 0 0 0 0.5 0 0 0.5 0
0 0.5 -0.5 0 0 0 0.5 0 0 -0.5 0
0 0.5 -0.5 0 0 0 -0.5 0 0 0.5 0
0 0.5 -0.5 0 0 0 -0.5 0 0 -0.5 0
0 -0.5 0.5 0 0 0 0.5 0 0 0.5 0
0 -0.5 0.5 0 0 0 0.5 0 0 -0.5 0
0 -0.5 0.5 0 0 0 -0.5 0 0 0.5 0
0 -0.5 0.5 0 0 0 -0.5 0 0 -0.5 0
0 -0.5 -0.5 0 0 0 0.5 0 0 0.5 0
0 -0.5 -0.5 0 0 0 0.5 0 0 -0.5 0
0 -0.5 -0.5 0 0 0 -0.5 0 0 0.5 0
0 -0.5 -0.5 0 0 0 -0.5 0 0 -0.5 0
0 0.5 0 0.5 0.5 0 0 0 0 0.5 0
0 0.5 0 0.5 0.5 0 0 0 0 -0.5 0
0 0.5 0 0.5 -0.5 0 0 0 0 0.5 0
0 0.5 0 0.5 -0.5 0 0 0 0 -0.5 0
0 0.5 0 -0.5 0.5 0 0 0 0 0.5 0
0 0.5 0 -0.5 0.5 0 0 0 0 -0.5 0
0 0.5 0 -0.5 -0.5 0 0 0 0 0.5 0
0 0.5 0 -0.5 -0.5 0 0 0 0 -0.5 0
0 -0.5 0 0.5 0.5 0 0 0 0 0.5 0
0 -0.5 0 0.5 0.5 0 0 0 0 -0.5 0
0 -0.5 0 0.5 -0.5 0 0 0 0 0.5 0
0 -0.5 0 0.5 -0.5 0 0 0 0 -0.5 0
0 -0.5 0 -0.5 0.5 0 0 0 0 0.5 0
0 -0.5 0 -0.5 0.5 0 0 0 0 -0.5 0
0 -0.5 0 -0.5 -0.5 0 0 0 0 0.5 0
0 -0.5 0 -0.5 -0.5 0 0 0 0 -0.5 0
0 0.5 0 0 0 0.5 0 0.5 0 0.5 0
0 0.5 0 0 0 0.5 0 0.5 0 -0.5 0
0 0.5 0 0 0 0.5 0 -0.5 0 0.5 0
0 0.5 0 0 0 0.5 0 -0.5 0 -0.5 0
0 0.5 0 0 0 -0.5 0 0.5 0 0.5 0
0 0.5 0 0 0 -0.5 0 0.5 0 -0.5 0
0 0.5 0 0 0 -0.5 0 -0.5 0 0.5 0
0 0.5 0 0 0 -0.5 0 -0.5 0 -0.5 0
0 -0.5 0 0 0 0.5 0 0.5 0 0.5 0
0 -0.5 0 0 0 0.5 0 0.5 0 -0.5 0
0 -0.5 0 0 0 0.5 0 -0.5 0 0.5 0
0 -0.5 0 0 0 0.5 0 -0.5 0 -0.5 0
0 -0.5 0 0 0 -0.5 0 0.5 0 0.5 0
0 -0.5 0 0 0 -0.5 0 0.5 0 -0.5 0
0 -0.5 0 0 0 -0.5 0 -0.5 0 0.5 0
0 -0.5 0 0 0 -0.5 0 -0.5 0 -0.5 0
0 0 0.5 0 0.5 0 0 0.5 0 0.5 0
0 0 0.5 0 0.5 0 0 0.5 0 -0.5 0
0 0 0.5 0 0.5 0 0 -0.5 0 0.5 0
0 0 0.5 0 0.5 0 0 -0.5 0 -0.5 0
0 0 0.5 0 -0.5 0 0 0.5 0 0.5 0
0 0 0.5 0 -0.5 0 0 0.5 0 -0.5 0
0 0 0.5 0 -0.5 0 0 -0.5 0 0.5 0
0 0 0.5 0 -0.5 0 0 -0.5 0 -0.5 0
0 0 -0.5 0 0.5 0 0 0.5 0 0.5 0
0 0 -0.5 0 0.5 0 0 0.5 0 -0.5 0
0 0 -0.5 0 0.5 0 0 -0.5 0 0.5 0
0 0 -0.5 0 0.5 0 0 -0.5 0 -0.5 0
0 0 -0.5 0 -0.5 0 0 0.5 0 0.5 0
0 0 -0.5 0 -0.5 0 0 0.5 0 -0.5 0
0 0 -0.5 0 -0.5 0 0 -0.5 0 0.5 0
0 0 -0.5 0 -0.5 0 0 -0.5 0 -0.5 0
0 0 0 0.5 0 0.5 0.5 0 0 0.5 0
0 0 0 0.5 0 0.5 0.5 0 0 -0.5 0
0 0 0 0.5 0 0.5 -0.5 0 0 0.5 0
0 0 0 0.5 0 0.5 -0.5 0 0 -0.5 0
0 0 0 0.5 0 -0.5 0.5 0 0 0.5 0
0 0 0 0.5 0 -0.5 0.5 0 0 -0.5 0
0 0 0 0.5 0 -0.5 -0.5 0 0 0.5 0
0 0 0 0.5 0 -0.5 -0.5 0 0 -0.5 0
0 0 0 -0.5 0 0.5 0.5 0 0 0.5 0
0 0 0 -0.5 0 0.5 0.5 0 0 -0.5 0
0 0 0 -0.5 0 0.5 -0.5 0 0 0.5 0
0 0 0 -0.5 0 0.5 -0.5 0 0 -0.5 0
0 0 0 -0.5 0 -0.5 0.5 0 0 0.5 0
0 0 0 -0.5 0 -0.5 0.5 0 0 -0.5 0
0 0 0 -0.5 0 -0.5 -0.5 0 0 0.5 0
0 0 0 -0.5 0 -0.5 -0.5 0 0 -0.5 0
0.5 0 0.5 0 0 0 0.5 0 0 0 0.5
0.5 0 0.5 0 0 0 0.5 0 0 0 -0.5
0.5 0 0.5 0 0 0 -0.5 0 0 0 0.5
0.5 0 0.5 0 0 0 -0.5 0 0 0 -0.5
0.5 0 -0.5 0 0 0 0.5 0 0 0 0.5
0.5 0 -0.5 0 0 0 0.5 0 0 0 -0.5
0.5 0 -0.5 0 0 0 -0.5 0 0 0 0.5
0.5 0 -0.5 0 0 0 -0.5 0 0 0 -0.5
-0.5 0 0.5 0 0 0 0.5 0 0 0 0.5
-0.5 0 0.5 0 0 0 0.5 0 0 0 -0.5
-0.5 0 0.5 0 0 0 -0.5 0 0 0 0.5
-0.5 0 0.5 0 0 0 -0.5 0 0 0 -0.5
-0.5 0 -0.5 0 0 0 0.5 0 0 0 0.5
-0.5 0 -0.5 0 0 0 0.5 0 0 0 -0.5
-0.5 0 -0.5 0 0 0 -0.5 0 0 0 0.5
-0.5 0 -0.5 0 0 0 -0.5 0 0 0 -0.5
0.5 0 0 0.5 0 0.5 0 0 0 0 0.5
0.5 0 0 0.5 0 0.5 0 0 0 0 -0.5
0.5 0 0 0.5 0 -0.5 0 0 0 0 0.5
0.5 0 0 0.5 0 -0.5 0 0 0 0 -0.5
0.5 0 0 -0.5 0 0.5 0 0 0 0 0.5
0.5 0 0 -0.5 0 0.5 0 0 0 0 -0.5
0.5 0 0 -0.5 0 -0.5 0 0 0 0 0.5
0.5 0 0 -0.5 0 -0.5 0 0 0 0 -0.5
-0.5 0 0 0.5 0 0.5 0 0 0 0 0.5
-0.5 0 0 0.5 0 0.5 0 0 0 0 -0.5
-0.5 0 0 0.5 0 -0.5 0 0 0 0 0.5
-0.5 0 0 0.5 0 -0.5 0 0 0 0 -0.5
-0.5 0 0 -0.5 0 0.5 0 0 0 0 0.5
-0.5 0 0 -0.5 0 0.5 0 0 0 0 -0.5
-0.5 0 0 -0.5 0 -0.5 0 0 0 0 0.5
-0.5 0 0 -0.5 0 -0.5 0 0 0 0 -0.5
0.5 0 0 0 0.5 0 0 0.5 0 0 0.5
0.5 0 0 0 0.5 0 0 0.5 0 0 -0.5
0.5 0 0 0 0.5 0 0 -0.5 0 0 0.5
0.5 0 0 0 0.5 0 0 -0.5 0 0 -0.5
0.5 0 0 0 -0.5 0 0 0.5 0 0 0.5
0.5 0 0 0 -0.5 0 0 0.5 0 0 -0.5
0.5 0 0 0 -0.5 0 0 -0.5 0 0 0.5
0.5 0 0 0 -0.5 0 0 -0.5 0 0 -0.5
-0.5 0 0 0 0.5 0 0 0.5 0 0 0.5
-0.5 0 0 0 0.5 0 0 0.5 0 0 -0.5
-0.5 0 0 0 0.5 0 0 -0.5 0 0 0.5
-0.5 0 0 0 0.5 0 0 -0.5 0 0 -0.5
-0.5 0 0 0 -0.5 0 0 0.5 0 0 0.5
-0.5 0 0 0 -0.5 0 0 0.5 0 0 -0.5
-0.5 0 0 0 -0.5 0 0 -0.5 0 0 0.5
-0.5 0 0 0 -0.5 0 0 -0.5 0 0 -0.5
0 0.5 0.5 0 0.5 0 0 0 0 0 0.5
0 0.5 0.5 0 0.5 0 0 0 0 0 -0.5
0 0.5 0.5 0 -0.5 0 0 0 0 0 0.5
0 0.5 0.5 0 -0.5 0 0 0 0 0 -0.5
0 0.5 -0.5 0 0.5 0 0 0 0 0 0.5
0 0.5 -0.5 0 0.5 0 0 0 0 0 -0.5
0 0.5 -0.5 0 -0.5 0 0 0 0 0 0.5
0 0.5 -0.5 0 -0.5 0 0 0 0 0 -0.5
0 -0.5 0.5 0 0.5 0 0 0 0 0 0.5
0 -0.5 0.5 0 0.5 0 0 0 0 0 -0.5
0 -0.5 0.5 0 -0.5 0 0 0 0 0 0.5
0 -0.5 0.5 0 -0.5 0 0 0 0 0 -0.5
0 -0.5 -0.5 0 0.5 0 0 0 0 0 0.5
0 -0.5 -0.5 0 0.5 0 0 0 0 0 -0.5
0 -0.5 -0.5 0 -0.5 0 0 0 0 0 0.5
0 -0.5 -0.5 0 -0.5 0 0 0 0 0 -0.5
0 0.5 0 0.5 0 0 0 0.5 0 0 0.5
0 0.5 0 0.5 0 0 0 0.5 0 0 -0.5
0 0.5 0 0.5 0 0 0 -0.5 0 0 0.5
0 0.5 0 0.5 0 0 0 -0.5 0 0 -0.5
0 0.5 0 -0.5 0 0 0 0.5 0 0 0.5
0 0.5 0 -0.5 0 0 0 0.5 0 0 -0.5
0 0.5 0 -0.5 0 0 0 -0.5 0 0 0.5
0 0.5 0 -0.5 0 0 0 -0.5 0 0 -0.5
0 -0.5 0 0.5 0 0 0 0.5 0 0 0.5
0 -0.5 0 0.5 0 0 0 0.5 0 0 -0.5
0 -0.5 0 0.5 0 0 0 -0.5 0 0 0.5
0 -0.5 0 0.5 0 0 0 -0.5 0 0 -0.5
0 -0.5 0 -0.5 0 0 0 0.5 0 0 0.5
0 -0.5 0 -0.5 0 0 0 0.5 0 0 -0.5
0 -0.5 0 -0.5 0 0 0 -0.5 0 0 0.5
0 -0.5 0 -0.5 0 0 0 -0.5 0 0 -0.5
0 0.5 0 0 0 0.5 0.5 0 0 0 0.5
0 0.5 0 0 0 0.5 0.5 0 0 0 -0.5
0 0.5 0 0 0 0.5 -0.5 0 0 0 0.5
0 0.5 0 0 0 0.5 -0.5 0 0 0 -0.5
0 0.5 0 0 0 -0.5 0.5 0 0 0 0.5
0 0.5 0 0 0 -0.5 0.5 0 0 0 -0.5
0 0.5 0 0 0 -0.5 -0.5 0 0 0 0.5
0 0.5 0 0 0 -0.5 -0.5 0 0 0 -0.5
0 -0.5 0 0 0 0.5 0.5 0 0 0 0.5
0 -0.5 0 0 0 0.5 0.5 0 0 0 -0.5
0 -0.5 0 0 0 0.5 -0.5 0 0 0 0.5
0 -0.5 0 0 0 0.5 -0.5 0 0 0 -0.5
0 -0.5 0 0 0 -0.5 0.5 0 0 0 0.5
0 -0.5 0 0 0 -0.5 0.5 0 0 0 -0.5
0 -0.5 0 0 0 -0.5 -0.5 0 0 0 0.5
0 -0.5 0 0 0 -0.5 -0.5 0 0 0 -0.5
0 0 0.5 0 0 0.5 0 0.5 0 0 0.5
0 0 0.5 0 0 0.5 0 0.5 0 0 -0.5
0 0 0.5 0 0 0.5 0 -0.5 0 0 0.5
0 0 0.5 0 0 0.5 0 -0.5 0 0 -0.5
0 0 0.5 0 0 -0.5 0 0.5 0 0 0.5
0 0 0.5 0 0 -0.5 0 0.5 0 0 -0.5
0 0 0.5 0 0 -0.5 0 -0.5 0 0 0.5
0 0 0.5 0 0 -0.5 0 -0.5 0 0 -0.5
0 0 -0.5 0 0 0.5 0 0.5 0 0 0.5
0 0 -0.5 0 0 0.5 0 0.5 0 0 -0.5
0 0 -0.5 0 0 0.5 0 -0.5 0 0 0.5
0 0 -0.5 0 0 0.5 0 -0.5 0 0 -0.5
0 0 -0.5 0 0 -0.5 0 0.5 0 0 0.5
0 0 -0.5 0 0 -0.5 0 0.5 0 0 -0.5
0 0 -0.5 0 0 -0.5 0 -0.5 0 0 0.5
0 0 -0.5 0 0 -0.5 0 -0.5 0 0 -0.5
0 0 0 0.5 0.5 0 0.5 0 0 0 0.5
0 0 0 0.5 0.5 0 0.5 0 0 0 -0.5
0 0 0 0.5 0.5 0 -0.5 0 0 0 0.5
0 0 0 0.5 0.5 0 -0.5 0 0 0 -0.5
0 0 0 0.5 -0.5 0 0.5 0 0 0 0.5
0 0 0 0.5 -0.5 0 0.5 0 0 0 -0.5
0 0 0 0.5 -0.5 0 -0.5 0 0 0 0.5
0 0 0 0.5 -0.5 0 -0.5 0 0 0 -0.5
0 0 0 -0.5 0.5 0 0.5 0 0 0 0.5
0 0 0 -0.5 0.5 0 0.5 0 0 0 -0.5
0 0 0 -0.5 0.5 0 -0.5 0 0 0 0.5
0 0 0 -0.5 0.5 0 -0.5 0 0 0 -0.5
0 0 0 -0.5 -0.5 0 0.5 0 0 0 0.5
0 0 0 -0.5 -0.5 0 0.5 0 0 0 -0.5
0 0 0 -0.5 -0.5 0 -0.5 0 0 0 0.5
0 0 0 -0.5 -0.5 0 -0.5 0 0 0 -0.5
0.5 0.5 0 0 0 0 0 0 0.49156220394777805 0.19421832322299343 0.46972954194350175
0.5 0.5 0 0 0 0 0 0 -0.49156220394777805 -0.19421832322299343 -0.46972954194350175
0.5 0.5 0 0 0 0 0 0 0.45266897670074024 -0.46450338766837879 -0.2816512034011297
0.5 0.5 0 0 0 0 0 0 -0.45266897670074024 0.46450338766837879 0.2816512034011297
0.50000000000000011 0.50000000000000011 0 0 0 0 0 0 0.23120855776269997 0.49650362110366197 -0.44724350978884381
0.50000000000000011 0.50000000000000011 0 0 0 0 0 0 -0.23120855776269997 -0.49650362110366197 0.44724350978884381
0.5 -0.5 0 0 0 0 0 0 0.49156220394777805 0.19421832322299343 0.46972954194350175
0.5 -0.5 0 0 0 0 0 0 -0.49156220394777805 -0.19421832322299343 -0.46972954194350175
0.5 -0.5 0 0 0 0 0 0 0.45266897670074024 -0.46450338766837879 -0.2816512034011297
0.5 -0.5 0 0 0 0 0 0 -0.45266897670074024 0.46450338766837879 0.2816512034011297
0.50000000000000011 -0.50000000000000011 0 0 0 0 0 0 0.23120855776269997 0.49650362110366197 -0.44724350978884381
0.50000000000000011 -0.50000000000000011 0 0 0 0 0 0 -0.23120855776269997 -0.49650362110366197 0.44724350978884381
-0.5 0.5 0 0 0 0 0 0 0.49156220394777805 0.19421832322299343 0.46972954194350175
-0.5 0.5 0 0 0 0 0 0 -0.49156220394777805 -0.19421832322299343 -0.46972954194350175
-0.5 0.5 0 0 0 0 0 0 0.45266897670074024 -0.46450338766837879 -0.2816512034011297
-0.5 0.5 0 0 0 0 0 0 -0.45266897670074024 0.46450338766837879 0.2816512034011297
-0.50000000000000011 0.50000000000000011 0 0 0 0 0 0 0.23120855776269997 0.49650362110366197 -0.44724350978884381
-0.50000000000000011 0.50000000000000011 0 0 0 0 0 0 -0.23120855776269997 -0.49650362110366197 0.44724350978884381
-0.5 -0.5 0 0 0 0 0 0 0.49156220394777805 0.19421832322299343 0.46972954194350175
-0.5 -0.5 0 0 0 0 0 0 -0.49156220394777805 -0.19421832322299343 -0.46972954194350175
-0.5 -0.5 0 0 0 0 0 0 0.45266897670074024 -0.46450338766837879 -0.2816512034011297
-0.5 -0.5 0 0 0 0 0 0 -0.45266897670074024 0.46450338766837879 0.2816512034011297
-0.50000000000000011 -0.50000000000000011 0 0 0 0 0 0 0.23120855776269997 0.49650362110366197 -0.44724350978884381
-0.50000000000000011 -0.50000000000000011 0 0 0 0 0 0 -0.23120855776269997 -0.49650362110366197 0.44724350978884381
0 0 0.5 0.5 0 0 0 0 0.49156220394777805 0.19421832322299343 0.46972954194350175
0 0 0.5 0.5 0 0 0 0 -0.49156220394777805 -0.19421832322299343 -0.46972954194350175
0 0 0.5 0.5 0 0 0 0 0.45266897670074024 -0.46450338766837879 -0.2816512034011297
0 0 0.5 0.5 0 0 0 0 -0.45266897670074024 0.46450338766837879 0.2816512034011297
0 0 0.50000000000000011 0.50000000000000011 0 0 0 0 0.23120855776269997 0.49650362110366197 -0.44724350978884381
0 0 0.50000000000000011 0.50000000000000011 0 0 0 0 -0.23120855776269997 -0.49650362110366197 0.44724350978884381
0 0 0.5 -0.5 0 0 0 0 0.49156220394777805 0.19421832322299343 0.46972954194350175
0 0 0.5 -0.5 0 0 0 0 -0.49156220394777805 -0.19421832322299343 -0.46972954194350175
0 0 0.5 -0.5 0 0 0 0 0.45266897670074024 -0.46450338766837879 -0.2816512034011297
0 0 0.5 -0.5 0 0 0 0 -0.45266897670074024 0.46450338766837879 0.2816512034011297
0 0 0.50000000000000011 -0.50000000000000011 0 0 0 0 0.23120855776269997 0.49650362110366197 -0.44724350978884381
0 0 0.50000000000000011 -0.50000000000000011 0 0 0 0 -0.23120855776269997 -0.49650362110366197 0.44724350978884381
0 0 -0.5 0.5 0 0 0 0 0.49156220394777805 0.19421832322299343 0.46972954194350175
0 0 -0.5 0.5 0 0 0 0 -0.49156220394777805 -0.19421832322299343 -0.46972954194350175
0 0 -0.5 0.5 0 0 0 0 0.45266897670074024 -0.46450338766837879 -0.2816512034011297
0 0 -0.5 0.5 0 0 0 0 -0.45266897670074024 0.46450338766837879 0.2816512034011297
0 0 -0.50000000000000011 0.50000000000000011 0 0 0 0 0.23120855776269997 0.49650362110366197 -0.44724350978884381
0 0 -0.50000000000000011 0.50000000000000011 0 0 0 0 -0.23120855776269997 -0.49650362110366197 0.44724350978884381
0 0 -0.5 -0.5 0 0 0 0 0.49156220394777805 0.19421832322299343 0.46972954194350175
0 0 -0.5 -0.5 0 0 0 0 -0.49156220394777805 -0.19421832322299343 -0.46972954194350175
0 0 -0.5 -0.5 0 0 0 0 0.45266897670074024 -0.46450338766837879 -0.2816512034011297
0 0 -0.5 -0.5 0 0 0 0 -0.45266897670074024 0.46450338766837879 0.2816512034011297
0 0 -0.50000000000000011 -0.50000000000000011 0 0 0 0 0.23120855776269997 0.49650362110366197 -0.44724350978884381
0 0 -0.50000000000000011 -0.50000000000000011 0 0 0 0 -0.23120855776269997 -0.49650362110366197 0.44724350978884381
0 0 0 0 0.5 0.5 0 0 0.49156220394777805 0.19421832322299343 0.46972954194350175
0 0 0 0 0.5 0.5 0 0 -0.49156220394777805 -0.19421832322299343 -0.46972954194350175
0 0 0 0 0.5 0.5 0 0 0.45266897670074024 -0.46450338766837879 -0.2816512034011297
0 0 0 0 0.5 0.5 0 0 -0.45266897670074024 0.46450338766837879 0.2816512034011297
0 0 0 0 0.50000000000000011 0.50000000000000011 0 0 0.23120855776269997 0.49650362110366197 -0.44724350978884381
0 0 0 0 0.50000000000000011 0.50000000000000011 0 0 -0.23120855776269997 -0.49650362110366197 0.44724350978884381
0 0 0 0 0.5 -0.5 0 0 0.49156220394777805 0.19421832322299343 0.46972954194350175
0 0 0 0 0.5 -0.5 0 0 -0.49156220394777805 -0.19421832322299343 -0.46972954194350175
0 0 0 0 0.5 -0.5 0 0 0.45266897670074024 -0.46450338766837879 -0.2816512034011297
0 0 0 0 0.5 -0.5 0 0 -0.45266897670074024 0.46450338766837879 0.2816512034011297
0 0 0 0 0.50000000000000011 -0.50000000000000011 0 0 0.23120855776269997 0.49650362110366197 -0.44724350978884381
0 0 0 0 0.50000000000000011 -0.50000000000000011 0 0 -0.23120855776269997 -0.49650362110366197 0.44724350978884381
0 0 0 0 -0.5 0.5 0 0 0.49156220394777805 0.19421832322299343 0.46972954194350175
0 0 0 0 -0.5 0.5 0 0 -0.49156220394777805 -0.19421832322299343 -0.46972954194350175
0 0 0 0 -0.5 0.5 0 0 0.45266897670074024 -0.46450338766837879 -0.2816512034011297
0 0 0 0 -0.5 0.5 0 0 -0.45266897670074024 0.46450338766837879 0.2816512034011297
0 0 0 0 -0.50000000000000011 0.50000000000000011 0 0 0.23120855776269997 0.49650362110366197 -0.44724350978884381
0 0 0 0 -0.50000000000000011 0.50000000000000011 0 0 -0.23120855776269997 -0.49650362110366197 0.44724350978884381
0 0 0 0 -0.5 -0.5 0 0 0.49156220394777805 0.19421832322299343 0.46972954194350175
0 0 0 0 -0.5 -0.5 0 0 -0.49156220394777805 -0.19421832322299343 -0.46972954194350175
0 0 0 0 -0.5 -0.5 0 0 0.45266897670074024 -0.46450338766837879 -0.2816512034011297
0 0 0 0 -0.5 -0.5 0 0 -0.45266897670074024 0.46450338766837879 0.2816512034011297
0 0 0 0 -0.50000000000000011 -0.50000000000000011 0 0 0.23120855776269997 0.49650362110366197 -0.44724350978884381
0 0 0 0 -0.50000000000000011 -0.50000000000000011 0 0 -0.23120855776269997 -0.49650362110366197 0.44724350978884381
0 0 0 0 0 0 0.5 0.5 0.49156220394777805 0.19421832322299343 0.46972954194350175
0 0 0 0 0 0 0.5 0.5 -0.49156220394777805 -0.19421832322299343 -0.46972954194350175
0 0 0 0 0 0 0.5 0.5 0.45266897670074024 -0.46450338766837879 -0.2816512034011297
0 0 0 0 0 0 0.5 0.5 -0.45266897670074024 0.46450338766837879 0.2816512034011297
0 0 0 0 0 0 0.50000000000000011 0.50000000000000011 0.23120855776269997 0.49650362110366197 -0.44724350978884381
0 0 0 0 0 0 0.50000000000000011 0.50000000000000011 -0.23120855776269997 -0.49650362110366197 0.44724350978884381
0 0 0 0 0 0 0.5 -0.5 0.49156220394777805 0.19421832322299343 0.46972954194350175
0 0 0 0 0 0 0.5 -0.5 -0.49156220394777805 -0.19421832322299343 -0.46972954194350175
0 0 0 0 0 0 0.5 -0.5 0.45266897670074024 -0.46450338766837879 -0.2816512034011297
0 0 0 0 0 0 0.5 -0.5 -0.45266897670074024 0.46450338766837879 0.2816512034011297
0 0 0 0 0 0 0.50000000000000011 -0.50000000000000011 0.23120855776269997 0.49650362110366197 -0.44724350978884381
0 0 0 0 0 0 0.50000000000000011 -0.50000000000000011 -0.23120855776269997 -0.49650362110366197 0.44724350978884381
0 0 0 0 0 0 -0.5 0.5 0.49156220394777805 0.19421832322299343 0.46972954194350175
0 0 0 0 0 0 -0.5 0.5 -0.49156220394777805 -0.19421832322299343 -0.46972954194350175
0 0 0 0 0 0 -0.5 0.5 0.45266897670074024 -0.46450338766837879 -0.2816512034011297
0 0 0 0 0 0 -0.5 0.5 -0.45266897670074024 0.46450338766837879 0.2816512034011297
0 0 0 0 0 0 -0.50000000000000011 0.50000000000000011 0.23120855776269997 0.49650362110366197 -0.44724350978884381
0 0 0 0 0 0 -0.50000000000000011 0.50000000000000011 -0.23120855776269997 -0.49650362110366197 0.44724350978884381
0 0 0 0 0 0 -0.5 -0.5 0.49156220394777805 0.19421832322299343 0.46972954194350175
0 0 0 0 0 0 -0.5 -0.5 -0.49156220394777805 -0.19421832322299343 -0.46972954194350175
0 0 0 0 0 0 -0.5 -0.5 0.45266897670074024 -0.46450338766837879 -0.2816512034011297
0 0 0 0 0 0 -0.5 -0.5 -0.45266897670074024 0.46450338766837879 0.2816512034011297
0 0 0 0 0 0 -0.50000000000000011 -0.50000000000000011 0.23120855776269997 0.49650362110366197 -0.44724350978884381
0 0 0 0 0 0 -0.50000000000000011 -0.50000000000000011 -0.23120855776269997 -0.49650362110366197 0.44724350978884381
0 0 0 0 0 0 0 0 0.9442311806485183 -0.27028506444538536 0.18807833854237205
0 0 0 0 0 0 0 0 0.038893227247037788 0.65872171089137221 0.7513807453446314
0 0 0 0 0 0 0 0 -0.038893227247037788 -0.65872171089137221 -0.7513807453446314
0 0 0 0 0 0 0 0 -0.9442311806485183 0.27028506444538536 -0.18807833854237205
0 0 0 0 0 0 0 0 0.72277076171047805 0.69072194432665535 0.022486032154657987
0 0 0 0 0 0 0 0 0.26035364618507811 -0.30228529788066849 0.91697305173234545
0 0 0 0 0 0 0 0 -0.26035364618507811 0.30228529788066849 -0.91697305173234545
0 0 0 0 0 0 0 0 -0.72277076171047805 -0.69072194432665535 -0.022486032154657987
0 0 0 0 0 0 0 0 0.68387753446344024 0.032000233435283146 -0.72889471318997334
0 0 0 0 0 0 0 0 0.2214604189380403 -0.96100700877204071 0.16559230638771405
0 0 0 0 0 0 0 0 -0.2214604189380403 0.96100700877204071 -0.16559230638771405
0 0 0 0 0 0 0 0 -0.68387753446344024 -0.032000233435283146 0.72889471318997334
