# 840-point quaternionic kissing arrangement (Takhanov, arXiv 2609.09179). Each row: family, then 12 coords; 'a,b' means (a + b*sqrt(2))/4
E1 4,0 0,0 0,0 0,0 0,0 0,0 0,0 0,0 0,0 0,0 0,0 0,0
E1 -4,0 0,0 0,0 0,0 0,0 0,0 0,0 0,0 0,0 0,0 0,0 0,0
E1 0,0 4,0 0,0 0,0 0,0 0,0 0,0 0,0 0,0 0,0 0,0 0,0
E1 0,0 -4,0 0,0 0,0 0,0 0,0 0,0 0,0 0,0 0,0 0,0 0,0
E1 0,0 0,0 4,0 0,0 0,0 0,0 0,0 0,0 0,0 0,0 0,0 0,0
E1 0,0 0,0 -4,0 0,0 0,0 0,0 0,0 0,0 0,0 0,0 0,0 0,0
E1 0,0 0,0 0,0 4,0 0,0 0,0 0,0 0,0 0,0 0,0 0,0 0,0
E1 0,0 0,0 0,0 -4,0 0,0 0,0 0,0 0,0 0,0 0,0 0,0 0,0
E1 2,0 2,0 2,0 2,0 0,0 0,0 0,0 0,0 0,0 0,0 0,0 0,0
E1 2,0 2,0 2,0 -2,0 0,0 0,0 0,0 0,0 0,0 0,0 0,0 0,0
E1 2,0 2,0 -2,0 2,0 0,0 0,0 0,0 0,0 0,0 0,0 0,0 0,0
E1 2,0 2,0 -2,0 -2,0 0,0 0,0 0,0 0,0 0,0 0,0 0,0 0,0
E1 2,0 -2,0 2,0 2,0 0,0 0,0 0,0 0,0 0,0 0,0 0,0 0,0
E1 2,0 -2,0 2,0 -2,0 0,0 0,0 0,0 0,0 0,0 0,0 0,0 0,0
E1 2,0 -2,0 -2,0 2,0 0,0 0,0 0,0 0,0 0,0 0,0 0,0 0,0
E1 2,0 -2,0 -2,0 -2,0 0,0 0,0 0,0 0,0 0,0 0,0 0,0 0,0
E1 -2,0 2,0 2,0 2,0 0,0 0,0 0,0 0,0 0,0 0,0 0,0 0,0
E1 -2,0 2,0 2,0 -2,0 0,0 0,0 0,0 0,0 0,0 0,0 0,0 0,0
E1 -2,0 2,0 -2,0 2,0 0,0 0,0 0,0 0,0 0,0 0,0 0,0 0,0
E1 -2,0 2,0 -2,0 -2,0 0,0 0,0 0,0 0,0 0,0 0,0 0,0 0,0
E1 -2,0 -2,0 2,0 2,0 0,0 0,0 0,0 0,0 0,0 0,0 0,0 0,0
E1 -2,0 -2,0 2,0 -2,0 0,0 0,0 0,0 0,0 0,0 0,0 0,0 0,0
E1 -2,0 -2,0 -2,0 2,0 0,0 0,0 0,0 0,0 0,0 0,0 0,0 0,0
E1 -2,0 -2,0 -2,0 -2,0 0,0 0,0 0,0 0,0 0,0 0,0 0,0 0,0
E2 0,0 0,0 0,0 0,0 4,0 0,0 0,0 0,0 0,0 0,0 0,0 0,0
E2 0,0 0,0 0,0 0,0 -4,0 0,0 0,0 0,0 0,0 0,0 0,0 0,0
E2 0,0 0,0 0,0 0,0 0,0 4,0 0,0 0,0 0,0 0,0 0,0 0,0
E2 0,0 0,0 0,0 0,0 0,0 -4,0 0,0 0,0 0,0 0,0 0,0 0,0
E2 0,0 0,0 0,0 0,0 0,0 0,0 4,0 0,0 0,0 0,0 0,0 0,0
E2 0,0 0,0 0,0 0,0 0,0 0,0 -4,0 0,0 0,0 0,0 0,0 0,0
E2 0,0 0,0 0,0 0,0 0,0 0,0 0,0 4,0 0,0 0,0 0,0 0,0
E2 0,0 0,0 0,0 0,0 0,0 0,0 0,0 -4,0 0,0 0,0 0,0 0,0
E2 0,0 0,0 0,0 0,0 2,0 2,0 2,0 2,0 0,0 0,0 0,0 0,0
E2 0,0 0,0 0,0 0,0 2,0 2,0 2,0 -2,0 0,0 0,0 0,0 0,0
E2 0,0 0,0 0,0 0,0 2,0 2,0 -2,0 2,0 0,0 0,0 0,0 0,0
E2 0,0 0,0 0,0 0,0 2,0 2,0 -2,0 -2,0 0,0 0,0 0,0 0,0
E2 0,0 0,0 0,0 0,0 2,0 -2,0 2,0 2,0 0,0 0,0 0,0 0,0
E2 0,0 0,0 0,0 0,0 2,0 -2,0 2,0 -2,0 0,0 0,0 0,0 0,0
E2 0,0 0,0 0,0 0,0 2,0 -2,0 -2,0 2,0 0,0 0,0 0,0 0,0
E2 0,0 0,0 0,0 0,0 2,0 -2,0 -2,0 -2,0 0,0 0,0 0,0 0,0
E2 0,0 0,0 0,0 0,0 -2,0 2,0 2,0 2,0 0,0 0,0 0,0 0,0
E2 0,0 0,0 0,0 0,0 -2,0 2,0 2,0 -2,0 0,0 0,0 0,0 0,0
E2 0,0 0,0 0,0 0,0 -2,0 2,0 -2,0 2,0 0,0 0,0 0,0 0,0
E2 0,0 0,0 0,0 0,0 -2,0 2,0 -2,0 -2,0 0,0 0,0 0,0 0,0
E2 0,0 0,0 0,0 0,0 -2,0 -2,0 2,0 2,0 0,0 0,0 0,0 0,0
E2 0,0 0,0 0,0 0,0 -2,0 -2,0 2,0 -2,0 0,0 0,0 0,0 0,0
E2 0,0 0,0 0,0 0,0 -2,0 -2,0 -2,0 2,0 0,0 0,0 0,0 0,0
E2 0,0 0,0 0,0 0,0 -2,0 -2,0 -2,0 -2,0 0,0 0,0 0,0 0,0
E3 0,0 0,0 0,0 0,0 0,0 0,0 0,0 0,0 4,0 0,0 0,0 0,0
E3 0,0 0,0 0,0 0,0 0,0 0,0 0,0 0,0 -4,0 0,0 0,0 0,0
E3 0,0 0,0 0,0 0,0 0,0 0,0 0,0 0,0 0,0 4,0 0,0 0,0
E3 0,0 0,0 0,0 0,0 0,0 0,0 0,0 0,0 0,0 -4,0 0,0 0,0
E3 0,0 0,0 0,0 0,0 0,0 0,0 0,0 0,0 0,0 0,0 4,0 0,0
E3 0,0 0,0 0,0 0,0 0,0 0,0 0,0 0,0 0,0 0,0 -4,0 0,0
E3 0,0 0,0 0,0 0,0 0,0 0,0 0,0 0,0 0,0 0,0 0,0 4,0
E3 0,0 0,0 0,0 0,0 0,0 0,0 0,0 0,0 0,0 0,0 0,0 -4,0
E3 0,0 0,0 0,0 0,0 0,0 0,0 0,0 0,0 2,0 2,0 2,0 2,0
E3 0,0 0,0 0,0 0,0 0,0 0,0 0,0 0,0 2,0 2,0 2,0 -2,0
E3 0,0 0,0 0,0 0,0 0,0 0,0 0,0 0,0 2,0 2,0 -2,0 2,0
E3 0,0 0,0 0,0 0,0 0,0 0,0 0,0 0,0 2,0 2,0 -2,0 -2,0
E3 0,0 0,0 0,0 0,0 0,0 0,0 0,0 0,0 2,0 -2,0 2,0 2,0
E3 0,0 0,0 0,0 0,0 0,0 0,0 0,0 0,0 2,0 -2,0 2,0 -2,0
E3 0,0 0,0 0,0 0,0 0,0 0,0 0,0 0,0 2,0 -2,0 -2,0 2,0
E3 0,0 0,0 0,0 0,0 0,0 0,0 0,0 0,0 2,0 -2,0 -2,0 -2,0
E3 0,0 0,0 0,0 0,0 0,0 0,0 0,0 0,0 -2,0 2,0 2,0 2,0
E3 0,0 0,0 0,0 0,0 0,0 0,0 0,0 0,0 -2,0 2,0 2,0 -2,0
E3 0,0 0,0 0,0 0,0 0,0 0,0 0,0 0,0 -2,0 2,0 -2,0 2,0
E3 0,0 0,0 0,0 0,0 0,0 0,0 0,0 0,0 -2,0 2,0 -2,0 -2,0
E3 0,0 0,0 0,0 0,0 0,0 0,0 0,0 0,0 -2,0 -2,0 2,0 2,0
E3 0,0 0,0 0,0 0,0 0,0 0,0 0,0 0,0 -2,0 -2,0 2,0 -2,0
E3 0,0 0,0 0,0 0,0 0,0 0,0 0,0 0,0 -2,0 -2,0 -2,0 2,0
E3 0,0 0,0 0,0 0,0 0,0 0,0 0,0 0,0 -2,0 -2,0 -2,0 -2,0
M1 2,0 2,0 0,0 0,0 2,0 0,0 0,0 0,0 2,0 0,0 0,0 0,0
M1 2,0 2,0 0,0 0,0 2,0 0,0 0,0 0,0 -2,0 0,0 0,0 0,0
M1 2,0 2,0 0,0 0,0 -2,0 0,0 0,0 0,0 2,0 0,0 0,0 0,0
M1 2,0 2,0 0,0 0,0 -2,0 0,0 0,0 0,0 -2,0 0,0 0,0 0,0
M1 -2,0 -2,0 0,0 0,0 2,0 0,0 0,0 0,0 2,0 0,0 0,0 0,0
M1 -2,0 -2,0 0,0 0,0 2,0 0,0 0,0 0,0 -2,0 0,0 0,0 0,0
M1 -2,0 -2,0 0,0 0,0 -2,0 0,0 0,0 0,0 2,0 0,0 0,0 0,0
M1 -2,0 -2,0 0,0 0,0 -2,0 0,0 0,0 0,0 -2,0 0,0 0,0 0,0
M1 2,0 2,0 0,0 0,0 0,0 2,0 0,0 0,0 0,0 2,0 0,0 0,0
M1 2,0 2,0 0,0 0,0 0,0 2,0 0,0 0,0 0,0 -2,0 0,0 0,0
M1 2,0 2,0 0,0 0,0 0,0 -2,0 0,0 0,0 0,0 2,0 0,0 0,0
M1 2,0 2,0 0,0 0,0 0,0 -2,0 0,0 0,0 0,0 -2,0 0,0 0,0
M1 -2,0 -2,0 0,0 0,0 0,0 2,0 0,0 0,0 0,0 2,0 0,0 0,0
M1 -2,0 -2,0 0,0 0,0 0,0 2,0 0,0 0,0 0,0 -2,0 0,0 0,0
M1 -2,0 -2,0 0,0 0,0 0,0 -2,0 0,0 0,0 0,0 2,0 0,0 0,0
M1 -2,0 -2,0 0,0 0,0 0,0 -2,0 0,0 0,0 0,0 -2,0 0,0 0,0
M1 2,0 2,0 0,0 0,0 0,0 0,0 2,0 0,0 0,0 0,0 2,0 0,0
M1 2,0 2,0 0,0 0,0 0,0 0,0 2,0 0,0 0,0 0,0 -2,0 0,0
M1 2,0 2,0 0,0 0,0 0,0 0,0 -2,0 0,0 0,0 0,0 2,0 0,0
M1 2,0 2,0 0,0 0,0 0,0 0,0 -2,0 0,0 0,0 0,0 -2,0 0,0
M1 -2,0 -2,0 0,0 0,0 0,0 0,0 2,0 0,0 0,0 0,0 2,0 0,0
M1 -2,0 -2,0 0,0 0,0 0,0 0,0 2,0 0,0 0,0 0,0 -2,0 0,0
M1 -2,0 -2,0 0,0 0,0 0,0 0,0 -2,0 0,0 0,0 0,0 2,0 0,0
M1 -2,0 -2,0 0,0 0,0 0,0 0,0 -2,0 0,0 0,0 0,0 -2,0 0,0
M1 2,0 2,0 0,0 0,0 0,0 0,0 0,0 2,0 0,0 0,0 0,0 2,0
M1 2,0 2,0 0,0 0,0 0,0 0,0 0,0 2,0 0,0 0,0 0,0 -2,0
M1 2,0 2,0 0,0 0,0 0,0 0,0 0,0 -2,0 0,0 0,0 0,0 2,0
M1 2,0 2,0 0,0 0,0 0,0 0,0 0,0 -2,0 0,0 0,0 0,0 -2,0
M1 -2,0 -2,0 0,0 0,0 0,0 0,0 0,0 2,0 0,0 0,0 0,0 2,0
M1 -2,0 -2,0 0,0 0,0 0,0 0,0 0,0 2,0 0,0 0,0 0,0 -2,0
M1 -2,0 -2,0 0,0 0,0 0,0 0,0 0,0 -2,0 0,0 0,0 0,0 2,0
M1 -2,0 -2,0 0,0 0,0 0,0 0,0 0,0 -2,0 0,0 0,0 0,0 -2,0
M1 -2,0 2,0 0,0 0,0 2,0 0,0 0,0 0,0 0,0 2,0 0,0 0,0
M1 -2,0 2,0 0,0 0,0 2,0 0,0 0,0 0,0 0,0 -2,0 0,0 0,0
M1 -2,0 2,0 0,0 0,0 -2,0 0,0 0,0 0,0 0,0 2,0 0,0 0,0
M1 -2,0 2,0 0,0 0,0 -2,0 0,0 0,0 0,0 0,0 -2,0 0,0 0,0
M1 2,0 -2,0 0,0 0,0 2,0 0,0 0,0 0,0 0,0 2,0 0,0 0,0
M1 2,0 -2,0 0,0 0,0 2,0 0,0 0,0 0,0 0,0 -2,0 0,0 0,0
M1 2,0 -2,0 0,0 0,0 -2,0 0,0 0,0 0,0 0,0 2,0 0,0 0,0
M1 2,0 -2,0 0,0 0,0 -2,0 0,0 0,0 0,0 0,0 -2,0 0,0 0,0
M1 -2,0 2,0 0,0 0,0 0,0 2,0 0,0 0,0 2,0 0,0 0,0 0,0
M1 -2,0 2,0 0,0 0,0 0,0 2,0 0,0 0,0 -2,0 0,0 0,0 0,0
M1 -2,0 2,0 0,0 0,0 0,0 -2,0 0,0 0,0 2,0 0,0 0,0 0,0
M1 -2,0 2,0 0,0 0,0 0,0 -2,0 0,0 0,0 -2,0 0,0 0,0 0,0
M1 2,0 -2,0 0,0 0,0 0,0 2,0 0,0 0,0 2,0 0,0 0,0 0,0
M1 2,0 -2,0 0,0 0,0 0,0 2,0 0,0 0,0 -2,0 0,0 0,0 0,0
M1 2,0 -2,0 0,0 0,0 0,0 -2,0 0,0 0,0 2,0 0,0 0,0 0,0
M1 2,0 -2,0 0,0 0,0 0,0 -2,0 0,0 0,0 -2,0 0,0 0,0 0,0
M1 -2,0 2,0 0,0 0,0 0,0 0,0 2,0 0,0 0,0 0,0 0,0 2,0
M1 -2,0 2,0 0,0 0,0 0,0 0,0 2,0 0,0 0,0 0,0 0,0 -2,0
M1 -2,0 2,0 0,0 0,0 0,0 0,0 -2,0 0,0 0,0 0,0 0,0 2,0
M1 -2,0 2,0 0,0 0,0 0,0 0,0 -2,0 0,0 0,0 0,0 0,0 -2,0
M1 2,0 -2,0 0,0 0,0 0,0 0,0 2,0 0,0 0,0 0,0 0,0 2,0
M1 2,0 -2,0 0,0 0,0 0,0 0,0 2,0 0,0 0,0 0,0 0,0 -2,0
M1 2,0 -2,0 0,0 0,0 0,0 0,0 -2,0 0,0 0,0 0,0 0,0 2,0
M1 2,0 -2,0 0,0 0,0 0,0 0,0 -2,0 0,0 0,0 0,0 0,0 -2,0
M1 -2,0 2,0 0,0 0,0 0,0 0,0 0,0 2,0 0,0 0,0 2,0 0,0
M1 -2,0 2,0 0,0 0,0 0,0 0,0 0,0 2,0 0,0 0,0 -2,0 0,0
M1 -2,0 2,0 0,0 0,0 0,0 0,0 0,0 -2,0 0,0 0,0 2,0 0,0
M1 -2,0 2,0 0,0 0,0 0,0 0,0 0,0 -2,0 0,0 0,0 -2,0 0,0
M1 2,0 -2,0 0,0 0,0 0,0 0,0 0,0 2,0 0,0 0,0 2,0 0,0
M1 2,0 -2,0 0,0 0,0 0,0 0,0 0,0 2,0 0,0 0,0 -2,0 0,0
M1 2,0 -2,0 0,0 0,0 0,0 0,0 0,0 -2,0 0,0 0,0 2,0 0,0
M1 2,0 -2,0 0,0 0,0 0,0 0,0 0,0 -2,0 0,0 0,0 -2,0 0,0
M1 0,0 0,0 2,0 2,0 2,0 0,0 0,0 0,0 0,0 0,0 2,0 0,0
M1 0,0 0,0 2,0 2,0 2,0 0,0 0,0 0,0 0,0 0,0 -2,0 0,0
M1 0,0 0,0 2,0 2,0 -2,0 0,0 0,0 0,0 0,0 0,0 2,0 0,0
M1 0,0 0,0 2,0 2,0 -2,0 0,0 0,0 0,0 0,0 0,0 -2,0 0,0
M1 0,0 0,0 -2,0 -2,0 2,0 0,0 0,0 0,0 0,0 0,0 2,0 0,0
M1 0,0 0,0 -2,0 -2,0 2,0 0,0 0,0 0,0 0,0 0,0 -2,0 0,0
M1 0,0 0,0 -2,0 -2,0 -2,0 0,0 0,0 0,0 0,0 0,0 2,0 0,0
M1 0,0 0,0 -2,0 -2,0 -2,0 0,0 0,0 0,0 0,0 0,0 -2,0 0,0
M1 0,0 0,0 2,0 2,0 0,0 2,0 0,0 0,0 0,0 0,0 0,0 2,0
M1 0,0 0,0 2,0 2,0 0,0 2,0 0,0 0,0 0,0 0,0 0,0 -2,0
M1 0,0 0,0 2,0 2,0 0,0 -2,0 0,0 0,0 0,0 0,0 0,0 2,0
M1 0,0 0,0 2,0 2,0 0,0 -2,0 0,0 0,0 0,0 0,0 0,0 -2,0
M1 0,0 0,0 -2,0 -2,0 0,0 2,0 0,0 0,0 0,0 0,0 0,0 2,0
M1 0,0 0,0 -2,0 -2,0 0,0 2,0 0,0 0,0 0,0 0,0 0,0 -2,0
M1 0,0 0,0 -2,0 -2,0 0,0 -2,0 0,0 0,0 0,0 0,0 0,0 2,0
M1 0,0 0,0 -2,0 -2,0 0,0 -2,0 0,0 0,0 0,0 0,0 0,0 -2,0
M1 0,0 0,0 2,0 2,0 0,0 0,0 2,0 0,0 2,0 0,0 0,0 0,0
M1 0,0 0,0 2,0 2,0 0,0 0,0 2,0 0,0 -2,0 0,0 0,0 0,0
M1 0,0 0,0 2,0 2,0 0,0 0,0 -2,0 0,0 2,0 0,0 0,0 0,0
M1 0,0 0,0 2,0 2,0 0,0 0,0 -2,0 0,0 -2,0 0,0 0,0 0,0
M1 0,0 0,0 -2,0 -2,0 0,0 0,0 2,0 0,0 2,0 0,0 0,0 0,0
M1 0,0 0,0 -2,0 -2,0 0,0 0,0 2,0 0,0 -2,0 0,0 0,0 0,0
M1 0,0 0,0 -2,0 -2,0 0,0 0,0 -2,0 0,0 2,0 0,0 0,0 0,0
M1 0,0 0,0 -2,0 -2,0 0,0 0,0 -2,0 0,0 -2,0 0,0 0,0 0,0
M1 0,0 0,0 2,0 2,0 0,0 0,0 0,0 2,0 0,0 2,0 0,0 0,0
M1 0,0 0,0 2,0 2,0 0,0 0,0 0,0 2,0 0,0 -2,0 0,0 0,0
M1 0,0 0,0 2,0 2,0 0,0 0,0 0,0 -2,0 0,0 2,0 0,0 0,0
M1 0,0 0,0 2,0 2,0 0,0 0,0 0,0 -2,0 0,0 -2,0 0,0 0,0
M1 0,0 0,0 -2,0 -2,0 0,0 0,0 0,0 2,0 0,0 2,0 0,0 0,0
M1 0,0 0,0 -2,0 -2,0 0,0 0,0 0,0 2,0 0,0 -2,0 0,0 0,0
M1 0,0 0,0 -2,0 -2,0 0,0 0,0 0,0 -2,0 0,0 2,0 0,0 0,0
M1 0,0 0,0 -2,0 -2,0 0,0 0,0 0,0 -2,0 0,0 -2,0 0,0 0,0
M1 0,0 0,0 -2,0 2,0 2,0 0,0 0,0 0,0 0,0 0,0 0,0 2,0
M1 0,0 0,0 -2,0 2,0 2,0 0,0 0,0 0,0 0,0 0,0 0,0 -2,0
M1 0,0 0,0 -2,0 2,0 -2,0 0,0 0,0 0,0 0,0 0,0 0,0 2,0
M1 0,0 0,0 -2,0 2,0 -2,0 0,0 0,0 0,0 0,0 0,0 0,0 -2,0
M1 0,0 0,0 2,0 -2,0 2,0 0,0 0,0 0,0 0,0 0,0 0,0 2,0
M1 0,0 0,0 2,0 -2,0 2,0 0,0 0,0 0,0 0,0 0,0 0,0 -2,0
M1 0,0 0,0 2,0 -2,0 -2,0 0,0 0,0 0,0 0,0 0,0 0,0 2,0
M1 0,0 0,0 2,0 -2,0 -2,0 0,0 0,0 0,0 0,0 0,0 0,0 -2,0
M1 0,0 0,0 -2,0 2,0 0,0 2,0 0,0 0,0 0,0 0,0 2,0 0,0
M1 0,0 0,0 -2,0 2,0 0,0 2,0 0,0 0,0 0,0 0,0 -2,0 0,0
M1 0,0 0,0 -2,0 2,0 0,0 -2,0 0,0 0,0 0,0 0,0 2,0 0,0
M1 0,0 0,0 -2,0 2,0 0,0 -2,0 0,0 0,0 0,0 0,0 -2,0 0,0
M1 0,0 0,0 2,0 -2,0 0,0 2,0 0,0 0,0 0,0 0,0 2,0 0,0
M1 0,0 0,0 2,0 -2,0 0,0 2,0 0,0 0,0 0,0 0,0 -2,0 0,0
M1 0,0 0,0 2,0 -2,0 0,0 -2,0 0,0 0,0 0,0 0,0 2,0 0,0
M1 0,0 0,0 2,0 -2,0 0,0 -2,0 0,0 0,0 0,0 0,0 -2,0 0,0
M1 0,0 0,0 -2,0 2,0 0,0 0,0 2,0 0,0 0,0 2,0 0,0 0,0
M1 0,0 0,0 -2,0 2,0 0,0 0,0 2,0 0,0 0,0 -2,0 0,0 0,0
M1 0,0 0,0 -2,0 2,0 0,0 0,0 -2,0 0,0 0,0 2,0 0,0 0,0
M1 0,0 0,0 -2,0 2,0 0,0 0,0 -2,0 0,0 0,0 -2,0 0,0 0,0
M1 0,0 0,0 2,0 -2,0 0,0 0,0 2,0 0,0 0,0 2,0 0,0 0,0
M1 0,0 0,0 2,0 -2,0 0,0 0,0 2,0 0,0 0,0 -2,0 0,0 0,0
M1 0,0 0,0 2,0 -2,0 0,0 0,0 -2,0 0,0 0,0 2,0 0,0 0,0
M1 0,0 0,0 2,0 -2,0 0,0 0,0 -2,0 0,0 0,0 -2,0 0,0 0,0
M1 0,0 0,0 -2,0 2,0 0,0 0,0 0,0 2,0 2,0 0,0 0,0 0,0
M1 0,0 0,0 -2,0 2,0 0,0 0,0 0,0 2,0 -2,0 0,0 0,0 0,0
M1 0,0 0,0 -2,0 2,0 0,0 0,0 0,0 -2,0 2,0 0,0 0,0 0,0
M1 0,0 0,0 -2,0 2,0 0,0 0,0 0,0 -2,0 -2,0 0,0 0,0 0,0
M1 0,0 0,0 2,0 -2,0 0,0 0,0 0,0 2,0 2,0 0,0 0,0 0,0
M1 0,0 0,0 2,0 -2,0 0,0 0,0 0,0 2,0 -2,0 0,0 0,0 0,0
M1 0,0 0,0 2,0 -2,0 0,0 0,0 0,0 -2,0 2,0 0,0 0,0 0,0
M1 0,0 0,0 2,0 -2,0 0,0 0,0 0,0 -2,0 -2,0 0,0 0,0 0,0
M1 0,0 2,0 0,0 2,0 1,0 1,0 1,0 1,0 1,0 1,0 1,0 1,0
M1 0,0 2,0 0,0 2,0 1,0 1,0 1,0 1,0 -1,0 -1,0 -1,0 -1,0
M1 0,0 2,0 0,0 2,0 -1,0 -1,0 -1,0 -1,0 1,0 1,0 1,0 1,0
M1 0,0 2,0 0,0 2,0 -1,0 -1,0 -1,0 -1,0 -1,0 -1,0 -1,0 -1,0
M1 0,0 -2,0 0,0 -2,0 1,0 1,0 1,0 1,0 1,0 1,0 1,0 1,0
M1 0,0 -2,0 0,0 -2,0 1,0 1,0 1,0 1,0 -1,0 -1,0 -1,0 -1,0
M1 0,0 -2,0 0,0 -2,0 -1,0 -1,0 -1,0 -1,0 1,0 1,0 1,0 1,0
M1 0,0 -2,0 0,0 -2,0 -1,0 -1,0 -1,0 -1,0 -1,0 -1,0 -1,0 -1,0
M1 0,0 2,0 0,0 2,0 -1,0 1,0 1,0 -1,0 -1,0 1,0 1,0 -1,0
M1 0,0 2,0 0,0 2,0 -1,0 1,0 1,0 -1,0 1,0 -1,0 -1,0 1,0
M1 0,0 2,0 0,0 2,0 1,0 -1,0 -1,0 1,0 -1,0 1,0 1,0 -1,0
M1 0,0 2,0 0,0 2,0 1,0 -1,0 -1,0 1,0 1,0 -1,0 -1,0 1,0
M1 0,0 -2,0 0,0 -2,0 -1,0 1,0 1,0 -1,0 -1,0 1,0 1,0 -1,0
M1 0,0 -2,0 0,0 -2,0 -1,0 1,0 1,0 -1,0 1,0 -1,0 -1,0 1,0
M1 0,0 -2,0 0,0 -2,0 1,0 -1,0 -1,0 1,0 -1,0 1,0 1,0 -1,0
M1 0,0 -2,0 0,0 -2,0 1,0 -1,0 -1,0 1,0 1,0 -1,0 -1,0 1,0
M1 0,0 2,0 0,0 2,0 -1,0 -1,0 1,0 1,0 -1,0 -1,0 1,0 1,0
M1 0,0 2,0 0,0 2,0 -1,0 -1,0 1,0 1,0 1,0 1,0 -1,0 -1,0
M1 0,0 2,0 0,0 2,0 1,0 1,0 -1,0 -1,0 -1,0 -1,0 1,0 1,0
M1 0,0 2,0 0,0 2,0 1,0 1,0 -1,0 -1,0 1,0 1,0 -1,0 -1,0
M1 0,0 -2,0 0,0 -2,0 -1,0 -1,0 1,0 1,0 -1,0 -1,0 1,0 1,0
M1 0,0 -2,0 0,0 -2,0 -1,0 -1,0 1,0 1,0 1,0 1,0 -1,0 -1,0
M1 0,0 -2,0 0,0 -2,0 1,0 1,0 -1,0 -1,0 -1,0 -1,0 1,0 1,0
M1 0,0 -2,0 0,0 -2,0 1,0 1,0 -1,0 -1,0 1,0 1,0 -1,0 -1,0
M1 0,0 2,0 0,0 2,0 -1,0 1,0 -1,0 1,0 -1,0 1,0 -1,0 1,0
M1 0,0 2,0 0,0 2,0 -1,0 1,0 -1,0 1,0 1,0 -1,0 1,0 -1,0
M1 0,0 2,0 0,0 2,0 1,0 -1,0 1,0 -1,0 -1,0 1,0 -1,0 1,0
M1 0,0 2,0 0,0 2,0 1,0 -1,0 1,0 -1,0 1,0 -1,0 1,0 -1,0
M1 0,0 -2,0 0,0 -2,0 -1,0 1,0 -1,0 1,0 -1,0 1,0 -1,0 1,0
M1 0,0 -2,0 0,0 -2,0 -1,0 1,0 -1,0 1,0 1,0 -1,0 1,0 -1,0
M1 0,0 -2,0 0,0 -2,0 1,0 -1,0 1,0 -1,0 -1,0 1,0 -1,0 1,0
M1 0,0 -2,0 0,0 -2,0 1,0 -1,0 1,0 -1,0 1,0 -1,0 1,0 -1,0
M1 -2,0 0,0 2,0 0,0 1,0 1,0 1,0 1,0 -1,0 1,0 1,0 -1,0
M1 -2,0 0,0 2,0 0,0 1,0 1,0 1,0 1,0 1,0 -1,0 -1,0 1,0
M1 -2,0 0,0 2,0 0,0 -1,0 -1,0 -1,0 -1,0 -1,0 1,0 1,0 -1,0
M1 -2,0 0,0 2,0 0,0 -1,0 -1,0 -1,0 -1,0 1,0 -1,0 -1,0 1,0
M1 2,0 0,0 -2,0 0,0 1,0 1,0 1,0 1,0 -1,0 1,0 1,0 -1,0
M1 2,0 0,0 -2,0 0,0 1,0 1,0 1,0 1,0 1,0 -1,0 -1,0 1,0
M1 2,0 0,0 -2,0 0,0 -1,0 -1,0 -1,0 -1,0 -1,0 1,0 1,0 -1,0
M1 2,0 0,0 -2,0 0,0 -1,0 -1,0 -1,0 -1,0 1,0 -1,0 -1,0 1,0
M1 -2,0 0,0 2,0 0,0 -1,0 1,0 1,0 -1,0 1,0 1,0 1,0 1,0
M1 -2,0 0,0 2,0 0,0 -1,0 1,0 1,0 -1,0 -1,0 -1,0 -1,0 -1,0
M1 -2,0 0,0 2,0 0,0 1,0 -1,0 -1,0 1,0 1,0 1,0 1,0 1,0
M1 -2,0 0,0 2,0 0,0 1,0 -1,0 -1,0 1,0 -1,0 -1,0 -1,0 -1,0
M1 2,0 0,0 -2,0 0,0 -1,0 1,0 1,0 -1,0 1,0 1,0 1,0 1,0
M1 2,0 0,0 -2,0 0,0 -1,0 1,0 1,0 -1,0 -1,0 -1,0 -1,0 -1,0
M1 2,0 0,0 -2,0 0,0 1,0 -1,0 -1,0 1,0 1,0 1,0 1,0 1,0
M1 2,0 0,0 -2,0 0,0 1,0 -1,0 -1,0 1,0 -1,0 -1,0 -1,0 -1,0
M1 -2,0 0,0 2,0 0,0 -1,0 -1,0 1,0 1,0 -1,0 1,0 -1,0 1,0
M1 -2,0 0,0 2,0 0,0 -1,0 -1,0 1,0 1,0 1,0 -1,0 1,0 -1,0
M1 -2,0 0,0 2,0 0,0 1,0 1,0 -1,0 -1,0 -1,0 1,0 -1,0 1,0
M1 -2,0 0,0 2,0 0,0 1,0 1,0 -1,0 -1,0 1,0 -1,0 1,0 -1,0
M1 2,0 0,0 -2,0 0,0 -1,0 -1,0 1,0 1,0 -1,0 1,0 -1,0 1,0
M1 2,0 0,0 -2,0 0,0 -1,0 -1,0 1,0 1,0 1,0 -1,0 1,0 -1,0
M1 2,0 0,0 -2,0 0,0 1,0 1,0 -1,0 -1,0 -1,0 1,0 -1,0 1,0
M1 2,0 0,0 -2,0 0,0 1,0 1,0 -1,0 -1,0 1,0 -1,0 1,0 -1,0
M1 -2,0 0,0 2,0 0,0 -1,0 1,0 -1,0 1,0 -1,0 -1,0 1,0 1,0
M1 -2,0 0,0 2,0 0,0 -1,0 1,0 -1,0 1,0 1,0 1,0 -1,0 -1,0
M1 -2,0 0,0 2,0 0,0 1,0 -1,0 1,0 -1,0 -1,0 -1,0 1,0 1,0
M1 -2,0 0,0 2,0 0,0 1,0 -1,0 1,0 -1,0 1,0 1,0 -1,0 -1,0
M1 2,0 0,0 -2,0 0,0 -1,0 1,0 -1,0 1,0 -1,0 -1,0 1,0 1,0
M1 2,0 0,0 -2,0 0,0 -1,0 1,0 -1,0 1,0 1,0 1,0 -1,0 -1,0
M1 2,0 0,0 -2,0 0,0 1,0 -1,0 1,0 -1,0 -1,0 -1,0 1,0 1,0
M1 2,0 0,0 -2,0 0,0 1,0 -1,0 1,0 -1,0 1,0 1,0 -1,0 -1,0
M1 0,0 -2,0 0,0 2,0 1,0 1,0 1,0 1,0 -1,0 -1,0 1,0 1,0
M1 0,0 -2,0 0,0 2,0 1,0 1,0 1,0 1,0 1,0 1,0 -1,0 -1,0
M1 0,0 -2,0 0,0 2,0 -1,0 -1,0 -1,0 -1,0 -1,0 -1,0 1,0 1,0
M1 0,0 -2,0 0,0 2,0 -1,0 -1,0 -1,0 -1,0 1,0 1,0 -1,0 -1,0
M1 0,0 2,0 0,0 -2,0 1,0 1,0 1,0 1,0 -1,0 -1,0 1,0 1,0
M1 0,0 2,0 0,0 -2,0 1,0 1,0 1,0 1,0 1,0 1,0 -1,0 -1,0
M1 0,0 2,0 0,0 -2,0 -1,0 -1,0 -1,0 -1,0 -1,0 -1,0 1,0 1,0
M1 0,0 2,0 0,0 -2,0 -1,0 -1,0 -1,0 -1,0 1,0 1,0 -1,0 -1,0
M1 0,0 -2,0 0,0 2,0 -1,0 1,0 1,0 -1,0 -1,0 1,0 -1,0 1,0
M1 0,0 -2,0 0,0 2,0 -1,0 1,0 1,0 -1,0 1,0 -1,0 1,0 -1,0
M1 0,0 -2,0 0,0 2,0 1,0 -1,0 -1,0 1,0 -1,0 1,0 -1,0 1,0
M1 0,0 -2,0 0,0 2,0 1,0 -1,0 -1,0 1,0 1,0 -1,0 1,0 -1,0
M1 0,0 2,0 0,0 -2,0 -1,0 1,0 1,0 -1,0 -1,0 1,0 -1,0 1,0
M1 0,0 2,0 0,0 -2,0 -1,0 1,0 1,0 -1,0 1,0 -1,0 1,0 -1,0
M1 0,0 2,0 0,0 -2,0 1,0 -1,0 -1,0 1,0 -1,0 1,0 -1,0 1,0
M1 0,0 2,0 0,0 -2,0 1,0 -1,0 -1,0 1,0 1,0 -1,0 1,0 -1,0
M1 0,0 -2,0 0,0 2,0 -1,0 -1,0 1,0 1,0 1,0 1,0 1,0 1,0
M1 0,0 -2,0 0,0 2,0 -1,0 -1,0 1,0 1,0 -1,0 -1,0 -1,0 -1,0
M1 0,0 -2,0 0,0 2,0 1,0 1,0 -1,0 -1,0 1,0 1,0 1,0 1,0
M1 0,0 -2,0 0,0 2,0 1,0 1,0 -1,0 -1,0 -1,0 -1,0 -1,0 -1,0
M1 0,0 2,0 0,0 -2,0 -1,0 -1,0 1,0 1,0 1,0 1,0 1,0 1,0
M1 0,0 2,0 0,0 -2,0 -1,0 -1,0 1,0 1,0 -1,0 -1,0 -1,0 -1,0
M1 0,0 2,0 0,0 -2,0 1,0 1,0 -1,0 -1,0 1,0 1,0 1,0 1,0
M1 0,0 2,0 0,0 -2,0 1,0 1,0 -1,0 -1,0 -1,0 -1,0 -1,0 -1,0
M1 0,0 -2,0 0,0 2,0 -1,0 1,0 -1,0 1,0 -1,0 1,0 1,0 -1,0
M1 0,0 -2,0 0,0 2,0 -1,0 1,0 -1,0 1,0 1,0 -1,0 -1,0 1,0
M1 0,0 -2,0 0,0 2,0 1,0 -1,0 1,0 -1,0 -1,0 1,0 1,0 -1,0
M1 0,0 -2,0 0,0 2,0 1,0 -1,0 1,0 -1,0 1,0 -1,0 -1,0 1,0
M1 0,0 2,0 0,0 -2,0 -1,0 1,0 -1,0 1,0 -1,0 1,0 1,0 -1,0
M1 0,0 2,0 0,0 -2,0 -1,0 1,0 -1,0 1,0 1,0 -1,0 -1,0 1,0
M1 0,0 2,0 0,0 -2,0 1,0 -1,0 1,0 -1,0 -1,0 1,0 1,0 -1,0
M1 0,0 2,0 0,0 -2,0 1,0 -1,0 1,0 -1,0 1,0 -1,0 -1,0 1,0
M1 -2,0 0,0 -2,0 0,0 1,0 1,0 1,0 1,0 -1,0 1,0 -1,0 1,0
M1 -2,0 0,0 -2,0 0,0 1,0 1,0 1,0 1,0 1,0 -1,0 1,0 -1,0
M1 -2,0 0,0 -2,0 0,0 -1,0 -1,0 -1,0 -1,0 -1,0 1,0 -1,0 1,0
M1 -2,0 0,0 -2,0 0,0 -1,0 -1,0 -1,0 -1,0 1,0 -1,0 1,0 -1,0
M1 2,0 0,0 2,0 0,0 1,0 1,0 1,0 1,0 -1,0 1,0 -1,0 1,0
M1 2,0 0,0 2,0 0,0 1,0 1,0 1,0 1,0 1,0 -1,0 1,0 -1,0
M1 2,0 0,0 2,0 0,0 -1,0 -1,0 -1,0 -1,0 -1,0 1,0 -1,0 1,0
M1 2,0 0,0 2,0 0,0 -1,0 -1,0 -1,0 -1,0 1,0 -1,0 1,0 -1,0
M1 -2,0 0,0 -2,0 0,0 -1,0 1,0 1,0 -1,0 -1,0 -1,0 1,0 1,0
M1 -2,0 0,0 -2,0 0,0 -1,0 1,0 1,0 -1,0 1,0 1,0 -1,0 -1,0
M1 -2,0 0,0 -2,0 0,0 1,0 -1,0 -1,0 1,0 -1,0 -1,0 1,0 1,0
M1 -2,0 0,0 -2,0 0,0 1,0 -1,0 -1,0 1,0 1,0 1,0 -1,0 -1,0
M1 2,0 0,0 2,0 0,0 -1,0 1,0 1,0 -1,0 -1,0 -1,0 1,0 1,0
M1 2,0 0,0 2,0 0,0 -1,0 1,0 1,0 -1,0 1,0 1,0 -1,0 -1,0
M1 2,0 0,0 2,0 0,0 1,0 -1,0 -1,0 1,0 -1,0 -1,0 1,0 1,0
M1 2,0 0,0 2,0 0,0 1,0 -1,0 -1,0 1,0 1,0 1,0 -1,0 -1,0
M1 -2,0 0,0 -2,0 0,0 -1,0 -1,0 1,0 1,0 -1,0 1,0 1,0 -1,0
M1 -2,0 0,0 -2,0 0,0 -1,0 -1,0 1,0 1,0 1,0 -1,0 -1,0 1,0
M1 -2,0 0,0 -2,0 0,0 1,0 1,0 -1,0 -1,0 -1,0 1,0 1,0 -1,0
M1 -2,0 0,0 -2,0 0,0 1,0 1,0 -1,0 -1,0 1,0 -1,0 -1,0 1,0
M1 2,0 0,0 2,0 0,0 -1,0 -1,0 1,0 1,0 -1,0 1,0 1,0 -1,0
M1 2,0 0,0 2,0 0,0 -1,0 -1,0 1,0 1,0 1,0 -1,0 -1,0 1,0
M1 2,0 0,0 2,0 0,0 1,0 1,0 -1,0 -1,0 -1,0 1,0 1,0 -1,0
M1 2,0 0,0 2,0 0,0 1,0 1,0 -1,0 -1,0 1,0 -1,0 -1,0 1,0
M1 -2,0 0,0 -2,0 0,0 -1,0 1,0 -1,0 1,0 1,0 1,0 1,0 1,0
M1 -2,0 0,0 -2,0 0,0 -1,0 1,0 -1,0 1,0 -1,0 -1,0 -1,0 -1,0
M1 -2,0 0,0 -2,0 0,0 1,0 -1,0 1,0 -1,0 1,0 1,0 1,0 1,0
M1 -2,0 0,0 -2,0 0,0 1,0 -1,0 1,0 -1,0 -1,0 -1,0 -1,0 -1,0
M1 2,0 0,0 2,0 0,0 -1,0 1,0 -1,0 1,0 1,0 1,0 1,0 1,0
M1 2,0 0,0 2,0 0,0 -1,0 1,0 -1,0 1,0 -1,0 -1,0 -1,0 -1,0
M1 2,0 0,0 2,0 0,0 1,0 -1,0 1,0 -1,0 1,0 1,0 1,0 1,0
M1 2,0 0,0 2,0 0,0 1,0 -1,0 1,0 -1,0 -1,0 -1,0 -1,0 -1,0
M1 -2,0 0,0 0,0 2,0 -1,0 1,0 1,0 1,0 -1,0 1,0 1,0 1,0
M1 -2,0 0,0 0,0 2,0 -1,0 1,0 1,0 1,0 1,0 -1,0 -1,0 -1,0
M1 -2,0 0,0 0,0 2,0 1,0 -1,0 -1,0 -1,0 -1,0 1,0 1,0 1,0
M1 -2,0 0,0 0,0 2,0 1,0 -1,0 -1,0 -1,0 1,0 -1,0 -1,0 -1,0
M1 2,0 0,0 0,0 -2,0 -1,0 1,0 1,0 1,0 -1,0 1,0 1,0 1,0
M1 2,0 0,0 0,0 -2,0 -1,0 1,0 1,0 1,0 1,0 -1,0 -1,0 -1,0
M1 2,0 0,0 0,0 -2,0 1,0 -1,0 -1,0 -1,0 -1,0 1,0 1,0 1,0
M1 2,0 0,0 0,0 -2,0 1,0 -1,0 -1,0 -1,0 1,0 -1,0 -1,0 -1,0
M1 -2,0 0,0 0,0 2,0 -1,0 -1,0 1,0 -1,0 -1,0 -1,0 1,0 -1,0
M1 -2,0 0,0 0,0 2,0 -1,0 -1,0 1,0 -1,0 1,0 1,0 -1,0 1,0
M1 -2,0 0,0 0,0 2,0 1,0 1,0 -1,0 1,0 -1,0 -1,0 1,0 -1,0
M1 -2,0 0,0 0,0 2,0 1,0 1,0 -1,0 1,0 1,0 1,0 -1,0 1,0
M1 2,0 0,0 0,0 -2,0 -1,0 -1,0 1,0 -1,0 -1,0 -1,0 1,0 -1,0
M1 2,0 0,0 0,0 -2,0 -1,0 -1,0 1,0 -1,0 1,0 1,0 -1,0 1,0
M1 2,0 0,0 0,0 -2,0 1,0 1,0 -1,0 1,0 -1,0 -1,0 1,0 -1,0
M1 2,0 0,0 0,0 -2,0 1,0 1,0 -1,0 1,0 1,0 1,0 -1,0 1,0
M1 -2,0 0,0 0,0 2,0 -1,0 -1,0 -1,0 1,0 -1,0 -1,0 -1,0 1,0
M1 -2,0 0,0 0,0 2,0 -1,0 -1,0 -1,0 1,0 1,0 1,0 1,0 -1,0
M1 -2,0 0,0 0,0 2,0 1,0 1,0 1,0 -1,0 -1,0 -1,0 -1,0 1,0
M1 -2,0 0,0 0,0 2,0 1,0 1,0 1,0 -1,0 1,0 1,0 1,0 -1,0
M1 2,0 0,0 0,0 -2,0 -1,0 -1,0 -1,0 1,0 -1,0 -1,0 -1,0 1,0
M1 2,0 0,0 0,0 -2,0 -1,0 -1,0 -1,0 1,0 1,0 1,0 1,0 -1,0
M1 2,0 0,0 0,0 -2,0 1,0 1,0 1,0 -1,0 -1,0 -1,0 -1,0 1,0
M1 2,0 0,0 0,0 -2,0 1,0 1,0 1,0 -1,0 1,0 1,0 1,0 -1,0
M1 -2,0 0,0 0,0 2,0 -1,0 1,0 -1,0 -1,0 -1,0 1,0 -1,0 -1,0
M1 -2,0 0,0 0,0 2,0 -1,0 1,0 -1,0 -1,0 1,0 -1,0 1,0 1,0
M1 -2,0 0,0 0,0 2,0 1,0 -1,0 1,0 1,0 -1,0 1,0 -1,0 -1,0
M1 -2,0 0,0 0,0 2,0 1,0 -1,0 1,0 1,0 1,0 -1,0 1,0 1,0
M1 2,0 0,0 0,0 -2,0 -1,0 1,0 -1,0 -1,0 -1,0 1,0 -1,0 -1,0
M1 2,0 0,0 0,0 -2,0 -1,0 1,0 -1,0 -1,0 1,0 -1,0 1,0 1,0
M1 2,0 0,0 0,0 -2,0 1,0 -1,0 1,0 1,0 -1,0 1,0 -1,0 -1,0
M1 2,0 0,0 0,0 -2,0 1,0 -1,0 1,0 1,0 1,0 -1,0 1,0 1,0
M1 0,0 -2,0 2,0 0,0 -1,0 1,0 1,0 1,0 -1,0 -1,0 1,0 -1,0
M1 0,0 -2,0 2,0 0,0 -1,0 1,0 1,0 1,0 1,0 1,0 -1,0 1,0
M1 0,0 -2,0 2,0 0,0 1,0 -1,0 -1,0 -1,0 -1,0 -1,0 1,0 -1,0
M1 0,0 -2,0 2,0 0,0 1,0 -1,0 -1,0 -1,0 1,0 1,0 -1,0 1,0
M1 0,0 2,0 -2,0 0,0 -1,0 1,0 1,0 1,0 -1,0 -1,0 1,0 -1,0
M1 0,0 2,0 -2,0 0,0 -1,0 1,0 1,0 1,0 1,0 1,0 -1,0 1,0
M1 0,0 2,0 -2,0 0,0 1,0 -1,0 -1,0 -1,0 -1,0 -1,0 1,0 -1,0
M1 0,0 2,0 -2,0 0,0 1,0 -1,0 -1,0 -1,0 1,0 1,0 -1,0 1,0
M1 0,0 -2,0 2,0 0,0 -1,0 -1,0 1,0 -1,0 -1,0 1,0 1,0 1,0
M1 0,0 -2,0 2,0 0,0 -1,0 -1,0 1,0 -1,0 1,0 -1,0 -1,0 -1,0
M1 0,0 -2,0 2,0 0,0 1,0 1,0 -1,0 1,0 -1,0 1,0 1,0 1,0
M1 0,0 -2,0 2,0 0,0 1,0 1,0 -1,0 1,0 1,0 -1,0 -1,0 -1,0
M1 0,0 2,0 -2,0 0,0 -1,0 -1,0 1,0 -1,0 -1,0 1,0 1,0 1,0
M1 0,0 2,0 -2,0 0,0 -1,0 -1,0 1,0 -1,0 1,0 -1,0 -1,0 -1,0
M1 0,0 2,0 -2,0 0,0 1,0 1,0 -1,0 1,0 -1,0 1,0 1,0 1,0
M1 0,0 2,0 -2,0 0,0 1,0 1,0 -1,0 1,0 1,0 -1,0 -1,0 -1,0
M1 0,0 -2,0 2,0 0,0 -1,0 -1,0 -1,0 1,0 -1,0 1,0 -1,0 -1,0
M1 0,0 -2,0 2,0 0,0 -1,0 -1,0 -1,0 1,0 1,0 -1,0 1,0 1,0
M1 0,0 -2,0 2,0 0,0 1,0 1,0 1,0 -1,0 -1,0 1,0 -1,0 -1,0
M1 0,0 -2,0 2,0 0,0 1,0 1,0 1,0 -1,0 1,0 -1,0 1,0 1,0
M1 0,0 2,0 -2,0 0,0 -1,0 -1,0 -1,0 1,0 -1,0 1,0 -1,0 -1,0
M1 0,0 2,0 -2,0 0,0 -1,0 -1,0 -1,0 1,0 1,0 -1,0 1,0 1,0
M1 0,0 2,0 -2,0 0,0 1,0 1,0 1,0 -1,0 -1,0 1,0 -1,0 -1,0
M1 0,0 2,0 -2,0 0,0 1,0 1,0 1,0 -1,0 1,0 -1,0 1,0 1,0
M1 0,0 -2,0 2,0 0,0 -1,0 1,0 -1,0 -1,0 -1,0 -1,0 -1,0 1,0
M1 0,0 -2,0 2,0 0,0 -1,0 1,0 -1,0 -1,0 1,0 1,0 1,0 -1,0
M1 0,0 -2,0 2,0 0,0 1,0 -1,0 1,0 1,0 -1,0 -1,0 -1,0 1,0
M1 0,0 -2,0 2,0 0,0 1,0 -1,0 1,0 1,0 1,0 1,0 1,0 -1,0
M1 0,0 2,0 -2,0 0,0 -1,0 1,0 -1,0 -1,0 -1,0 -1,0 -1,0 1,0
M1 0,0 2,0 -2,0 0,0 -1,0 1,0 -1,0 -1,0 1,0 1,0 1,0 -1,0
M1 0,0 2,0 -2,0 0,0 1,0 -1,0 1,0 1,0 -1,0 -1,0 -1,0 1,0
M1 0,0 2,0 -2,0 0,0 1,0 -1,0 1,0 1,0 1,0 1,0 1,0 -1,0
M1 0,0 -2,0 -2,0 0,0 -1,0 1,0 1,0 1,0 -1,0 -1,0 -1,0 1,0
M1 0,0 -2,0 -2,0 0,0 -1,0 1,0 1,0 1,0 1,0 1,0 1,0 -1,0
M1 0,0 -2,0 -2,0 0,0 1,0 -1,0 -1,0 -1,0 -1,0 -1,0 -1,0 1,0
M1 0,0 -2,0 -2,0 0,0 1,0 -1,0 -1,0 -1,0 1,0 1,0 1,0 -1,0
M1 0,0 2,0 2,0 0,0 -1,0 1,0 1,0 1,0 -1,0 -1,0 -1,0 1,0
M1 0,0 2,0 2,0 0,0 -1,0 1,0 1,0 1,0 1,0 1,0 1,0 -1,0
M1 0,0 2,0 2,0 0,0 1,0 -1,0 -1,0 -1,0 -1,0 -1,0 -1,0 1,0
M1 0,0 2,0 2,0 0,0 1,0 -1,0 -1,0 -1,0 1,0 1,0 1,0 -1,0
M1 0,0 -2,0 -2,0 0,0 -1,0 -1,0 1,0 -1,0 -1,0 1,0 -1,0 -1,0
M1 0,0 -2,0 -2,0 0,0 -1,0 -1,0 1,0 -1,0 1,0 -1,0 1,0 1,0
M1 0,0 -2,0 -2,0 0,0 1,0 1,0 -1,0 1,0 -1,0 1,0 -1,0 -1,0
M1 0,0 -2,0 -2,0 0,0 1,0 1,0 -1,0 1,0 1,0 -1,0 1,0 1,0
M1 0,0 2,0 2,0 0,0 -1,0 -1,0 1,0 -1,0 -1,0 1,0 -1,0 -1,0
M1 0,0 2,0 2,0 0,0 -1,0 -1,0 1,0 -1,0 1,0 -1,0 1,0 1,0
M1 0,0 2,0 2,0 0,0 1,0 1,0 -1,0 1,0 -1,0 1,0 -1,0 -1,0
M1 0,0 2,0 2,0 0,0 1,0 1,0 -1,0 1,0 1,0 -1,0 1,0 1,0
M1 0,0 -2,0 -2,0 0,0 -1,0 -1,0 -1,0 1,0 -1,0 1,0 1,0 1,0
M1 0,0 -2,0 -2,0 0,0 -1,0 -1,0 -1,0 1,0 1,0 -1,0 -1,0 -1,0
M1 0,0 -2,0 -2,0 0,0 1,0 1,0 1,0 -1,0 -1,0 1,0 1,0 1,0
M1 0,0 -2,0 -2,0 0,0 1,0 1,0 1,0 -1,0 1,0 -1,0 -1,0 -1,0
M1 0,0 2,0 2,0 0,0 -1,0 -1,0 -1,0 1,0 -1,0 1,0 1,0 1,0
M1 0,0 2,0 2,0 0,0 -1,0 -1,0 -1,0 1,0 1,0 -1,0 -1,0 -1,0
M1 0,0 2,0 2,0 0,0 1,0 1,0 1,0 -1,0 -1,0 1,0 1,0 1,0
M1 0,0 2,0 2,0 0,0 1,0 1,0 1,0 -1,0 1,0 -1,0 -1,0 -1,0
M1 0,0 -2,0 -2,0 0,0 -1,0 1,0 -1,0 -1,0 -1,0 -1,0 1,0 -1,0
M1 0,0 -2,0 -2,0 0,0 -1,0 1,0 -1,0 -1,0 1,0 1,0 -1,0 1,0
M1 0,0 -2,0 -2,0 0,0 1,0 -1,0 1,0 1,0 -1,0 -1,0 1,0 -1,0
M1 0,0 -2,0 -2,0 0,0 1,0 -1,0 1,0 1,0 1,0 1,0 -1,0 1,0
M1 0,0 2,0 2,0 0,0 -1,0 1,0 -1,0 -1,0 -1,0 -1,0 1,0 -1,0
M1 0,0 2,0 2,0 0,0 -1,0 1,0 -1,0 -1,0 1,0 1,0 -1,0 1,0
M1 0,0 2,0 2,0 0,0 1,0 -1,0 1,0 1,0 -1,0 -1,0 1,0 -1,0
M1 0,0 2,0 2,0 0,0 1,0 -1,0 1,0 1,0 1,0 1,0 -1,0 1,0
M1 -2,0 0,0 0,0 -2,0 -1,0 1,0 1,0 1,0 -1,0 1,0 -1,0 -1,0
M1 -2,0 0,0 0,0 -2,0 -1,0 1,0 1,0 1,0 1,0 -1,0 1,0 1,0
M1 -2,0 0,0 0,0 -2,0 1,0 -1,0 -1,0 -1,0 -1,0 1,0 -1,0 -1,0
M1 -2,0 0,0 0,0 -2,0 1,0 -1,0 -1,0 -1,0 1,0 -1,0 1,0 1,0
M1 2,0 0,0 0,0 2,0 -1,0 1,0 1,0 1,0 -1,0 1,0 -1,0 -1,0
M1 2,0 0,0 0,0 2,0 -1,0 1,0 1,0 1,0 1,0 -1,0 1,0 1,0
M1 2,0 0,0 0,0 2,0 1,0 -1,0 -1,0 -1,0 -1,0 1,0 -1,0 -1,0
M1 2,0 0,0 0,0 2,0 1,0 -1,0 -1,0 -1,0 1,0 -1,0 1,0 1,0
M1 -2,0 0,0 0,0 -2,0 -1,0 -1,0 1,0 -1,0 -1,0 -1,0 -1,0 1,0
M1 -2,0 0,0 0,0 -2,0 -1,0 -1,0 1,0 -1,0 1,0 1,0 1,0 -1,0
M1 -2,0 0,0 0,0 -2,0 1,0 1,0 -1,0 1,0 -1,0 -1,0 -1,0 1,0
M1 -2,0 0,0 0,0 -2,0 1,0 1,0 -1,0 1,0 1,0 1,0 1,0 -1,0
M1 2,0 0,0 0,0 2,0 -1,0 -1,0 1,0 -1,0 -1,0 -1,0 -1,0 1,0
M1 2,0 0,0 0,0 2,0 -1,0 -1,0 1,0 -1,0 1,0 1,0 1,0 -1,0
M1 2,0 0,0 0,0 2,0 1,0 1,0 -1,0 1,0 -1,0 -1,0 -1,0 1,0
M1 2,0 0,0 0,0 2,0 1,0 1,0 -1,0 1,0 1,0 1,0 1,0 -1,0
M1 -2,0 0,0 0,0 -2,0 -1,0 -1,0 -1,0 1,0 -1,0 -1,0 1,0 -1,0
M1 -2,0 0,0 0,0 -2,0 -1,0 -1,0 -1,0 1,0 1,0 1,0 -1,0 1,0
M1 -2,0 0,0 0,0 -2,0 1,0 1,0 1,0 -1,0 -1,0 -1,0 1,0 -1,0
M1 -2,0 0,0 0,0 -2,0 1,0 1,0 1,0 -1,0 1,0 1,0 -1,0 1,0
M1 2,0 0,0 0,0 2,0 -1,0 -1,0 -1,0 1,0 -1,0 -1,0 1,0 -1,0
M1 2,0 0,0 0,0 2,0 -1,0 -1,0 -1,0 1,0 1,0 1,0 -1,0 1,0
M1 2,0 0,0 0,0 2,0 1,0 1,0 1,0 -1,0 -1,0 -1,0 1,0 -1,0
M1 2,0 0,0 0,0 2,0 1,0 1,0 1,0 -1,0 1,0 1,0 -1,0 1,0
M1 -2,0 0,0 0,0 -2,0 -1,0 1,0 -1,0 -1,0 -1,0 1,0 1,0 1,0
M1 -2,0 0,0 0,0 -2,0 -1,0 1,0 -1,0 -1,0 1,0 -1,0 -1,0 -1,0
M1 -2,0 0,0 0,0 -2,0 1,0 -1,0 1,0 1,0 -1,0 1,0 1,0 1,0
M1 -2,0 0,0 0,0 -2,0 1,0 -1,0 1,0 1,0 1,0 -1,0 -1,0 -1,0
M1 2,0 0,0 0,0 2,0 -1,0 1,0 -1,0 -1,0 -1,0 1,0 1,0 1,0
M1 2,0 0,0 0,0 2,0 -1,0 1,0 -1,0 -1,0 1,0 -1,0 -1,0 -1,0
M1 2,0 0,0 0,0 2,0 1,0 -1,0 1,0 1,0 -1,0 1,0 1,0 1,0
M1 2,0 0,0 0,0 2,0 1,0 -1,0 1,0 1,0 1,0 -1,0 -1,0 -1,0
M2 2,0 0,0 0,0 0,0 2,0 2,0 0,0 0,0 0,0 0,0 0,1 0,1
M2 2,0 0,0 0,0 0,0 2,0 2,0 0,0 0,0 0,0 0,0 0,-1 0,-1
M2 2,0 0,0 0,0 0,0 -2,0 -2,0 0,0 0,0 0,0 0,0 0,1 0,1
M2 2,0 0,0 0,0 0,0 -2,0 -2,0 0,0 0,0 0,0 0,0 0,-1 0,-1
M2 -2,0 0,0 0,0 0,0 2,0 2,0 0,0 0,0 0,0 0,0 0,1 0,1
M2 -2,0 0,0 0,0 0,0 2,0 2,0 0,0 0,0 0,0 0,0 0,-1 0,-1
M2 -2,0 0,0 0,0 0,0 -2,0 -2,0 0,0 0,0 0,0 0,0 0,1 0,1
M2 -2,0 0,0 0,0 0,0 -2,0 -2,0 0,0 0,0 0,0 0,0 0,-1 0,-1
M2 2,0 0,0 0,0 0,0 -2,0 2,0 0,0 0,0 0,0 0,0 0,-1 0,1
M2 2,0 0,0 0,0 0,0 -2,0 2,0 0,0 0,0 0,0 0,0 0,1 0,-1
M2 2,0 0,0 0,0 0,0 2,0 -2,0 0,0 0,0 0,0 0,0 0,-1 0,1
M2 2,0 0,0 0,0 0,0 2,0 -2,0 0,0 0,0 0,0 0,0 0,1 0,-1
M2 -2,0 0,0 0,0 0,0 -2,0 2,0 0,0 0,0 0,0 0,0 0,-1 0,1
M2 -2,0 0,0 0,0 0,0 -2,0 2,0 0,0 0,0 0,0 0,0 0,1 0,-1
M2 -2,0 0,0 0,0 0,0 2,0 -2,0 0,0 0,0 0,0 0,0 0,-1 0,1
M2 -2,0 0,0 0,0 0,0 2,0 -2,0 0,0 0,0 0,0 0,0 0,1 0,-1
M2 2,0 0,0 0,0 0,0 0,0 0,0 2,0 2,0 0,1 0,1 0,0 0,0
M2 2,0 0,0 0,0 0,0 0,0 0,0 2,0 2,0 0,-1 0,-1 0,0 0,0
M2 2,0 0,0 0,0 0,0 0,0 0,0 -2,0 -2,0 0,1 0,1 0,0 0,0
M2 2,0 0,0 0,0 0,0 0,0 0,0 -2,0 -2,0 0,-1 0,-1 0,0 0,0
M2 -2,0 0,0 0,0 0,0 0,0 0,0 2,0 2,0 0,1 0,1 0,0 0,0
M2 -2,0 0,0 0,0 0,0 0,0 0,0 2,0 2,0 0,-1 0,-1 0,0 0,0
M2 -2,0 0,0 0,0 0,0 0,0 0,0 -2,0 -2,0 0,1 0,1 0,0 0,0
M2 -2,0 0,0 0,0 0,0 0,0 0,0 -2,0 -2,0 0,-1 0,-1 0,0 0,0
M2 2,0 0,0 0,0 0,0 0,0 0,0 -2,0 2,0 0,-1 0,1 0,0 0,0
M2 2,0 0,0 0,0 0,0 0,0 0,0 -2,0 2,0 0,1 0,-1 0,0 0,0
M2 2,0 0,0 0,0 0,0 0,0 0,0 2,0 -2,0 0,-1 0,1 0,0 0,0
M2 2,0 0,0 0,0 0,0 0,0 0,0 2,0 -2,0 0,1 0,-1 0,0 0,0
M2 -2,0 0,0 0,0 0,0 0,0 0,0 -2,0 2,0 0,-1 0,1 0,0 0,0
M2 -2,0 0,0 0,0 0,0 0,0 0,0 -2,0 2,0 0,1 0,-1 0,0 0,0
M2 -2,0 0,0 0,0 0,0 0,0 0,0 2,0 -2,0 0,-1 0,1 0,0 0,0
M2 -2,0 0,0 0,0 0,0 0,0 0,0 2,0 -2,0 0,1 0,-1 0,0 0,0
M2 0,0 2,0 0,0 0,0 2,0 2,0 0,0 0,0 0,0 0,0 0,-1 0,1
M2 0,0 2,0 0,0 0,0 2,0 2,0 0,0 0,0 0,0 0,0 0,1 0,-1
M2 0,0 2,0 0,0 0,0 -2,0 -2,0 0,0 0,0 0,0 0,0 0,-1 0,1
M2 0,0 2,0 0,0 0,0 -2,0 -2,0 0,0 0,0 0,0 0,0 0,1 0,-1
M2 0,0 -2,0 0,0 0,0 2,0 2,0 0,0 0,0 0,0 0,0 0,-1 0,1
M2 0,0 -2,0 0,0 0,0 2,0 2,0 0,0 0,0 0,0 0,0 0,1 0,-1
M2 0,0 -2,0 0,0 0,0 -2,0 -2,0 0,0 0,0 0,0 0,0 0,-1 0,1
M2 0,0 -2,0 0,0 0,0 -2,0 -2,0 0,0 0,0 0,0 0,0 0,1 0,-1
M2 0,0 2,0 0,0 0,0 -2,0 2,0 0,0 0,0 0,0 0,0 0,1 0,1
M2 0,0 2,0 0,0 0,0 -2,0 2,0 0,0 0,0 0,0 0,0 0,-1 0,-1
M2 0,0 2,0 0,0 0,0 2,0 -2,0 0,0 0,0 0,0 0,0 0,1 0,1
M2 0,0 2,0 0,0 0,0 2,0 -2,0 0,0 0,0 0,0 0,0 0,-1 0,-1
M2 0,0 -2,0 0,0 0,0 -2,0 2,0 0,0 0,0 0,0 0,0 0,1 0,1
M2 0,0 -2,0 0,0 0,0 -2,0 2,0 0,0 0,0 0,0 0,0 0,-1 0,-1
M2 0,0 -2,0 0,0 0,0 2,0 -2,0 0,0 0,0 0,0 0,0 0,1 0,1
M2 0,0 -2,0 0,0 0,0 2,0 -2,0 0,0 0,0 0,0 0,0 0,-1 0,-1
M2 0,0 2,0 0,0 0,0 0,0 0,0 2,0 2,0 0,-1 0,1 0,0 0,0
M2 0,0 2,0 0,0 0,0 0,0 0,0 2,0 2,0 0,1 0,-1 0,0 0,0
M2 0,0 2,0 0,0 0,0 0,0 0,0 -2,0 -2,0 0,-1 0,1 0,0 0,0
M2 0,0 2,0 0,0 0,0 0,0 0,0 -2,0 -2,0 0,1 0,-1 0,0 0,0
M2 0,0 -2,0 0,0 0,0 0,0 0,0 2,0 2,0 0,-1 0,1 0,0 0,0
M2 0,0 -2,0 0,0 0,0 0,0 0,0 2,0 2,0 0,1 0,-1 0,0 0,0
M2 0,0 -2,0 0,0 0,0 0,0 0,0 -2,0 -2,0 0,-1 0,1 0,0 0,0
M2 0,0 -2,0 0,0 0,0 0,0 0,0 -2,0 -2,0 0,1 0,-1 0,0 0,0
M2 0,0 2,0 0,0 0,0 0,0 0,0 -2,0 2,0 0,1 0,1 0,0 0,0
M2 0,0 2,0 0,0 0,0 0,0 0,0 -2,0 2,0 0,-1 0,-1 0,0 0,0
M2 0,0 2,0 0,0 0,0 0,0 0,0 2,0 -2,0 0,1 0,1 0,0 0,0
M2 0,0 2,0 0,0 0,0 0,0 0,0 2,0 -2,0 0,-1 0,-1 0,0 0,0
M2 0,0 -2,0 0,0 0,0 0,0 0,0 -2,0 2,0 0,1 0,1 0,0 0,0
M2 0,0 -2,0 0,0 0,0 0,0 0,0 -2,0 2,0 0,-1 0,-1 0,0 0,0
M2 0,0 -2,0 0,0 0,0 0,0 0,0 2,0 -2,0 0,1 0,1 0,0 0,0
M2 0,0 -2,0 0,0 0,0 0,0 0,0 2,0 -2,0 0,-1 0,-1 0,0 0,0
M2 0,0 0,0 2,0 0,0 2,0 2,0 0,0 0,0 0,1 0,1 0,0 0,0
M2 0,0 0,0 2,0 0,0 2,0 2,0 0,0 0,0 0,-1 0,-1 0,0 0,0
M2 0,0 0,0 2,0 0,0 -2,0 -2,0 0,0 0,0 0,1 0,1 0,0 0,0
M2 0,0 0,0 2,0 0,0 -2,0 -2,0 0,0 0,0 0,-1 0,-1 0,0 0,0
M2 0,0 0,0 -2,0 0,0 2,0 2,0 0,0 0,0 0,1 0,1 0,0 0,0
M2 0,0 0,0 -2,0 0,0 2,0 2,0 0,0 0,0 0,-1 0,-1 0,0 0,0
M2 0,0 0,0 -2,0 0,0 -2,0 -2,0 0,0 0,0 0,1 0,1 0,0 0,0
M2 0,0 0,0 -2,0 0,0 -2,0 -2,0 0,0 0,0 0,-1 0,-1 0,0 0,0
M2 0,0 0,0 2,0 0,0 -2,0 2,0 0,0 0,0 0,-1 0,1 0,0 0,0
M2 0,0 0,0 2,0 0,0 -2,0 2,0 0,0 0,0 0,1 0,-1 0,0 0,0
M2 0,0 0,0 2,0 0,0 2,0 -2,0 0,0 0,0 0,-1 0,1 0,0 0,0
M2 0,0 0,0 2,0 0,0 2,0 -2,0 0,0 0,0 0,1 0,-1 0,0 0,0
M2 0,0 0,0 -2,0 0,0 -2,0 2,0 0,0 0,0 0,-1 0,1 0,0 0,0
M2 0,0 0,0 -2,0 0,0 -2,0 2,0 0,0 0,0 0,1 0,-1 0,0 0,0
M2 0,0 0,0 -2,0 0,0 2,0 -2,0 0,0 0,0 0,-1 0,1 0,0 0,0
M2 0,0 0,0 -2,0 0,0 2,0 -2,0 0,0 0,0 0,1 0,-1 0,0 0,0
M2 0,0 0,0 2,0 0,0 0,0 0,0 2,0 2,0 0,0 0,0 0,1 0,1
M2 0,0 0,0 2,0 0,0 0,0 0,0 2,0 2,0 0,0 0,0 0,-1 0,-1
M2 0,0 0,0 2,0 0,0 0,0 0,0 -2,0 -2,0 0,0 0,0 0,1 0,1
M2 0,0 0,0 2,0 0,0 0,0 0,0 -2,0 -2,0 0,0 0,0 0,-1 0,-1
M2 0,0 0,0 -2,0 0,0 0,0 0,0 2,0 2,0 0,0 0,0 0,1 0,1
M2 0,0 0,0 -2,0 0,0 0,0 0,0 2,0 2,0 0,0 0,0 0,-1 0,-1
M2 0,0 0,0 -2,0 0,0 0,0 0,0 -2,0 -2,0 0,0 0,0 0,1 0,1
M2 0,0 0,0 -2,0 0,0 0,0 0,0 -2,0 -2,0 0,0 0,0 0,-1 0,-1
M2 0,0 0,0 2,0 0,0 0,0 0,0 -2,0 2,0 0,0 0,0 0,-1 0,1
M2 0,0 0,0 2,0 0,0 0,0 0,0 -2,0 2,0 0,0 0,0 0,1 0,-1
M2 0,0 0,0 2,0 0,0 0,0 0,0 2,0 -2,0 0,0 0,0 0,-1 0,1
M2 0,0 0,0 2,0 0,0 0,0 0,0 2,0 -2,0 0,0 0,0 0,1 0,-1
M2 0,0 0,0 -2,0 0,0 0,0 0,0 -2,0 2,0 0,0 0,0 0,-1 0,1
M2 0,0 0,0 -2,0 0,0 0,0 0,0 -2,0 2,0 0,0 0,0 0,1 0,-1
M2 0,0 0,0 -2,0 0,0 0,0 0,0 2,0 -2,0 0,0 0,0 0,-1 0,1
M2 0,0 0,0 -2,0 0,0 0,0 0,0 2,0 -2,0 0,0 0,0 0,1 0,-1
M2 0,0 0,0 0,0 2,0 2,0 2,0 0,0 0,0 0,-1 0,1 0,0 0,0
M2 0,0 0,0 0,0 2,0 2,0 2,0 0,0 0,0 0,1 0,-1 0,0 0,0
M2 0,0 0,0 0,0 2,0 -2,0 -2,0 0,0 0,0 0,-1 0,1 0,0 0,0
M2 0,0 0,0 0,0 2,0 -2,0 -2,0 0,0 0,0 0,1 0,-1 0,0 0,0
M2 0,0 0,0 0,0 -2,0 2,0 2,0 0,0 0,0 0,-1 0,1 0,0 0,0
M2 0,0 0,0 0,0 -2,0 2,0 2,0 0,0 0,0 0,1 0,-1 0,0 0,0
M2 0,0 0,0 0,0 -2,0 -2,0 -2,0 0,0 0,0 0,-1 0,1 0,0 0,0
M2 0,0 0,0 0,0 -2,0 -2,0 -2,0 0,0 0,0 0,1 0,-1 0,0 0,0
M2 0,0 0,0 0,0 2,0 -2,0 2,0 0,0 0,0 0,1 0,1 0,0 0,0
M2 0,0 0,0 0,0 2,0 -2,0 2,0 0,0 0,0 0,-1 0,-1 0,0 0,0
M2 0,0 0,0 0,0 2,0 2,0 -2,0 0,0 0,0 0,1 0,1 0,0 0,0
M2 0,0 0,0 0,0 2,0 2,0 -2,0 0,0 0,0 0,-1 0,-1 0,0 0,0
M2 0,0 0,0 0,0 -2,0 -2,0 2,0 0,0 0,0 0,1 0,1 0,0 0,0
M2 0,0 0,0 0,0 -2,0 -2,0 2,0 0,0 0,0 0,-1 0,-1 0,0 0,0
M2 0,0 0,0 0,0 -2,0 2,0 -2,0 0,0 0,0 0,1 0,1 0,0 0,0
M2 0,0 0,0 0,0 -2,0 2,0 -2,0 0,0 0,0 0,-1 0,-1 0,0 0,0
M2 0,0 0,0 0,0 2,0 0,0 0,0 2,0 2,0 0,0 0,0 0,-1 0,1
M2 0,0 0,0 0,0 2,0 0,0 0,0 2,0 2,0 0,0 0,0 0,1 0,-1
M2 0,0 0,0 0,0 2,0 0,0 0,0 -2,0 -2,0 0,0 0,0 0,-1 0,1
M2 0,0 0,0 0,0 2,0 0,0 0,0 -2,0 -2,0 0,0 0,0 0,1 0,-1
M2 0,0 0,0 0,0 -2,0 0,0 0,0 2,0 2,0 0,0 0,0 0,-1 0,1
M2 0,0 0,0 0,0 -2,0 0,0 0,0 2,0 2,0 0,0 0,0 0,1 0,-1
M2 0,0 0,0 0,0 -2,0 0,0 0,0 -2,0 -2,0 0,0 0,0 0,-1 0,1
M2 0,0 0,0 0,0 -2,0 0,0 0,0 -2,0 -2,0 0,0 0,0 0,1 0,-1
M2 0,0 0,0 0,0 2,0 0,0 0,0 -2,0 2,0 0,0 0,0 0,1 0,1
M2 0,0 0,0 0,0 2,0 0,0 0,0 -2,0 2,0 0,0 0,0 0,-1 0,-1
M2 0,0 0,0 0,0 2,0 0,0 0,0 2,0 -2,0 0,0 0,0 0,1 0,1
M2 0,0 0,0 0,0 2,0 0,0 0,0 2,0 -2,0 0,0 0,0 0,-1 0,-1
M2 0,0 0,0 0,0 -2,0 0,0 0,0 -2,0 2,0 0,0 0,0 0,1 0,1
M2 0,0 0,0 0,0 -2,0 0,0 0,0 -2,0 2,0 0,0 0,0 0,-1 0,-1
M2 0,0 0,0 0,0 -2,0 0,0 0,0 2,0 -2,0 0,0 0,0 0,1 0,1
M2 0,0 0,0 0,0 -2,0 0,0 0,0 2,0 -2,0 0,0 0,0 0,-1 0,-1
M2 1,0 1,0 1,0 1,0 0,0 2,0 0,0 2,0 0,-1 0,0 0,1 0,0
M2 1,0 1,0 1,0 1,0 0,0 2,0 0,0 2,0 0,1 0,0 0,-1 0,0
M2 1,0 1,0 1,0 1,0 0,0 -2,0 0,0 -2,0 0,-1 0,0 0,1 0,0
M2 1,0 1,0 1,0 1,0 0,0 -2,0 0,0 -2,0 0,1 0,0 0,-1 0,0
M2 -1,0 -1,0 -1,0 -1,0 0,0 2,0 0,0 2,0 0,-1 0,0 0,1 0,0
M2 -1,0 -1,0 -1,0 -1,0 0,0 2,0 0,0 2,0 0,1 0,0 0,-1 0,0
M2 -1,0 -1,0 -1,0 -1,0 0,0 -2,0 0,0 -2,0 0,-1 0,0 0,1 0,0
M2 -1,0 -1,0 -1,0 -1,0 0,0 -2,0 0,0 -2,0 0,1 0,0 0,-1 0,0
M2 1,0 1,0 1,0 1,0 -2,0 0,0 2,0 0,0 0,0 0,1 0,0 0,1
M2 1,0 1,0 1,0 1,0 -2,0 0,0 2,0 0,0 0,0 0,-1 0,0 0,-1
M2 1,0 1,0 1,0 1,0 2,0 0,0 -2,0 0,0 0,0 0,1 0,0 0,1
M2 1,0 1,0 1,0 1,0 2,0 0,0 -2,0 0,0 0,0 0,-1 0,0 0,-1
M2 -1,0 -1,0 -1,0 -1,0 -2,0 0,0 2,0 0,0 0,0 0,1 0,0 0,1
M2 -1,0 -1,0 -1,0 -1,0 -2,0 0,0 2,0 0,0 0,0 0,-1 0,0 0,-1
M2 -1,0 -1,0 -1,0 -1,0 2,0 0,0 -2,0 0,0 0,0 0,1 0,0 0,1
M2 -1,0 -1,0 -1,0 -1,0 2,0 0,0 -2,0 0,0 0,0 0,-1 0,0 0,-1
M2 1,0 1,0 1,0 1,0 0,0 -2,0 0,0 2,0 0,-1 0,0 0,-1 0,0
M2 1,0 1,0 1,0 1,0 0,0 -2,0 0,0 2,0 0,1 0,0 0,1 0,0
M2 1,0 1,0 1,0 1,0 0,0 2,0 0,0 -2,0 0,-1 0,0 0,-1 0,0
M2 1,0 1,0 1,0 1,0 0,0 2,0 0,0 -2,0 0,1 0,0 0,1 0,0
M2 -1,0 -1,0 -1,0 -1,0 0,0 -2,0 0,0 2,0 0,-1 0,0 0,-1 0,0
M2 -1,0 -1,0 -1,0 -1,0 0,0 -2,0 0,0 2,0 0,1 0,0 0,1 0,0
M2 -1,0 -1,0 -1,0 -1,0 0,0 2,0 0,0 -2,0 0,-1 0,0 0,-1 0,0
M2 -1,0 -1,0 -1,0 -1,0 0,0 2,0 0,0 -2,0 0,1 0,0 0,1 0,0
M2 1,0 1,0 1,0 1,0 -2,0 0,0 -2,0 0,0 0,0 0,-1 0,0 0,1
M2 1,0 1,0 1,0 1,0 -2,0 0,0 -2,0 0,0 0,0 0,1 0,0 0,-1
M2 1,0 1,0 1,0 1,0 2,0 0,0 2,0 0,0 0,0 0,-1 0,0 0,1
M2 1,0 1,0 1,0 1,0 2,0 0,0 2,0 0,0 0,0 0,1 0,0 0,-1
M2 -1,0 -1,0 -1,0 -1,0 -2,0 0,0 -2,0 0,0 0,0 0,-1 0,0 0,1
M2 -1,0 -1,0 -1,0 -1,0 -2,0 0,0 -2,0 0,0 0,0 0,1 0,0 0,-1
M2 -1,0 -1,0 -1,0 -1,0 2,0 0,0 2,0 0,0 0,0 0,-1 0,0 0,1
M2 -1,0 -1,0 -1,0 -1,0 2,0 0,0 2,0 0,0 0,0 0,1 0,0 0,-1
M2 -1,0 1,0 1,0 -1,0 0,0 2,0 0,0 2,0 0,0 0,1 0,0 0,1
M2 -1,0 1,0 1,0 -1,0 0,0 2,0 0,0 2,0 0,0 0,-1 0,0 0,-1
M2 -1,0 1,0 1,0 -1,0 0,0 -2,0 0,0 -2,0 0,0 0,1 0,0 0,1
M2 -1,0 1,0 1,0 -1,0 0,0 -2,0 0,0 -2,0 0,0 0,-1 0,0 0,-1
M2 1,0 -1,0 -1,0 1,0 0,0 2,0 0,0 2,0 0,0 0,1 0,0 0,1
M2 1,0 -1,0 -1,0 1,0 0,0 2,0 0,0 2,0 0,0 0,-1 0,0 0,-1
M2 1,0 -1,0 -1,0 1,0 0,0 -2,0 0,0 -2,0 0,0 0,1 0,0 0,1
M2 1,0 -1,0 -1,0 1,0 0,0 -2,0 0,0 -2,0 0,0 0,-1 0,0 0,-1
M2 -1,0 1,0 1,0 -1,0 -2,0 0,0 2,0 0,0 0,-1 0,0 0,1 0,0
M2 -1,0 1,0 1,0 -1,0 -2,0 0,0 2,0 0,0 0,1 0,0 0,-1 0,0
M2 -1,0 1,0 1,0 -1,0 2,0 0,0 -2,0 0,0 0,-1 0,0 0,1 0,0
M2 -1,0 1,0 1,0 -1,0 2,0 0,0 -2,0 0,0 0,1 0,0 0,-1 0,0
M2 1,0 -1,0 -1,0 1,0 -2,0 0,0 2,0 0,0 0,-1 0,0 0,1 0,0
M2 1,0 -1,0 -1,0 1,0 -2,0 0,0 2,0 0,0 0,1 0,0 0,-1 0,0
M2 1,0 -1,0 -1,0 1,0 2,0 0,0 -2,0 0,0 0,-1 0,0 0,1 0,0
M2 1,0 -1,0 -1,0 1,0 2,0 0,0 -2,0 0,0 0,1 0,0 0,-1 0,0
M2 -1,0 1,0 1,0 -1,0 0,0 -2,0 0,0 2,0 0,0 0,-1 0,0 0,1
M2 -1,0 1,0 1,0 -1,0 0,0 -2,0 0,0 2,0 0,0 0,1 0,0 0,-1
M2 -1,0 1,0 1,0 -1,0 0,0 2,0 0,0 -2,0 0,0 0,-1 0,0 0,1
M2 -1,0 1,0 1,0 -1,0 0,0 2,0 0,0 -2,0 0,0 0,1 0,0 0,-1
M2 1,0 -1,0 -1,0 1,0 0,0 -2,0 0,0 2,0 0,0 0,-1 0,0 0,1
M2 1,0 -1,0 -1,0 1,0 0,0 -2,0 0,0 2,0 0,0 0,1 0,0 0,-1
M2 1,0 -1,0 -1,0 1,0 0,0 2,0 0,0 -2,0 0,0 0,-1 0,0 0,1
M2 1,0 -1,0 -1,0 1,0 0,0 2,0 0,0 -2,0 0,0 0,1 0,0 0,-1
M2 -1,0 1,0 1,0 -1,0 -2,0 0,0 -2,0 0,0 0,-1 0,0 0,-1 0,0
M2 -1,0 1,0 1,0 -1,0 -2,0 0,0 -2,0 0,0 0,1 0,0 0,1 0,0
M2 -1,0 1,0 1,0 -1,0 2,0 0,0 2,0 0,0 0,-1 0,0 0,-1 0,0
M2 -1,0 1,0 1,0 -1,0 2,0 0,0 2,0 0,0 0,1 0,0 0,1 0,0
M2 1,0 -1,0 -1,0 1,0 -2,0 0,0 -2,0 0,0 0,-1 0,0 0,-1 0,0
M2 1,0 -1,0 -1,0 1,0 -2,0 0,0 -2,0 0,0 0,1 0,0 0,1 0,0
M2 1,0 -1,0 -1,0 1,0 2,0 0,0 2,0 0,0 0,-1 0,0 0,-1 0,0
M2 1,0 -1,0 -1,0 1,0 2,0 0,0 2,0 0,0 0,1 0,0 0,1 0,0
M2 -1,0 -1,0 1,0 1,0 0,0 2,0 0,0 2,0 0,-1 0,0 0,-1 0,0
M2 -1,0 -1,0 1,0 1,0 0,0 2,0 0,0 2,0 0,1 0,0 0,1 0,0
M2 -1,0 -1,0 1,0 1,0 0,0 -2,0 0,0 -2,0 0,-1 0,0 0,-1 0,0
M2 -1,0 -1,0 1,0 1,0 0,0 -2,0 0,0 -2,0 0,1 0,0 0,1 0,0
M2 1,0 1,0 -1,0 -1,0 0,0 2,0 0,0 2,0 0,-1 0,0 0,-1 0,0
M2 1,0 1,0 -1,0 -1,0 0,0 2,0 0,0 2,0 0,1 0,0 0,1 0,0
M2 1,0 1,0 -1,0 -1,0 0,0 -2,0 0,0 -2,0 0,-1 0,0 0,-1 0,0
M2 1,0 1,0 -1,0 -1,0 0,0 -2,0 0,0 -2,0 0,1 0,0 0,1 0,0
M2 -1,0 -1,0 1,0 1,0 -2,0 0,0 2,0 0,0 0,0 0,-1 0,0 0,1
M2 -1,0 -1,0 1,0 1,0 -2,0 0,0 2,0 0,0 0,0 0,1 0,0 0,-1
M2 -1,0 -1,0 1,0 1,0 2,0 0,0 -2,0 0,0 0,0 0,-1 0,0 0,1
M2 -1,0 -1,0 1,0 1,0 2,0 0,0 -2,0 0,0 0,0 0,1 0,0 0,-1
M2 1,0 1,0 -1,0 -1,0 -2,0 0,0 2,0 0,0 0,0 0,-1 0,0 0,1
M2 1,0 1,0 -1,0 -1,0 -2,0 0,0 2,0 0,0 0,0 0,1 0,0 0,-1
M2 1,0 1,0 -1,0 -1,0 2,0 0,0 -2,0 0,0 0,0 0,-1 0,0 0,1
M2 1,0 1,0 -1,0 -1,0 2,0 0,0 -2,0 0,0 0,0 0,1 0,0 0,-1
M2 -1,0 -1,0 1,0 1,0 0,0 -2,0 0,0 2,0 0,-1 0,0 0,1 0,0
M2 -1,0 -1,0 1,0 1,0 0,0 -2,0 0,0 2,0 0,1 0,0 0,-1 0,0
M2 -1,0 -1,0 1,0 1,0 0,0 2,0 0,0 -2,0 0,-1 0,0 0,1 0,0
M2 -1,0 -1,0 1,0 1,0 0,0 2,0 0,0 -2,0 0,1 0,0 0,-1 0,0
M2 1,0 1,0 -1,0 -1,0 0,0 -2,0 0,0 2,0 0,-1 0,0 0,1 0,0
M2 1,0 1,0 -1,0 -1,0 0,0 -2,0 0,0 2,0 0,1 0,0 0,-1 0,0
M2 1,0 1,0 -1,0 -1,0 0,0 2,0 0,0 -2,0 0,-1 0,0 0,1 0,0
M2 1,0 1,0 -1,0 -1,0 0,0 2,0 0,0 -2,0 0,1 0,0 0,-1 0,0
M2 -1,0 -1,0 1,0 1,0 -2,0 0,0 -2,0 0,0 0,0 0,1 0,0 0,1
M2 -1,0 -1,0 1,0 1,0 -2,0 0,0 -2,0 0,0 0,0 0,-1 0,0 0,-1
M2 -1,0 -1,0 1,0 1,0 2,0 0,0 2,0 0,0 0,0 0,1 0,0 0,1
M2 -1,0 -1,0 1,0 1,0 2,0 0,0 2,0 0,0 0,0 0,-1 0,0 0,-1
M2 1,0 1,0 -1,0 -1,0 -2,0 0,0 -2,0 0,0 0,0 0,1 0,0 0,1
M2 1,0 1,0 -1,0 -1,0 -2,0 0,0 -2,0 0,0 0,0 0,-1 0,0 0,-1
M2 1,0 1,0 -1,0 -1,0 2,0 0,0 2,0 0,0 0,0 0,1 0,0 0,1
M2 1,0 1,0 -1,0 -1,0 2,0 0,0 2,0 0,0 0,0 0,-1 0,0 0,-1
M2 -1,0 1,0 -1,0 1,0 0,0 2,0 0,0 2,0 0,0 0,-1 0,0 0,1
M2 -1,0 1,0 -1,0 1,0 0,0 2,0 0,0 2,0 0,0 0,1 0,0 0,-1
M2 -1,0 1,0 -1,0 1,0 0,0 -2,0 0,0 -2,0 0,0 0,-1 0,0 0,1
M2 -1,0 1,0 -1,0 1,0 0,0 -2,0 0,0 -2,0 0,0 0,1 0,0 0,-1
M2 1,0 -1,0 1,0 -1,0 0,0 2,0 0,0 2,0 0,0 0,-1 0,0 0,1
M2 1,0 -1,0 1,0 -1,0 0,0 2,0 0,0 2,0 0,0 0,1 0,0 0,-1
M2 1,0 -1,0 1,0 -1,0 0,0 -2,0 0,0 -2,0 0,0 0,-1 0,0 0,1
M2 1,0 -1,0 1,0 -1,0 0,0 -2,0 0,0 -2,0 0,0 0,1 0,0 0,-1
M2 -1,0 1,0 -1,0 1,0 -2,0 0,0 2,0 0,0 0,-1 0,0 0,-1 0,0
M2 -1,0 1,0 -1,0 1,0 -2,0 0,0 2,0 0,0 0,1 0,0 0,1 0,0
M2 -1,0 1,0 -1,0 1,0 2,0 0,0 -2,0 0,0 0,-1 0,0 0,-1 0,0
M2 -1,0 1,0 -1,0 1,0 2,0 0,0 -2,0 0,0 0,1 0,0 0,1 0,0
M2 1,0 -1,0 1,0 -1,0 -2,0 0,0 2,0 0,0 0,-1 0,0 0,-1 0,0
M2 1,0 -1,0 1,0 -1,0 -2,0 0,0 2,0 0,0 0,1 0,0 0,1 0,0
M2 1,0 -1,0 1,0 -1,0 2,0 0,0 -2,0 0,0 0,-1 0,0 0,-1 0,0
M2 1,0 -1,0 1,0 -1,0 2,0 0,0 -2,0 0,0 0,1 0,0 0,1 0,0
M2 -1,0 1,0 -1,0 1,0 0,0 -2,0 0,0 2,0 0,0 0,1 0,0 0,1
M2 -1,0 1,0 -1,0 1,0 0,0 -2,0 0,0 2,0 0,0 0,-1 0,0 0,-1
M2 -1,0 1,0 -1,0 1,0 0,0 2,0 0,0 -2,0 0,0 0,1 0,0 0,1
M2 -1,0 1,0 -1,0 1,0 0,0 2,0 0,0 -2,0 0,0 0,-1 0,0 0,-1
M2 1,0 -1,0 1,0 -1,0 0,0 -2,0 0,0 2,0 0,0 0,1 0,0 0,1
M2 1,0 -1,0 1,0 -1,0 0,0 -2,0 0,0 2,0 0,0 0,-1 0,0 0,-1
M2 1,0 -1,0 1,0 -1,0 0,0 2,0 0,0 -2,0 0,0 0,1 0,0 0,1
M2 1,0 -1,0 1,0 -1,0 0,0 2,0 0,0 -2,0 0,0 0,-1 0,0 0,-1
M2 -1,0 1,0 -1,0 1,0 -2,0 0,0 -2,0 0,0 0,-1 0,0 0,1 0,0
M2 -1,0 1,0 -1,0 1,0 -2,0 0,0 -2,0 0,0 0,1 0,0 0,-1 0,0
M2 -1,0 1,0 -1,0 1,0 2,0 0,0 2,0 0,0 0,-1 0,0 0,1 0,0
M2 -1,0 1,0 -1,0 1,0 2,0 0,0 2,0 0,0 0,1 0,0 0,-1 0,0
M2 1,0 -1,0 1,0 -1,0 -2,0 0,0 -2,0 0,0 0,-1 0,0 0,1 0,0
M2 1,0 -1,0 1,0 -1,0 -2,0 0,0 -2,0 0,0 0,1 0,0 0,-1 0,0
M2 1,0 -1,0 1,0 -1,0 2,0 0,0 2,0 0,0 0,-1 0,0 0,1 0,0
M2 1,0 -1,0 1,0 -1,0 2,0 0,0 2,0 0,0 0,1 0,0 0,-1 0,0
M2 -1,0 1,0 1,0 1,0 -2,0 0,0 0,0 2,0 0,-1 0,0 0,0 0,-1
M2 -1,0 1,0 1,0 1,0 -2,0 0,0 0,0 2,0 0,1 0,0 0,0 0,1
M2 -1,0 1,0 1,0 1,0 2,0 0,0 0,0 -2,0 0,-1 0,0 0,0 0,-1
M2 -1,0 1,0 1,0 1,0 2,0 0,0 0,0 -2,0 0,1 0,0 0,0 0,1
M2 1,0 -1,0 -1,0 -1,0 -2,0 0,0 0,0 2,0 0,-1 0,0 0,0 0,-1
M2 1,0 -1,0 -1,0 -1,0 -2,0 0,0 0,0 2,0 0,1 0,0 0,0 0,1
M2 1,0 -1,0 -1,0 -1,0 2,0 0,0 0,0 -2,0 0,-1 0,0 0,0 0,-1
M2 1,0 -1,0 -1,0 -1,0 2,0 0,0 0,0 -2,0 0,1 0,0 0,0 0,1
M2 -1,0 1,0 1,0 1,0 0,0 -2,0 2,0 0,0 0,0 0,-1 0,-1 0,0
M2 -1,0 1,0 1,0 1,0 0,0 -2,0 2,0 0,0 0,0 0,1 0,1 0,0
M2 -1,0 1,0 1,0 1,0 0,0 2,0 -2,0 0,0 0,0 0,-1 0,-1 0,0
M2 -1,0 1,0 1,0 1,0 0,0 2,0 -2,0 0,0 0,0 0,1 0,1 0,0
M2 1,0 -1,0 -1,0 -1,0 0,0 -2,0 2,0 0,0 0,0 0,-1 0,-1 0,0
M2 1,0 -1,0 -1,0 -1,0 0,0 -2,0 2,0 0,0 0,0 0,1 0,1 0,0
M2 1,0 -1,0 -1,0 -1,0 0,0 2,0 -2,0 0,0 0,0 0,-1 0,-1 0,0
M2 1,0 -1,0 -1,0 -1,0 0,0 2,0 -2,0 0,0 0,0 0,1 0,1 0,0
M2 -1,0 1,0 1,0 1,0 0,0 -2,0 -2,0 0,0 0,0 0,-1 0,1 0,0
M2 -1,0 1,0 1,0 1,0 0,0 -2,0 -2,0 0,0 0,0 0,1 0,-1 0,0
M2 -1,0 1,0 1,0 1,0 0,0 2,0 2,0 0,0 0,0 0,-1 0,1 0,0
M2 -1,0 1,0 1,0 1,0 0,0 2,0 2,0 0,0 0,0 0,1 0,-1 0,0
M2 1,0 -1,0 -1,0 -1,0 0,0 -2,0 -2,0 0,0 0,0 0,-1 0,1 0,0
M2 1,0 -1,0 -1,0 -1,0 0,0 -2,0 -2,0 0,0 0,0 0,1 0,-1 0,0
M2 1,0 -1,0 -1,0 -1,0 0,0 2,0 2,0 0,0 0,0 0,-1 0,1 0,0
M2 1,0 -1,0 -1,0 -1,0 0,0 2,0 2,0 0,0 0,0 0,1 0,-1 0,0
M2 -1,0 1,0 1,0 1,0 -2,0 0,0 0,0 -2,0 0,-1 0,0 0,0 0,1
M2 -1,0 1,0 1,0 1,0 -2,0 0,0 0,0 -2,0 0,1 0,0 0,0 0,-1
M2 -1,0 1,0 1,0 1,0 2,0 0,0 0,0 2,0 0,-1 0,0 0,0 0,1
M2 -1,0 1,0 1,0 1,0 2,0 0,0 0,0 2,0 0,1 0,0 0,0 0,-1
M2 1,0 -1,0 -1,0 -1,0 -2,0 0,0 0,0 -2,0 0,-1 0,0 0,0 0,1
M2 1,0 -1,0 -1,0 -1,0 -2,0 0,0 0,0 -2,0 0,1 0,0 0,0 0,-1
M2 1,0 -1,0 -1,0 -1,0 2,0 0,0 0,0 2,0 0,-1 0,0 0,0 0,1
M2 1,0 -1,0 -1,0 -1,0 2,0 0,0 0,0 2,0 0,1 0,0 0,0 0,-1
M2 -1,0 -1,0 1,0 -1,0 -2,0 0,0 0,0 2,0 0,0 0,-1 0,-1 0,0
M2 -1,0 -1,0 1,0 -1,0 -2,0 0,0 0,0 2,0 0,0 0,1 0,1 0,0
M2 -1,0 -1,0 1,0 -1,0 2,0 0,0 0,0 -2,0 0,0 0,-1 0,-1 0,0
M2 -1,0 -1,0 1,0 -1,0 2,0 0,0 0,0 -2,0 0,0 0,1 0,1 0,0
M2 1,0 1,0 -1,0 1,0 -2,0 0,0 0,0 2,0 0,0 0,-1 0,-1 0,0
M2 1,0 1,0 -1,0 1,0 -2,0 0,0 0,0 2,0 0,0 0,1 0,1 0,0
M2 1,0 1,0 -1,0 1,0 2,0 0,0 0,0 -2,0 0,0 0,-1 0,-1 0,0
M2 1,0 1,0 -1,0 1,0 2,0 0,0 0,0 -2,0 0,0 0,1 0,1 0,0
M2 -1,0 -1,0 1,0 -1,0 0,0 -2,0 2,0 0,0 0,-1 0,0 0,0 0,-1
M2 -1,0 -1,0 1,0 -1,0 0,0 -2,0 2,0 0,0 0,1 0,0 0,0 0,1
M2 -1,0 -1,0 1,0 -1,0 0,0 2,0 -2,0 0,0 0,-1 0,0 0,0 0,-1
M2 -1,0 -1,0 1,0 -1,0 0,0 2,0 -2,0 0,0 0,1 0,0 0,0 0,1
M2 1,0 1,0 -1,0 1,0 0,0 -2,0 2,0 0,0 0,-1 0,0 0,0 0,-1
M2 1,0 1,0 -1,0 1,0 0,0 -2,0 2,0 0,0 0,1 0,0 0,0 0,1
M2 1,0 1,0 -1,0 1,0 0,0 2,0 -2,0 0,0 0,-1 0,0 0,0 0,-1
M2 1,0 1,0 -1,0 1,0 0,0 2,0 -2,0 0,0 0,1 0,0 0,0 0,1
M2 -1,0 -1,0 1,0 -1,0 0,0 -2,0 -2,0 0,0 0,-1 0,0 0,0 0,1
M2 -1,0 -1,0 1,0 -1,0 0,0 -2,0 -2,0 0,0 0,1 0,0 0,0 0,-1
M2 -1,0 -1,0 1,0 -1,0 0,0 2,0 2,0 0,0 0,-1 0,0 0,0 0,1
M2 -1,0 -1,0 1,0 -1,0 0,0 2,0 2,0 0,0 0,1 0,0 0,0 0,-1
M2 1,0 1,0 -1,0 1,0 0,0 -2,0 -2,0 0,0 0,-1 0,0 0,0 0,1
M2 1,0 1,0 -1,0 1,0 0,0 -2,0 -2,0 0,0 0,1 0,0 0,0 0,-1
M2 1,0 1,0 -1,0 1,0 0,0 2,0 2,0 0,0 0,-1 0,0 0,0 0,1
M2 1,0 1,0 -1,0 1,0 0,0 2,0 2,0 0,0 0,1 0,0 0,0 0,-1
M2 -1,0 -1,0 1,0 -1,0 -2,0 0,0 0,0 -2,0 0,0 0,-1 0,1 0,0
M2 -1,0 -1,0 1,0 -1,0 -2,0 0,0 0,0 -2,0 0,0 0,1 0,-1 0,0
M2 -1,0 -1,0 1,0 -1,0 2,0 0,0 0,0 2,0 0,0 0,-1 0,1 0,0
M2 -1,0 -1,0 1,0 -1,0 2,0 0,0 0,0 2,0 0,0 0,1 0,-1 0,0
M2 1,0 1,0 -1,0 1,0 -2,0 0,0 0,0 -2,0 0,0 0,-1 0,1 0,0
M2 1,0 1,0 -1,0 1,0 -2,0 0,0 0,0 -2,0 0,0 0,1 0,-1 0,0
M2 1,0 1,0 -1,0 1,0 2,0 0,0 0,0 2,0 0,0 0,-1 0,1 0,0
M2 1,0 1,0 -1,0 1,0 2,0 0,0 0,0 2,0 0,0 0,1 0,-1 0,0
M2 -1,0 -1,0 -1,0 1,0 -2,0 0,0 0,0 2,0 0,0 0,-1 0,1 0,0
M2 -1,0 -1,0 -1,0 1,0 -2,0 0,0 0,0 2,0 0,0 0,1 0,-1 0,0
M2 -1,0 -1,0 -1,0 1,0 2,0 0,0 0,0 -2,0 0,0 0,-1 0,1 0,0
M2 -1,0 -1,0 -1,0 1,0 2,0 0,0 0,0 -2,0 0,0 0,1 0,-1 0,0
M2 1,0 1,0 1,0 -1,0 -2,0 0,0 0,0 2,0 0,0 0,-1 0,1 0,0
M2 1,0 1,0 1,0 -1,0 -2,0 0,0 0,0 2,0 0,0 0,1 0,-1 0,0
M2 1,0 1,0 1,0 -1,0 2,0 0,0 0,0 -2,0 0,0 0,-1 0,1 0,0
M2 1,0 1,0 1,0 -1,0 2,0 0,0 0,0 -2,0 0,0 0,1 0,-1 0,0
M2 -1,0 -1,0 -1,0 1,0 0,0 -2,0 2,0 0,0 0,-1 0,0 0,0 0,1
M2 -1,0 -1,0 -1,0 1,0 0,0 -2,0 2,0 0,0 0,1 0,0 0,0 0,-1
M2 -1,0 -1,0 -1,0 1,0 0,0 2,0 -2,0 0,0 0,-1 0,0 0,0 0,1
M2 -1,0 -1,0 -1,0 1,0 0,0 2,0 -2,0 0,0 0,1 0,0 0,0 0,-1
M2 1,0 1,0 1,0 -1,0 0,0 -2,0 2,0 0,0 0,-1 0,0 0,0 0,1
M2 1,0 1,0 1,0 -1,0 0,0 -2,0 2,0 0,0 0,1 0,0 0,0 0,-1
M2 1,0 1,0 1,0 -1,0 0,0 2,0 -2,0 0,0 0,-1 0,0 0,0 0,1
M2 1,0 1,0 1,0 -1,0 0,0 2,0 -2,0 0,0 0,1 0,0 0,0 0,-1
M2 -1,0 -1,0 -1,0 1,0 0,0 -2,0 -2,0 0,0 0,-1 0,0 0,0 0,-1
M2 -1,0 -1,0 -1,0 1,0 0,0 -2,0 -2,0 0,0 0,1 0,0 0,0 0,1
M2 -1,0 -1,0 -1,0 1,0 0,0 2,0 2,0 0,0 0,-1 0,0 0,0 0,-1
M2 -1,0 -1,0 -1,0 1,0 0,0 2,0 2,0 0,0 0,1 0,0 0,0 0,1
M2 1,0 1,0 1,0 -1,0 0,0 -2,0 -2,0 0,0 0,-1 0,0 0,0 0,-1
M2 1,0 1,0 1,0 -1,0 0,0 -2,0 -2,0 0,0 0,1 0,0 0,0 0,1
M2 1,0 1,0 1,0 -1,0 0,0 2,0 2,0 0,0 0,-1 0,0 0,0 0,-1
M2 1,0 1,0 1,0 -1,0 0,0 2,0 2,0 0,0 0,1 0,0 0,0 0,1
M2 -1,0 -1,0 -1,0 1,0 -2,0 0,0 0,0 -2,0 0,0 0,-1 0,-1 0,0
M2 -1,0 -1,0 -1,0 1,0 -2,0 0,0 0,0 -2,0 0,0 0,1 0,1 0,0
M2 -1,0 -1,0 -1,0 1,0 2,0 0,0 0,0 2,0 0,0 0,-1 0,-1 0,0
M2 -1,0 -1,0 -1,0 1,0 2,0 0,0 0,0 2,0 0,0 0,1 0,1 0,0
M2 1,0 1,0 1,0 -1,0 -2,0 0,0 0,0 -2,0 0,0 0,-1 0,-1 0,0
M2 1,0 1,0 1,0 -1,0 -2,0 0,0 0,0 -2,0 0,0 0,1 0,1 0,0
M2 1,0 1,0 1,0 -1,0 2,0 0,0 0,0 2,0 0,0 0,-1 0,-1 0,0
M2 1,0 1,0 1,0 -1,0 2,0 0,0 0,0 2,0 0,0 0,1 0,1 0,0
M2 -1,0 1,0 -1,0 -1,0 -2,0 0,0 0,0 2,0 0,-1 0,0 0,0 0,1
M2 -1,0 1,0 -1,0 -1,0 -2,0 0,0 0,0 2,0 0,1 0,0 0,0 0,-1
M2 -1,0 1,0 -1,0 -1,0 2,0 0,0 0,0 -2,0 0,-1 0,0 0,0 0,1
M2 -1,0 1,0 -1,0 -1,0 2,0 0,0 0,0 -2,0 0,1 0,0 0,0 0,-1
M2 1,0 -1,0 1,0 1,0 -2,0 0,0 0,0 2,0 0,-1 0,0 0,0 0,1
M2 1,0 -1,0 1,0 1,0 -2,0 0,0 0,0 2,0 0,1 0,0 0,0 0,-1
M2 1,0 -1,0 1,0 1,0 2,0 0,0 0,0 -2,0 0,-1 0,0 0,0 0,1
M2 1,0 -1,0 1,0 1,0 2,0 0,0 0,0 -2,0 0,1 0,0 0,0 0,-1
M2 -1,0 1,0 -1,0 -1,0 0,0 -2,0 2,0 0,0 0,0 0,-1 0,1 0,0
M2 -1,0 1,0 -1,0 -1,0 0,0 -2,0 2,0 0,0 0,0 0,1 0,-1 0,0
M2 -1,0 1,0 -1,0 -1,0 0,0 2,0 -2,0 0,0 0,0 0,-1 0,1 0,0
M2 -1,0 1,0 -1,0 -1,0 0,0 2,0 -2,0 0,0 0,0 0,1 0,-1 0,0
M2 1,0 -1,0 1,0 1,0 0,0 -2,0 2,0 0,0 0,0 0,-1 0,1 0,0
M2 1,0 -1,0 1,0 1,0 0,0 -2,0 2,0 0,0 0,0 0,1 0,-1 0,0
M2 1,0 -1,0 1,0 1,0 0,0 2,0 -2,0 0,0 0,0 0,-1 0,1 0,0
M2 1,0 -1,0 1,0 1,0 0,0 2,0 -2,0 0,0 0,0 0,1 0,-1 0,0
M2 -1,0 1,0 -1,0 -1,0 0,0 -2,0 -2,0 0,0 0,0 0,-1 0,-1 0,0
M2 -1,0 1,0 -1,0 -1,0 0,0 -2,0 -2,0 0,0 0,0 0,1 0,1 0,0
M2 -1,0 1,0 -1,0 -1,0 0,0 2,0 2,0 0,0 0,0 0,-1 0,-1 0,0
M2 -1,0 1,0 -1,0 -1,0 0,0 2,0 2,0 0,0 0,0 0,1 0,1 0,0
M2 1,0 -1,0 1,0 1,0 0,0 -2,0 -2,0 0,0 0,0 0,-1 0,-1 0,0
M2 1,0 -1,0 1,0 1,0 0,0 -2,0 -2,0 0,0 0,0 0,1 0,1 0,0
M2 1,0 -1,0 1,0 1,0 0,0 2,0 2,0 0,0 0,0 0,-1 0,-1 0,0
M2 1,0 -1,0 1,0 1,0 0,0 2,0 2,0 0,0 0,0 0,1 0,1 0,0
M2 -1,0 1,0 -1,0 -1,0 -2,0 0,0 0,0 -2,0 0,-1 0,0 0,0 0,-1
M2 -1,0 1,0 -1,0 -1,0 -2,0 0,0 0,0 -2,0 0,1 0,0 0,0 0,1
M2 -1,0 1,0 -1,0 -1,0 2,0 0,0 0,0 2,0 0,-1 0,0 0,0 0,-1
M2 -1,0 1,0 -1,0 -1,0 2,0 0,0 0,0 2,0 0,1 0,0 0,0 0,1
M2 1,0 -1,0 1,0 1,0 -2,0 0,0 0,0 -2,0 0,-1 0,0 0,0 0,-1
M2 1,0 -1,0 1,0 1,0 -2,0 0,0 0,0 -2,0 0,1 0,0 0,0 0,1
M2 1,0 -1,0 1,0 1,0 2,0 0,0 0,0 2,0 0,-1 0,0 0,0 0,-1
M2 1,0 -1,0 1,0 1,0 2,0 0,0 0,0 2,0 0,1 0,0 0,0 0,1
