48
50
52
54
56
58
60
62
64
66
68
70
72
74
76
78
80
82
84
86
88
90
92
94
96
99
97
100
98
101
2430
2432
2438
2440
2466
2468
2474
2476
2502
2504
2510
2512
2538
2540
2546
2548
2574
2576
2582
2584
2610
2612
2618
2620
2646
2648
2654
2656
2682
2684
2690
2692
2722
2724
2730
2732
2770
2772
2774
2776
2806
2808
2810
2812
2830
2832
2838
2840
2878
2880
2882
2884
2902
2904
2910
2912
2938
2940
2946
2948
2986
2988
2990
2992
3022
3024
3026
3028
3046
3048
3054
3056
3082
3084
3090
3092
3130
3132
3134
3136
3154
3156
3162
3164
3202
3204
3206
3208
3238
3240
3242
3244
3262
3264
3270
3272
49
51
53
55
57
59
61
63
65
67
69
71
73
75
77
79
81
83
85
87
89
91
93
95
2431
2433
2439
2441
2467
2469
2475
2477
2503
2505
2511
2513
2539
2541
2547
2549
2575
2577
2583
2585
2611
2613
2619
2621
2647
2649
2655
2657
2683
2685
2691
2693
2723
2725
2731
2733
2771
2773
2775
2777
2807
2809
2811
2813
2831
2833
2839
2841
2879
2881
2883
2885
2903
2905
2911
2913
2939
2941
2947
2949
2987
2989
2991
2993
3023
3025
3027
3029
3047
3049
3055
3057
3083
3085
3091
3093
3131
3133
3135
3137
3155
3157
3163
3165
3203
3205
3207
3209
3239
3241
3243
3245
3263
3265
3271
3273