4956
4962
5012
5018
21084
21090
21140
21146
22428
22434
22484
22490
23772
23778
23828
23834
6524
6530
6580
6586
25340
25346
25396
25402
26684
26690
26740
26746
28028
28034
28084
28090
925
931
8989
8995
10333
10339
11677
11683
981
987
9045
9051
10389
10395
11733
11739
3948
3954
4004
4010
17388
17394
17444
17450
18732
18738
18788
18794
20076
20082
20132
20138
1036
1042
1092
1098
9100
9106
9156
9162
10444
10450
10500
10506
11788
11794
11844
11850
5069
5075
21197
21203
22541
22547
23885
23891
5125
5131
21253
21259
22597
22603
23941
23947
3837
3843
17277
17283
18621
18627
19965
19971
3893
3899
17333
17339
18677
18683
20021
20027
6637
6643
25453
25459
26797
26803
28141
28147
6693
6699
25509
25515
26853
26859
28197
28203