0
2
4
6
8
10
12
14
1
3
5
7
9
11
13
15
16
18
20
22
24
26
28
30
32
34
36
38
40
42
44
46
85
93
94
95
277
285
286
287
301
309
310
311
325
333
334
335
89
105
106
107
281
297
298
299
305
321
322
323
329
345
346
347
181
189
190
191
565
573
574
575
589
597
598
599
613
621
622
623
185
201
202
203
569
585
586
587
593
609
610
611
617
633
634
635
17
19
21
23
25
27
29
31
33
35
37
39
41
43
45
47
4956
4962
5012
5018
21084
21090
21140
21146
22428
22434
22484
22490
23772
23778
23828
23834
6524
6530
6580
6586
25340
25346
25396
25402
26684
26690
26740
26746
28028
28034
28084
28090
925
931
8989
8995
10333
10339
11677
11683
981
987
9045
9051
10389
10395
11733
11739
3948
3954
4004
4010
17388
17394
17444
17450
18732
18738
18788
18794
20076
20082
20132
20138
1036
1042
1092
1098
9100
9106
9156
9162
10444
10450
10500
10506
11788
11794
11844
11850
5069
5075
21197
21203
22541
22547
23885
23891
5125
5131
21253
21259
22597
22603
23941
23947
3837
3843
17277
17283
18621
18627
19965
19971
3893
3899
17333
17339
18677
18683
20021
20027
6637
6643
25453
25459
26797
26803
28141
28147
6693
6699
25509
25515
26853
26859
28197
28203
5184
5190
5240
5246
21312
21318
21368
21374
22656
22662
22712
22718
24000
24006
24056
24062
6416
6422
6472
6478
25232
25238
25288
25294
26576
26582
26632
26638
27920
27926
27976
27982
6305
6311
25121
25127
26465
26471
27809
27815
6361
6367
25177
25183
26521
26527
27865
27871
3616
3622
3672
3678
17056
17062
17112
17118
18400
18406
18456
18462
19744
19750
19800
19806
1264
1270
1320
1326
9328
9334
9384
9390
10672
10678
10728
10734
12016
12022
12072
12078
3729
3735
17169
17175
18513
18519
19857
19863
3785
3791
17225
17231
18569
18575
19913
19919
1153
1159
9217
9223
10561
10567
11905
11911
1209
1215
9273
9279
10617
10623
11961
11967
5297
5303
21425
21431
22769
22775
24113
24119
5353
5359
21481
21487
22825
22831
24169
24175
648
654
650
656
652
658
744
750
746
752
748
754
756
762
758
764
760
766
768
774
770
776
772
778
696
702
698
704
700
706
888
894
890
896
892
898
900
906
902
908
904
910
912
918
914
920
916
922
649
655
651
657
653
659
745
751
747
753
749
755
757
763
759
765
761
767
769
775
771
777
773
779
697
703
699
705
701
707
889
895
891
897
893
899
901
907
903
909
905
911
913
919
915
921
917
923
48
49
50
51
52
53
54
55
56
57
58
59