5070
5076
5126
5132
21198
21204
21254
21260
22542
22548
22598
22604
23886
23892
23942
23948
6638
6644
6694
6700
25454
25460
25510
25516
26798
26804
26854
26860
28142
28148
28198
28204
4959
4965
21087
21093
22431
22437
23775
23781
5015
5021
21143
21149
22487
22493
23831
23837
3838
3844
3894
3900
17278
17284
17334
17340
18622
18628
18678
18684
19966
19972
20022
20028
926
932
982
988
8990
8996
9046
9052
10334
10340
10390
10396
11678
11684
11734
11740
1039
1045
9103
9109
10447
10453
11791
11797
1095
1101
9159
9165
10503
10509
11847
11853
6527
6533
25343
25349
26687
26693
28031
28037
6583
6589
25399
25405
26743
26749
28087
28093
3951
3957
17391
17397
18735
18741
20079
20085
4007
4013
17447
17453
18791
18797
20135
20141