1 0 0 0 0 0 0 0 0 0 0
-1 0 0 0 0 0 0 0 0 0 0
0 1 0 0 0 0 0 0 0 0 0
0 -1 0 0 0 0 0 0 0 0 0
0 0 1 0 0 0 0 0 0 0 0
0 0 -1 0 0 0 0 0 0 0 0
0 0 0 1 0 0 0 0 0 0 0
0 0 0 0 1 0 0 0 0 0 0
0 0 0 0 -1 0 0 0 0 0 0
0 0 0 0 0 -1 0 0 0 0 0
0 0 0 0 0 0 1 0 0 0 0
0 0 0 0 0 0 -1 0 0 0 0
0 0 0 0 0 0 0 1 0 0 0
0.5 0.5 0.5 0.5 0 0 0 0 0 0 0
0.5 0.5 -0.5 0.5 0 0 0 0 0 0 0
0.5 -0.5 0.5 0.5 0 0 0 0 0 0 0
0.5 -0.5 -0.5 0.5 0 0 0 0 0 0 0
-0.5 0.5 0.5 0.5 0 0 0 0 0 0 0
-0.5 0.5 -0.5 0.5 0 0 0 0 0 0 0
-0.5 -0.5 0.5 0.5 0 0 0 0 0 0 0
-0.5 -0.5 -0.5 0.5 0 0 0 0 0 0 0
0.5 0.5 0 0 0.5 -0.5 0 0 0 0 0
0.5 0.5 0 0 -0.5 -0.5 0 0 0 0 0
0.5 -0.5 0 0 0.5 -0.5 0 0 0 0 0
0.5 -0.5 0 0 -0.5 -0.5 0 0 0 0 0
-0.5 0.5 0 0 0.5 -0.5 0 0 0 0 0
-0.5 0.5 0 0 -0.5 -0.5 0 0 0 0 0
-0.5 -0.5 0 0 0.5 -0.5 0 0 0 0 0
-0.5 -0.5 0 0 -0.5 -0.5 0 0 0 0 0
0.5 0.5 0 0 0 0 0.5 0.5 0 0 0
0.5 0.5 0 0 0 0 -0.5 0.5 0 0 0
0.5 -0.5 0 0 0 0 0.5 0.5 0 0 0
0.5 -0.5 0 0 0 0 -0.5 0.5 0 0 0
-0.5 0.5 0 0 0 0 0.5 0.5 0 0 0
-0.5 0.5 0 0 0 0 -0.5 0.5 0 0 0
-0.5 -0.5 0 0 0 0 0.5 0.5 0 0 0
-0.5 -0.5 0 0 0 0 -0.5 0.5 0 0 0
0 0 0.5 0.5 0.5 0.5 0 0 0 0 0
0 0 0.5 0.5 0.5 -0.5 0 0 0 0 0
0 0 0.5 0.5 -0.5 0.5 0 0 0 0 0
0 0 0.5 0.5 -0.5 -0.5 0 0 0 0 0
0 0 0.5 -0.5 0.5 -0.5 0 0 0 0 0
0 0 0.5 -0.5 -0.5 -0.5 0 0 0 0 0
0 0 -0.5 0.5 0.5 0.5 0 0 0 0 0
0 0 -0.5 0.5 0.5 -0.5 0 0 0 0 0
0 0 -0.5 0.5 -0.5 0.5 0 0 0 0 0
0 0 -0.5 0.5 -0.5 -0.5 0 0 0 0 0
0 0 -0.5 -0.5 0.5 -0.5 0 0 0 0 0
0 0 -0.5 -0.5 -0.5 -0.5 0 0 0 0 0
0 0 0.5 0.5 0 0 0.5 0.5 0 0 0
0 0 0.5 0.5 0 0 0.5 -0.5 0 0 0
0 0 0.5 0.5 0 0 -0.5 0.5 0 0 0
0 0 0.5 0.5 0 0 -0.5 -0.5 0 0 0
0 0 0.5 -0.5 0 0 0.5 0.5 0 0 0
0 0 0.5 -0.5 0 0 -0.5 0.5 0 0 0
0 0 -0.5 0.5 0 0 0.5 0.5 0 0 0
0 0 -0.5 0.5 0 0 0.5 -0.5 0 0 0
0 0 -0.5 0.5 0 0 -0.5 0.5 0 0 0
0 0 -0.5 0.5 0 0 -0.5 -0.5 0 0 0
0 0 -0.5 -0.5 0 0 0.5 0.5 0 0 0
0 0 -0.5 -0.5 0 0 -0.5 0.5 0 0 0
0 0 0 0 0.5 0.5 0.5 0.5 0 0 0
0 0 0 0 0.5 0.5 -0.5 0.5 0 0 0
0 0 0 0 0.5 -0.5 0.5 0.5 0 0 0
0 0 0 0 0.5 -0.5 0.5 -0.5 0 0 0
0 0 0 0 0.5 -0.5 -0.5 0.5 0 0 0
0 0 0 0 0.5 -0.5 -0.5 -0.5 0 0 0
0 0 0 0 -0.5 0.5 0.5 0.5 0 0 0
0 0 0 0 -0.5 0.5 -0.5 0.5 0 0 0
0 0 0 0 -0.5 -0.5 0.5 0.5 0 0 0
0 0 0 0 -0.5 -0.5 0.5 -0.5 0 0 0
0 0 0 0 -0.5 -0.5 -0.5 0.5 0 0 0
0 0 0 0 -0.5 -0.5 -0.5 -0.5 0 0 0
0.5 0 0.5 0 0.5 0 0 0 0.5 0 0
0.5 0 0.5 0 0.5 0 0 0 -0.5 0 0
0.5 0 0.5 0 -0.5 0 0 0 0.5 0 0
0.5 0 0.5 0 -0.5 0 0 0 -0.5 0 0
0.5 0 -0.5 0 0.5 0 0 0 0.5 0 0
0.5 0 -0.5 0 0.5 0 0 0 -0.5 0 0
0.5 0 -0.5 0 -0.5 0 0 0 0.5 0 0
0.5 0 -0.5 0 -0.5 0 0 0 -0.5 0 0
-0.5 0 0.5 0 0.5 0 0 0 0.5 0 0
-0.5 0 0.5 0 0.5 0 0 0 -0.5 0 0
-0.5 0 0.5 0 -0.5 0 0 0 0.5 0 0
-0.5 0 0.5 0 -0.5 0 0 0 -0.5 0 0
-0.5 0 -0.5 0 0.5 0 0 0 0.5 0 0
-0.5 0 -0.5 0 0.5 0 0 0 -0.5 0 0
-0.5 0 -0.5 0 -0.5 0 0 0 0.5 0 0
-0.5 0 -0.5 0 -0.5 0 0 0 -0.5 0 0
0.5 0 0 0.5 0 0 0.5 0 0.5 0 0
0.5 0 0 0.5 0 0 0.5 0 -0.5 0 0
0.5 0 0 0.5 0 0 -0.5 0 0.5 0 0
0.5 0 0 0.5 0 0 -0.5 0 -0.5 0 0
-0.5 0 0 0.5 0 0 0.5 0 0.5 0 0
-0.5 0 0 0.5 0 0 0.5 0 -0.5 0 0
-0.5 0 0 0.5 0 0 -0.5 0 0.5 0 0
-0.5 0 0 0.5 0 0 -0.5 0 -0.5 0 0
0.5 0 0 0 0 0.5 0 0.5 0.5 0 0
0.5 0 0 0 0 0.5 0 0.5 -0.5 0 0
0.5 0 0 0 0 -0.5 0 0.5 0.5 0 0
0.5 0 0 0 0 -0.5 0 0.5 -0.5 0 0
0.5 0 0 0 0 -0.5 0 -0.5 0.5 0 0
0.5 0 0 0 0 -0.5 0 -0.5 -0.5 0 0
-0.5 0 0 0 0 0.5 0 0.5 0.5 0 0
-0.5 0 0 0 0 0.5 0 0.5 -0.5 0 0
-0.5 0 0 0 0 -0.5 0 0.5 0.5 0 0
-0.5 0 0 0 0 -0.5 0 0.5 -0.5 0 0
-0.5 0 0 0 0 -0.5 0 -0.5 0.5 0 0
-0.5 0 0 0 0 -0.5 0 -0.5 -0.5 0 0
0 0.5 0.5 0 0 0 0 0.5 0.5 0 0
0 0.5 0.5 0 0 0 0 0.5 -0.5 0 0
0 0.5 -0.5 0 0 0 0 0.5 0.5 0 0
0 0.5 -0.5 0 0 0 0 0.5 -0.5 0 0
0 -0.5 0.5 0 0 0 0 0.5 0.5 0 0
0 -0.5 0.5 0 0 0 0 0.5 -0.5 0 0
0 -0.5 -0.5 0 0 0 0 0.5 0.5 0 0
0 -0.5 -0.5 0 0 0 0 0.5 -0.5 0 0
0 0.5 0 0.5 0 0.5 0 0 0.5 0 0
0 0.5 0 0.5 0 0.5 0 0 -0.5 0 0
0 0.5 0 0.5 0 -0.5 0 0 0.5 0 0
0 0.5 0 0.5 0 -0.5 0 0 -0.5 0 0
0 0.5 0 -0.5 0 -0.5 0 0 0.5 0 0
0 0.5 0 -0.5 0 -0.5 0 0 -0.5 0 0
0 -0.5 0 0.5 0 0.5 0 0 0.5 0 0
0 -0.5 0 0.5 0 0.5 0 0 -0.5 0 0
0 -0.5 0 0.5 0 -0.5 0 0 0.5 0 0
0 -0.5 0 0.5 0 -0.5 0 0 -0.5 0 0
0 -0.5 0 -0.5 0 -0.5 0 0 0.5 0 0
0 -0.5 0 -0.5 0 -0.5 0 0 -0.5 0 0
0 0.5 0 0 0.5 0 0.5 0 0.5 0 0
0 0.5 0 0 0.5 0 0.5 0 -0.5 0 0
0 0.5 0 0 0.5 0 -0.5 0 0.5 0 0
0 0.5 0 0 0.5 0 -0.5 0 -0.5 0 0
0 0.5 0 0 -0.5 0 0.5 0 0.5 0 0
0 0.5 0 0 -0.5 0 0.5 0 -0.5 0 0
0 0.5 0 0 -0.5 0 -0.5 0 0.5 0 0
0 0.5 0 0 -0.5 0 -0.5 0 -0.5 0 0
0 -0.5 0 0 0.5 0 0.5 0 0.5 0 0
0 -0.5 0 0 0.5 0 0.5 0 -0.5 0 0
0 -0.5 0 0 0.5 0 -0.5 0 0.5 0 0
0 -0.5 0 0 0.5 0 -0.5 0 -0.5 0 0
0 -0.5 0 0 -0.5 0 0.5 0 0.5 0 0
0 -0.5 0 0 -0.5 0 0.5 0 -0.5 0 0
0 -0.5 0 0 -0.5 0 -0.5 0 0.5 0 0
0 -0.5 0 0 -0.5 0 -0.5 0 -0.5 0 0
0 0 0.5 0 0 -0.5 0.5 0 0.5 0 0
0 0 0.5 0 0 -0.5 0.5 0 -0.5 0 0
0 0 0.5 0 0 -0.5 -0.5 0 0.5 0 0
0 0 0.5 0 0 -0.5 -0.5 0 -0.5 0 0
0 0 -0.5 0 0 -0.5 0.5 0 0.5 0 0
0 0 -0.5 0 0 -0.5 0.5 0 -0.5 0 0
0 0 -0.5 0 0 -0.5 -0.5 0 0.5 0 0
0 0 -0.5 0 0 -0.5 -0.5 0 -0.5 0 0
0 0 0 0.5 0.5 0 0 0.5 0.5 0 0
0 0 0 0.5 0.5 0 0 0.5 -0.5 0 0
0 0 0 0.5 0.5 0 0 -0.5 0.5 0 0
0 0 0 0.5 0.5 0 0 -0.5 -0.5 0 0
0 0 0 0.5 -0.5 0 0 0.5 0.5 0 0
0 0 0 0.5 -0.5 0 0 0.5 -0.5 0 0
0 0 0 0.5 -0.5 0 0 -0.5 0.5 0 0
0 0 0 0.5 -0.5 0 0 -0.5 -0.5 0 0
0 0 0 -0.5 0.5 0 0 0.5 0.5 0 0
0 0 0 -0.5 0.5 0 0 0.5 -0.5 0 0
0 0 0 -0.5 -0.5 0 0 0.5 0.5 0 0
0 0 0 -0.5 -0.5 0 0 0.5 -0.5 0 0
0.5 0 0.5 0 0 -0.5 0 0 0 0.5 0
0.5 0 0.5 0 0 -0.5 0 0 0 -0.5 0
0.5 0 -0.5 0 0 -0.5 0 0 0 0.5 0
0.5 0 -0.5 0 0 -0.5 0 0 0 -0.5 0
-0.5 0 0.5 0 0 -0.5 0 0 0 0.5 0
-0.5 0 0.5 0 0 -0.5 0 0 0 -0.5 0
-0.5 0 -0.5 0 0 -0.5 0 0 0 0.5 0
-0.5 0 -0.5 0 0 -0.5 0 0 0 -0.5 0
0.5 0 0 0.5 0 0 0 0.5 0 0.5 0
0.5 0 0 0.5 0 0 0 0.5 0 -0.5 0
0.5 0 0 0.5 0 0 0 -0.5 0 0.5 0
0.5 0 0 0.5 0 0 0 -0.5 0 -0.5 0
0.5 0 0 -0.5 0 0 0 0.5 0 0.5 0
0.5 0 0 -0.5 0 0 0 0.5 0 -0.5 0
-0.5 0 0 0.5 0 0 0 0.5 0 0.5 0
-0.5 0 0 0.5 0 0 0 0.5 0 -0.5 0
-0.5 0 0 0.5 0 0 0 -0.5 0 0.5 0
-0.5 0 0 0.5 0 0 0 -0.5 0 -0.5 0
-0.5 0 0 -0.5 0 0 0 0.5 0 0.5 0
-0.5 0 0 -0.5 0 0 0 0.5 0 -0.5 0
0.5 0 0 0 0.5 0 0.5 0 0 0.5 0
0.5 0 0 0 0.5 0 0.5 0 0 -0.5 0
0.5 0 0 0 0.5 0 -0.5 0 0 0.5 0
0.5 0 0 0 0.5 0 -0.5 0 0 -0.5 0
0.5 0 0 0 -0.5 0 0.5 0 0 0.5 0
0.5 0 0 0 -0.5 0 0.5 0 0 -0.5 0
0.5 0 0 0 -0.5 0 -0.5 0 0 0.5 0
0.5 0 0 0 -0.5 0 -0.5 0 0 -0.5 0
-0.5 0 0 0 0.5 0 0.5 0 0 0.5 0
-0.5 0 0 0 0.5 0 0.5 0 0 -0.5 0
-0.5 0 0 0 0.5 0 -0.5 0 0 0.5 0
-0.5 0 0 0 0.5 0 -0.5 0 0 -0.5 0
-0.5 0 0 0 -0.5 0 0.5 0 0 0.5 0
-0.5 0 0 0 -0.5 0 0.5 0 0 -0.5 0
-0.5 0 0 0 -0.5 0 -0.5 0 0 0.5 0
-0.5 0 0 0 -0.5 0 -0.5 0 0 -0.5 0
0 0.5 0.5 0 0 0 0.5 0 0 0.5 0
0 0.5 0.5 0 0 0 0.5 0 0 -0.5 0
0 0.5 0.5 0 0 0 -0.5 0 0 0.5 0
0 0.5 0.5 0 0 0 -0.5 0 0 -0.5 0
0 0.5 -0.5 0 0 0 0.5 0 0 0.5 0
0 0.5 -0.5 0 0 0 0.5 0 0 -0.5 0
0 0.5 -0.5 0 0 0 -0.5 0 0 0.5 0
0 0.5 -0.5 0 0 0 -0.5 0 0 -0.5 0
0 -0.5 0.5 0 0 0 0.5 0 0 0.5 0
0 -0.5 0.5 0 0 0 0.5 0 0 -0.5 0
0 -0.5 0.5 0 0 0 -0.5 0 0 0.5 0
0 -0.5 0.5 0 0 0 -0.5 0 0 -0.5 0
0 -0.5 -0.5 0 0 0 0.5 0 0 0.5 0
0 -0.5 -0.5 0 0 0 0.5 0 0 -0.5 0
0 -0.5 -0.5 0 0 0 -0.5 0 0 0.5 0
0 -0.5 -0.5 0 0 0 -0.5 0 0 -0.5 0
0 0.5 0 0.5 0.5 0 0 0 0 0.5 0
0 0.5 0 0.5 0.5 0 0 0 0 -0.5 0
0 0.5 0 0.5 -0.5 0 0 0 0 0.5 0
0 0.5 0 0.5 -0.5 0 0 0 0 -0.5 0
0 -0.5 0 0.5 0.5 0 0 0 0 0.5 0
0 -0.5 0 0.5 0.5 0 0 0 0 -0.5 0
0 -0.5 0 0.5 -0.5 0 0 0 0 0.5 0
0 -0.5 0 0.5 -0.5 0 0 0 0 -0.5 0
0 0.5 0 0 0 0.5 0 0.5 0 0.5 0
0 0.5 0 0 0 0.5 0 0.5 0 -0.5 0
0 0.5 0 0 0 -0.5 0 0.5 0 0.5 0
0 0.5 0 0 0 -0.5 0 0.5 0 -0.5 0
0 0.5 0 0 0 -0.5 0 -0.5 0 0.5 0
0 0.5 0 0 0 -0.5 0 -0.5 0 -0.5 0
0 -0.5 0 0 0 0.5 0 0.5 0 0.5 0
0 -0.5 0 0 0 0.5 0 0.5 0 -0.5 0
0 -0.5 0 0 0 -0.5 0 0.5 0 0.5 0
0 -0.5 0 0 0 -0.5 0 0.5 0 -0.5 0
0 -0.5 0 0 0 -0.5 0 -0.5 0 0.5 0
0 -0.5 0 0 0 -0.5 0 -0.5 0 -0.5 0
0 0 0.5 0 0.5 0 0 0.5 0 0.5 0
0 0 0.5 0 0.5 0 0 0.5 0 -0.5 0
0 0 0.5 0 -0.5 0 0 0.5 0 0.5 0
0 0 0.5 0 -0.5 0 0 0.5 0 -0.5 0
0 0 -0.5 0 0.5 0 0 0.5 0 0.5 0
0 0 -0.5 0 0.5 0 0 0.5 0 -0.5 0
0 0 -0.5 0 -0.5 0 0 0.5 0 0.5 0
0 0 -0.5 0 -0.5 0 0 0.5 0 -0.5 0
0 0 0 0.5 0 0.5 0.5 0 0 0.5 0
0 0 0 0.5 0 0.5 0.5 0 0 -0.5 0
0 0 0 0.5 0 0.5 -0.5 0 0 0.5 0
0 0 0 0.5 0 0.5 -0.5 0 0 -0.5 0
0 0 0 0.5 0 -0.5 0.5 0 0 0.5 0
0 0 0 0.5 0 -0.5 0.5 0 0 -0.5 0
0 0 0 0.5 0 -0.5 -0.5 0 0 0.5 0
0 0 0 0.5 0 -0.5 -0.5 0 0 -0.5 0
0 0 0 -0.5 0 -0.5 0.5 0 0 0.5 0
0 0 0 -0.5 0 -0.5 0.5 0 0 -0.5 0
0 0 0 -0.5 0 -0.5 -0.5 0 0 0.5 0
0 0 0 -0.5 0 -0.5 -0.5 0 0 -0.5 0
0.5 0 0.5 0 0 0 0.5 0 0 0 0.5
0.5 0 0.5 0 0 0 0.5 0 0 0 -0.5
0.5 0 0.5 0 0 0 -0.5 0 0 0 0.5
0.5 0 0.5 0 0 0 -0.5 0 0 0 -0.5
0.5 0 -0.5 0 0 0 0.5 0 0 0 0.5
0.5 0 -0.5 0 0 0 0.5 0 0 0 -0.5
0.5 0 -0.5 0 0 0 -0.5 0 0 0 0.5
0.5 0 -0.5 0 0 0 -0.5 0 0 0 -0.5
-0.5 0 0.5 0 0 0 0.5 0 0 0 0.5
-0.5 0 0.5 0 0 0 0.5 0 0 0 -0.5
-0.5 0 0.5 0 0 0 -0.5 0 0 0 0.5
-0.5 0 0.5 0 0 0 -0.5 0 0 0 -0.5
-0.5 0 -0.5 0 0 0 0.5 0 0 0 0.5
-0.5 0 -0.5 0 0 0 0.5 0 0 0 -0.5
-0.5 0 -0.5 0 0 0 -0.5 0 0 0 0.5
-0.5 0 -0.5 0 0 0 -0.5 0 0 0 -0.5
0.5 0 0 0.5 0 0.5 0 0 0 0 0.5
0.5 0 0 0.5 0 0.5 0 0 0 0 -0.5
0.5 0 0 0.5 0 -0.5 0 0 0 0 0.5
0.5 0 0 0.5 0 -0.5 0 0 0 0 -0.5
0.5 0 0 -0.5 0 -0.5 0 0 0 0 0.5
0.5 0 0 -0.5 0 -0.5 0 0 0 0 -0.5
-0.5 0 0 0.5 0 0.5 0 0 0 0 0.5
-0.5 0 0 0.5 0 0.5 0 0 0 0 -0.5
-0.5 0 0 0.5 0 -0.5 0 0 0 0 0.5
-0.5 0 0 0.5 0 -0.5 0 0 0 0 -0.5
-0.5 0 0 -0.5 0 -0.5 0 0 0 0 0.5
-0.5 0 0 -0.5 0 -0.5 0 0 0 0 -0.5
0.5 0 0 0 0.5 0 0 0.5 0 0 0.5
0.5 0 0 0 0.5 0 0 0.5 0 0 -0.5
0.5 0 0 0 -0.5 0 0 0.5 0 0 0.5
0.5 0 0 0 -0.5 0 0 0.5 0 0 -0.5
-0.5 0 0 0 0.5 0 0 0.5 0 0 0.5
-0.5 0 0 0 0.5 0 0 0.5 0 0 -0.5
-0.5 0 0 0 -0.5 0 0 0.5 0 0 0.5
-0.5 0 0 0 -0.5 0 0 0.5 0 0 -0.5
0 0.5 0.5 0 0.5 0 0 0 0 0 0.5
0 0.5 0.5 0 0.5 0 0 0 0 0 -0.5
0 0.5 0.5 0 -0.5 0 0 0 0 0 0.5
0 0.5 0.5 0 -0.5 0 0 0 0 0 -0.5
0 0.5 -0.5 0 0.5 0 0 0 0 0 0.5
0 0.5 -0.5 0 0.5 0 0 0 0 0 -0.5
0 0.5 -0.5 0 -0.5 0 0 0 0 0 0.5
0 0.5 -0.5 0 -0.5 0 0 0 0 0 -0.5
0 -0.5 0.5 0 0.5 0 0 0 0 0 0.5
0 -0.5 0.5 0 0.5 0 0 0 0 0 -0.5
0 -0.5 0.5 0 -0.5 0 0 0 0 0 0.5
0 -0.5 0.5 0 -0.5 0 0 0 0 0 -0.5
0 -0.5 -0.5 0 0.5 0 0 0 0 0 0.5
0 -0.5 -0.5 0 0.5 0 0 0 0 0 -0.5
0 -0.5 -0.5 0 -0.5 0 0 0 0 0 0.5
0 -0.5 -0.5 0 -0.5 0 0 0 0 0 -0.5
0 0.5 0 0.5 0 0 0 0.5 0 0 0.5
0 0.5 0 0.5 0 0 0 0.5 0 0 -0.5
0 0.5 0 0.5 0 0 0 -0.5 0 0 0.5
0 0.5 0 0.5 0 0 0 -0.5 0 0 -0.5
0 0.5 0 -0.5 0 0 0 0.5 0 0 0.5
0 0.5 0 -0.5 0 0 0 0.5 0 0 -0.5
0 -0.5 0 0.5 0 0 0 0.5 0 0 0.5
0 -0.5 0 0.5 0 0 0 0.5 0 0 -0.5
0 -0.5 0 0.5 0 0 0 -0.5 0 0 0.5
0 -0.5 0 0.5 0 0 0 -0.5 0 0 -0.5
0 -0.5 0 -0.5 0 0 0 0.5 0 0 0.5
0 -0.5 0 -0.5 0 0 0 0.5 0 0 -0.5
0 0.5 0 0 0 -0.5 0.5 0 0 0 0.5
0 0.5 0 0 0 -0.5 0.5 0 0 0 -0.5
0 0.5 0 0 0 -0.5 -0.5 0 0 0 0.5
0 0.5 0 0 0 -0.5 -0.5 0 0 0 -0.5
0 -0.5 0 0 0 -0.5 0.5 0 0 0 0.5
0 -0.5 0 0 0 -0.5 0.5 0 0 0 -0.5
0 -0.5 0 0 0 -0.5 -0.5 0 0 0 0.5
0 -0.5 0 0 0 -0.5 -0.5 0 0 0 -0.5
0 0 0.5 0 0 0.5 0 0.5 0 0 0.5
0 0 0.5 0 0 0.5 0 0.5 0 0 -0.5
0 0 0.5 0 0 -0.5 0 0.5 0 0 0.5
0 0 0.5 0 0 -0.5 0 0.5 0 0 -0.5
0 0 0.5 0 0 -0.5 0 -0.5 0 0 0.5
0 0 0.5 0 0 -0.5 0 -0.5 0 0 -0.5
0 0 -0.5 0 0 0.5 0 0.5 0 0 0.5
0 0 -0.5 0 0 0.5 0 0.5 0 0 -0.5
0 0 -0.5 0 0 -0.5 0 0.5 0 0 0.5
0 0 -0.5 0 0 -0.5 0 0.5 0 0 -0.5
0 0 -0.5 0 0 -0.5 0 -0.5 0 0 0.5
0 0 -0.5 0 0 -0.5 0 -0.5 0 0 -0.5
0 0 0 0.5 0.5 0 0.5 0 0 0 0.5
0 0 0 0.5 0.5 0 0.5 0 0 0 -0.5
0 0 0 0.5 0.5 0 -0.5 0 0 0 0.5
0 0 0 0.5 0.5 0 -0.5 0 0 0 -0.5
0 0 0 0.5 -0.5 0 0.5 0 0 0 0.5
0 0 0 0.5 -0.5 0 0.5 0 0 0 -0.5
0 0 0 0.5 -0.5 0 -0.5 0 0 0 0.5
0 0 0 0.5 -0.5 0 -0.5 0 0 0 -0.5
0.5 0.5 0 0 0 0 0 0 0.5 0.35355339059327379 0.35355339059327379
0.5 0.5 0 0 0 0 0 0 -0.5 -0.35355339059327379 -0.35355339059327379
0.5 0.5 0 0 0 0 0 0 0.5 -0.35355339059327379 -0.35355339059327379
0.5 0.5 0 0 0 0 0 0 -0.5 0.35355339059327379 0.35355339059327379
0.5 0.5 0 0 0 0 0 0 0 0.5 -0.5
0.5 0.5 0 0 0 0 0 0 0 -0.5 0.5
0.5 -0.5 0 0 0 0 0 0 0.5 0.35355339059327379 0.35355339059327379
0.5 -0.5 0 0 0 0 0 0 -0.5 -0.35355339059327379 -0.35355339059327379
0.5 -0.5 0 0 0 0 0 0 0.5 -0.35355339059327379 -0.35355339059327379
0.5 -0.5 0 0 0 0 0 0 -0.5 0.35355339059327379 0.35355339059327379
0.5 -0.5 0 0 0 0 0 0 0 0.5 -0.5
0.5 -0.5 0 0 0 0 0 0 0 -0.5 0.5
-0.5 0.5 0 0 0 0 0 0 0.5 0.35355339059327379 0.35355339059327379
-0.5 0.5 0 0 0 0 0 0 -0.5 -0.35355339059327379 -0.35355339059327379
-0.5 0.5 0 0 0 0 0 0 0.5 -0.35355339059327379 -0.35355339059327379
-0.5 0.5 0 0 0 0 0 0 -0.5 0.35355339059327379 0.35355339059327379
-0.5 0.5 0 0 0 0 0 0 0 0.5 -0.5
-0.5 0.5 0 0 0 0 0 0 0 -0.5 0.5
-0.5 -0.5 0 0 0 0 0 0 0.5 0.35355339059327379 0.35355339059327379
-0.5 -0.5 0 0 0 0 0 0 -0.5 -0.35355339059327379 -0.35355339059327379
-0.5 -0.5 0 0 0 0 0 0 0.5 -0.35355339059327379 -0.35355339059327379
-0.5 -0.5 0 0 0 0 0 0 -0.5 0.35355339059327379 0.35355339059327379
-0.5 -0.5 0 0 0 0 0 0 0 0.5 -0.5
-0.5 -0.5 0 0 0 0 0 0 0 -0.5 0.5
0 0 0.5 0.5 0 0 0 0 0.5 0.35355339059327379 0.35355339059327379
0 0 0.5 0.5 0 0 0 0 -0.5 -0.35355339059327379 -0.35355339059327379
0 0 0.5 0.5 0 0 0 0 0.5 -0.35355339059327379 -0.35355339059327379
0 0 0.5 0.5 0 0 0 0 -0.5 0.35355339059327379 0.35355339059327379
0 0 0.5 0.5 0 0 0 0 0 0.5 -0.5
0 0 0.5 0.5 0 0 0 0 0 -0.5 0.5
0 0 -0.5 0.5 0 0 0 0 0.5 0.35355339059327379 0.35355339059327379
0 0 -0.5 0.5 0 0 0 0 -0.5 -0.35355339059327379 -0.35355339059327379
0 0 -0.5 0.5 0 0 0 0 0.5 -0.35355339059327379 -0.35355339059327379
0 0 -0.5 0.5 0 0 0 0 -0.5 0.35355339059327379 0.35355339059327379
0 0 -0.5 0.5 0 0 0 0 0 0.5 -0.5
0 0 -0.5 0.5 0 0 0 0 0 -0.5 0.5
0 0 0 0 0.5 -0.5 0 0 0.5 0.35355339059327379 0.35355339059327379
0 0 0 0 0.5 -0.5 0 0 -0.5 -0.35355339059327379 -0.35355339059327379
0 0 0 0 0.5 -0.5 0 0 0.5 -0.35355339059327379 -0.35355339059327379
0 0 0 0 0.5 -0.5 0 0 -0.5 0.35355339059327379 0.35355339059327379
0 0 0 0 0.5 -0.5 0 0 0 0.5 -0.5
0 0 0 0 0.5 -0.5 0 0 0 -0.5 0.5
0 0 0 0 -0.5 -0.5 0 0 0.5 0.35355339059327379 0.35355339059327379
0 0 0 0 -0.5 -0.5 0 0 -0.5 -0.35355339059327379 -0.35355339059327379
0 0 0 0 -0.5 -0.5 0 0 0.5 -0.35355339059327379 -0.35355339059327379
0 0 0 0 -0.5 -0.5 0 0 -0.5 0.35355339059327379 0.35355339059327379
0 0 0 0 -0.5 -0.5 0 0 0 0.5 -0.5
0 0 0 0 -0.5 -0.5 0 0 0 -0.5 0.5
0 0 0 0 0 0 0.5 0.5 0.5 0.35355339059327379 0.35355339059327379
0 0 0 0 0 0 0.5 0.5 -0.5 -0.35355339059327379 -0.35355339059327379
0 0 0 0 0 0 0.5 0.5 0.5 -0.35355339059327379 -0.35355339059327379
0 0 0 0 0 0 0.5 0.5 -0.5 0.35355339059327379 0.35355339059327379
0 0 0 0 0 0 0.5 0.5 0 0.5 -0.5
0 0 0 0 0 0 0.5 0.5 0 -0.5 0.5
0 0 0 0 0 0 -0.5 0.5 0.5 0.35355339059327379 0.35355339059327379
0 0 0 0 0 0 -0.5 0.5 -0.5 -0.35355339059327379 -0.35355339059327379
0 0 0 0 0 0 -0.5 0.5 0.5 -0.35355339059327379 -0.35355339059327379
0 0 0 0 0 0 -0.5 0.5 -0.5 0.35355339059327379 0.35355339059327379
0 0 0 0 0 0 -0.5 0.5 0 0.5 -0.5
0 0 0 0 0 0 -0.5 0.5 0 -0.5 0.5
0 0 0 0 0 0 0 0 1 0 0
0 0 0 0 0 0 0 0 0 0.70710678118654757 0.70710678118654757
0 0 0 0 0 0 0 0 0 -0.70710678118654757 -0.70710678118654757
0 0 0 0 0 0 0 0 -1 0 0
0 0 0 0 0 0 0 0 0.5 0.85355339059327373 -0.14644660940672621
0 0 0 0 0 0 0 0 0.50000000000000011 -0.14644660940672624 0.85355339059327384
0 0 0 0 0 0 0 0 -0.50000000000000011 0.14644660940672624 -0.85355339059327384
0 0 0 0 0 0 0 0 -0.5 -0.85355339059327373 0.14644660940672621
0 0 0 0 0 0 0 0 0.50000000000000011 0.14644660940672624 -0.85355339059327384
0 0 0 0 0 0 0 0 0.5 -0.85355339059327373 0.14644660940672621
0 0 0 0 0 0 0 0 -0.5 0.85355339059327373 -0.14644660940672621
0 0 0 0 0 0 0 0 -0.50000000000000011 -0.14644660940672624 0.85355339059327384
2.0811374240253287e-05 2.0829144347379227e-05 -2.5758915777837527e-08 -0.99799180927658093 7.8455329325850604e-07 -0.044792201907288019 2.5736564453602807e-08 0.04478810169617136 1.3584048656988505e-05 0.00012680748146674635 -0.00012680441510372681
2.1868627390696078e-05 2.1868624863251949e-05 -2.73276712952584e-08 0.045729050285246015 8.7335649244503621e-07 0.99790664407223639 2.7328615155508068e-08 0.045729050287634479 1.4740258387536557e-05 0.00013502180022757787 -0.00013502180523963274
2.0829167126144002e-05 2.0811334117661989e-05 -2.5739398347288601e-08 0.044788100033879522 7.8455000036806522e-07 -0.044792200303336846 2.575608261496816e-08 -0.99799180942320431 1.3584029523102175e-05 0.00012680430059675959 -0.00012680733704954333
0.50140286716554738 0.50205910148243649 0.49836197019791223 -0.4981057634140964 0.00013328752277742378 -0.0075196256913740355 -2.5403985268327812e-09 -0.00020825886586675225 0.00080248460034465182 0.00068118883282370735 0.00032345527615554212
0.50140288899037033 0.50205906236021747 -0.49836194720075433 -0.49810580353965067 0.00013326671691694258 -0.0075196423651237316 -2.5176571371050331e-09 -0.00020817782745051138 0.00080256180151867871 0.00068120079582123017 0.00032344580177770256
0.50178244516269499 -0.50207813068452778 0.49812078681910693 -0.49795041514041749 0.00012600786187382573 -0.0065855530266043317 6.6537544881959096e-10 -0.002713474766839208 0.001190019513927003 0.00083562496993843988 0.00036258459046870653
0.50178247392138431 -0.50207811109863187 -0.49812074272910911 -0.49795045037958563 0.00012599528670475746 -0.0065855467666323898 7.2112379992063798e-10 -0.0027134058337058521 0.0011900564735940326 0.00083563472317061424 0.00036257231931574862
-0.49807612817702479 0.49848272316216741 0.50001764657403125 -0.5033988235703809 -1.6713518343506085e-05 0.0013171235372473693 2.8263524803481394e-09 -0.00116843159966537 0.0013340925535034007 0.0012138617145083339 -0.00087704171929086521
-0.49807614276477546 0.49848272475584271 -0.50001761245527621 -0.50339884155304504 -1.6727709011224098e-05 0.0013170823007928633 2.8037215510709681e-09 -0.0011683788580891385 0.0013341387328370373 0.0012138943683460321 -0.00087699810494983954
-0.49881981686330412 -0.49939243276877898 0.49897363886221868 -0.50277587957081116 -1.9640202340530126e-05 0.0039284214841928044 4.4341420066386827e-09 -0.0026044965933192314 0.0017758272483105794 0.0014238220486332339 -0.00056029000716170446
-0.4988198274229465 -0.49939241670876156 -0.4989736571442947 -0.50277586786611184 -1.9657971835929224e-05 0.0039283208900041944 4.4259531882148255e-09 -0.0026044524140425604 0.00177585406665833 0.0014238267989988371 -0.00056023816641738748
0.50691355339645749 0.50691359570943084 -1.5144264139418988e-06 0.011731325410386025 0.49398914898883839 0.49170630544905475 1.5137873661505507e-06 0.011731326998096373 -1.5812127598283556e-05 -0.00090484131091310156 0.0009048256241530263
0.50694534913884104 0.5069453852698208 -1.5121125044499299e-06 0.011748497864347835 -0.49393752313349493 0.4916917356881253 1.5114863827942096e-06 0.011748499132055485 -1.585056421140179e-05 -0.00092058981793135164 0.0009205767374601833
0.50496361702998271 -0.50503889391802248 -2.0208945821638073e-06 0.014414109779810065 0.49505614489273292 0.49461725638028797 -2.5305466741266928e-08 -0.0032725109894644277 -3.3087437858707994e-05 0.00017653113945588378 0.0014615231138648758
0.50494250581265598 -0.50513857265883233 -2.1655833034558157e-06 0.014489733984201569 -0.49495437191202013 0.49463684628292864 -2.5610559461675091e-08 -0.0031802702301334299 -3.3458717619560547e-05 0.00018121541265277131 0.001596179005657573
-0.50503899019708798 0.5049634217689013 1.7478362061315884e-08 -0.003272831105902564 0.4950560457236447 0.49461745349271646 2.06378285289028e-06 0.01441412762855044 -3.3078574058735888e-05 -0.0014617053677741709 -0.00017654807830405706
-0.50513865761911136 0.5049422973302794 1.1039263278924383e-08 -0.0031805903117373235 -0.49495427668481656 0.49463706379586148 2.0954884228557504e-06 0.014489773027903056 -3.3449456854408949e-05 -0.0015963745805187672 -0.00018122971928958279
-0.49841065236776672 -0.49841057238434644 -4.8867739036172175e-08 -0.0033478784577505201 0.49971907270452287 0.50341727955462567 1.9116537598602604e-08 -0.0033472522460867627 0.00012778849296797329 0.0012619051394320931 -0.0012620779482554047
-0.49841075727326495 -0.49841068469418282 -6.4660897719552486e-08 -0.0033436143553059443 -0.49971383536346381 0.50342236418291075 2.0603106906222753e-08 -0.0033429700805007855 0.00012846039744355897 0.0012530578684356341 -0.0012532125821836224
0.50205906710455939 0.50140288027577562 4.0943400110779785e-09 -0.00020811975819578409 0.00013329666341071114 -0.0075196739069762764 0.49836197473407795 -0.49810577955763752 0.00080252818419161178 -0.00032350266945483345 -0.00068118772690636115
0.50205910421870636 0.5014028456297055 4.0639228658139863e-09 -0.00020819614210462211 0.00013329526479007132 -0.0075196712026736005 -0.49836201490960941 -0.49810573696638538 0.00080245251768992407 -0.00032350617907431754 -0.00068118088899123044
0.49848286566615718 -0.49807630523061541 -1.0367989355791511e-08 -0.0011682571403340261 -1.6709942026398672e-05 0.0013172993810570744 0.50001750275548928 -0.50339865063976941 0.0013339777920680553 0.00087705069267511907 -0.0012137466802827517
0.49848287462856117 -0.49807629643761414 -1.0391068538482757e-08 -0.0011682979775437755 -1.6709750928624379e-05 0.0013173241783564907 -0.50001753222563505 -0.50339862117680334 0.0013339370707252688 0.00087706253300050708 -0.0012137232588774641
-0.50207806587850479 0.50178248922411928 -9.5860294945089684e-09 -0.0027136730789088636 0.00012601094145240705 -0.0065856032362615535 0.49812079756062794 -0.49795042334624634 0.0011901124424602662 -0.00036262767093812518 -0.00083562062492612184
-0.50207808870627912 0.50178246589889364 -9.5526036508159092e-09 -0.0027137223901771788 0.00012600907944647639 -0.0065856073869505691 -0.49812082362013216 -0.49795039754968201 0.0011900679068600308 -0.00036263139659703785 -0.00083561850345914145
-0.49939234198789823 -0.49881991776930701 -2.0581316425433864e-08 -0.0026046614196262269 -1.9636145306069724e-05 0.0039287738240110087 0.49897359402381369 -0.50277591047836234 0.0017758493803057367 0.00056040427557132609 -0.0014237646058046151
-0.49939235068236559 -0.49881991030708495 -2.0588850830396898e-08 -0.0026046875822974087 -1.9635199090314924e-05 0.0039288010479637718 -0.49897359673502556 -0.50277590626195201 0.0017758308733273349 0.00056041800218226774 -0.0014237628709932245
0.046529237502832721 9.6072773032490762e-07 0.48635042539528467 -0.48633119131765873 0.53286173394814451 0.48632005254402894 1.2869763108264228e-11 0.046549578384822744 7.3904344747141078e-07 6.1264568295390995e-07 -0.046525067055060557
0.046529625302043978 9.6073067667535765e-07 0.48635029456501899 -0.48633106058290743 -0.53286199055474037 0.48631992165545479 1.2869080331563888e-11 0.046549966080128617 7.3903783828933827e-07 6.1264720628246378e-07 -0.04652545472364164
0.046529219223437134 9.6072810631158029e-07 -0.48635043157572783 -0.48633119748962939 0.53286172183731517 0.48632005870767653 1.2870041881236123e-11 0.046549560111020329 7.3904349898357759e-07 6.1264580968621645e-07 -0.046525048776154473
0.046529607021340291 9.6073152601133688e-07 -0.48635030074512298 -0.48633106675392057 -0.53286197844448735 0.48631992781996891 1.2869399001050812e-11 0.046549947806284867 7.3903877611687942e-07 6.1264632588642271e-07 -0.046525436444556437
8.8455368807993916e-07 8.8455427037194688e-07 0.51570134730398509 -0.48134599447073367 0.034330320007172781 -0.034356376999355648 0.51570134732035011 -0.48134599446862192 1.9724918247120797e-07 0.034332029232532431 -0.034332029239183673
8.8455361503938634e-07 8.8455357166261662e-07 0.51570135329700517 -0.48134598599365985 0.034330334474741958 -0.034356391463767989 -0.5157013532971626 -0.48134598599367645 1.9724937375863651e-07 0.034332043701989959 -0.034332043702075862
8.8455437892560443e-07 8.8455439310375732e-07 -0.51570134132691836 -0.48134600294590896 0.034330305539006956 -0.034356362535413409 0.51570134132713741 -0.48134600294595958 1.9724969670698974e-07 0.034332014769622089 -0.034332014769630846
8.8455435207699527e-07 8.8455376836918945e-07 -0.51570134731986517 -0.48134599446916926 0.034330320005308182 -0.034356377000484273 -0.51570134730339312 -0.48134599447136495 1.972493456812497e-07 0.034332029239378822 -0.034332029232723972
9.6072783977257181e-07 0.046529219223381518 -1.2870023532694746e-11 0.046549560111131191 0.5328617218376438 0.48632005870821038 0.48635043157540281 -0.4863311974890876 7.390436885164287e-07 0.046525048775816244 -6.1264574872415145e-07
9.607275518247283e-07 0.046529237502725335 -1.2876255128874053e-11 0.046549578384871573 0.53286173394762959 0.486320052543808 -0.48635042539591972 -0.48633119131784525 7.3904351028885741e-07 0.046525067054740056 -6.1264573183435979e-07
9.6073105152676497e-07 0.046529607021190834 -1.2832151229392849e-11 0.046549947806159293 -0.53286197844519501 0.48631992782045808 0.48635030074449281 -0.4863310667532959 7.3903855224641493e-07 0.046525436444729597 -6.126469396216039e-07
9.6073083401511065e-07 0.046529625302097005 -1.2830579582588108e-11 0.046549966080594793 -0.53286199055376082 0.48631992165518784 -0.48635029456563905 -0.48633106058356501 7.3903750448125154e-07 0.046525454723779225 -6.1264743986612284e-07
0.49402012447934796 -0.00015085114974787604 -7.9839188074803675e-09 -0.49509145178545449 -4.6221931259331244e-06 -0.0094406911101958552 0.5072711359906199 0.011983134411733567 0.50306855677798534 0.013181330340290513 -0.0044833407788931121
0.50685301580673625 -0.00011521361912561184 -5.5765943385310294e-08 -0.49410493631896135 -6.7854497631165031e-06 -0.026073907078423889 0.50055403729751624 0.00066673332895261263 -0.49771873383083343 0.0012092240754446211 0.00053038201909458749
0.49475850020381223 -0.00014813056050346683 -1.2600463530017131e-08 -0.49590543948829841 -4.6847127456776799e-06 -0.0077201539244104861 -0.50647014756691411 0.012262735736793288 0.50234882176099216 0.013185716253772411 -0.0064507300967859187
0.50645560105162379 -0.00011504417953037075 -7.2249624604337204e-08 -0.49445882498288296 -6.737690859860875e-06 -0.025301733168341632 -0.50084992360990399 0.0014435485866418065 -0.49749993163962714 0.0036906260467882536 0.00068634064336548721
-0.49465249917564125 -8.267476130151944e-05 -1.5736355137906076e-08 -0.49674098344046491 -2.1927759015833073e-05 -0.0082228920123201734 0.50675470655783139 0.013267375436066728 0.50132668417065473 0.012614890574337911 -0.0059784250167940131
-0.50630592208286285 -0.00020933876847737984 -6.6826616030830679e-08 -0.49446583806224981 -6.7209550789775205e-06 -0.026257528935155358 0.50114308764175086 0.0013321673567704463 -0.49730951126157003 0.0022191458254649122 0.00070922433166077594
-0.49464388392322328 -8.2569537264136231e-05 -1.5751003805299622e-08 -0.496759099204307 -2.2018581522351013e-05 -0.0082016331465784957 -0.50674942804600132 0.013269377459688871 0.50132307880973703 0.01262018642868893 -0.0059492613298551848
-0.50601310839149705 -0.00020928920809759822 -5.759305221634702e-08 -0.49473039470954749 -6.703981121673277e-06 -0.025682040966673744 -0.50136434929294948 0.0019015202744000715 -0.49713991679512581 0.0037915790300493239 0.00081249459991822196
0.52658111963710685 6.2922822942035377e-05 -3.96127617693831e-08 0.0020707465576851763 1.2462756811433286e-06 0.46671746963315092 -1.7763978545336018e-07 -0.46673489138874702 0.52861394765809244 0.061677940274942951 -0.061680655102621024
0.53064429113381151 4.8150200474200259e-06 -2.4259931260952074e-10 0.00083408033924921646 2.0550070984030433e-08 0.46178525700124534 4.8592820064112681e-09 -0.46178663789705787 -0.53132515469404995 0.069343116969614968 -0.069343566163020204
-0.52816485548081749 4.2414950490864141e-05 -1.9812020948304642e-08 0.0012060759974108499 6.7694174764040419e-07 0.46471976692609646 -2.3424656077488237e-08 -0.46472937959136373 0.52971800368255006 0.065193249126049305 -0.065201593783218964
-0.5328545441685929 4.2073009665526571e-07 -3.1516204761351593e-12 1.7586070783697724e-05 6.1191589964601385e-11 0.45889379433216837 1.1897763638294934e-12 -0.45889389506829475 -0.53287252726398493 0.07397896285824504 -0.073979022591684693
-0.00014812131147744109 0.49475848639787717 0.50647018276926559 0.012262731077996471 -5.1380452757410122e-06 -0.0077201263951653431 1.2963827427985183e-08 -0.49590543684395705 0.5023488016706803 0.0064508252747046638 -0.013185720817924074
-0.00011506314014165924 0.50645495673750174 0.50085056893501156 0.0014442877095861763 -6.7851133803206506e-06 -0.025300642508258475 7.0263883137744576e-08 -0.49445930458242948 -0.49749952571182854 -0.00068636973733343046 -0.003689112976408517
-0.00015084188797769113 0.49402013534706718 -0.50727111720849194 0.011983070161379453 -4.1672122026139419e-06 -0.0094408218967601681 8.3439950834686385e-09 -0.49509140096417081 0.50306861696962801 0.0044831520770345582 -0.013181286642377716
-0.00011522129319338048 0.50685376717998976 -0.50055307296598317 0.00066779974861353592 -6.7379019431904709e-06 -0.026075125727732469 5.3152233795544028e-08 -0.49410437890781622 -0.497719412622466 -0.00053066413021515 -0.0012148327636442293
-8.2555045566242523e-05 -0.49464386001468702 0.50674946682474664 0.01326936007244474 -2.2484652990668228e-05 -0.0082016029540273906 1.5786212431666394e-08 -0.49675909632638482 0.50132306588648579 0.0059493417459922562 -0.012620192309148693
-0.00020927026156756563 -0.50601258100851498 0.50136489242554028 0.001902493836671724 -6.7547176838074161e-06 -0.025681301539762776 5.5674451755543285e-08 -0.49473084171985687 -0.49713950938146506 -0.00081248241609591391 -0.0037897583594323106
-8.2661729048212019e-05 -0.49465251511362762 -0.50675467167208921 0.013267380986746876 -2.146055807098248e-05 -0.0082229240827627822 1.5771095784715803e-08 -0.4967409772442356 0.50132671004448759 0.0059783679805290764 -0.012614883936899381
-0.00020930105911827978 -0.50630620647454294 -0.50114265792654311 0.0013329790493191581 -6.6683434044569985e-06 -0.026257616977645087 6.5167685522704667e-08 -0.49446568912709732 -0.49730977013815675 -0.00070959883547033699 -0.002224820998055428
6.2922602988481444e-05 0.52658111529673268 1.7736652394981562e-07 -0.4667348928155593 1.2462720613345558e-06 0.46671747335547881 3.9600738593521255e-08 0.0020707486945562071 0.52861394788835303 0.061680653982429716 -0.061677937442561739
4.8150218655229917e-06 0.53064429111494982 -4.8270656976399671e-09 -0.46178663793997676 2.0550150228644692e-08 0.46178525698753964 2.4266997992868505e-10 0.00083408036389214554 -0.53132515468817521 0.069343566133025919 -0.069343116994121684
4.2414914195862428e-05 -0.52816485576364813 2.2924982986941548e-08 -0.46472937863318159 6.7693986100695414e-07 0.46471976647475954 1.9811598553974695e-08 0.0012060745122583292 0.52971800401598823 0.065201596544659596 -0.065193251438767738
4.2073042549738864e-07 -0.53285454416900924 -1.1497534523004507e-12 -0.45889389506799388 6.1160119772381134e-11 0.45889379433158761 3.1617563106443636e-12 1.7586070837963829e-05 -0.53287252726450951 0.073979022591134563 -0.07397896285748462
2.242113514595404e-05 2.2451253497226563e-05 0.50002331896125851 -0.0015110248629847632 -9.3589203343959182e-06 0.50189919726006915 0.50002330508906168 -0.0015110358514150886 0.49803964422038371 -0.0011215762389286091 0.00112159895447809
-1.5657786541939502e-05 -3.33262402041042e-06 0.49853473065375498 0.017673378085609797 -1.1025552310019468e-05 0.48771948962198924 0.49776321468877072 0.016911404280095601 -0.5149783542187194 0.0027672972703046378 -0.0039870244587598405
2.2422950190479924e-05 2.2449873124924657e-05 0.50002331784784204 -0.0015110227391872046 -9.3592737551123082e-06 0.5018991953970583 -0.50002330651136617 -0.00151103634617203 0.4980396457902504 -0.0011215802484043841 0.0011215960017437569
-3.7055651196169808e-06 -3.7044906055913073e-06 0.49816458029928751 0.016999872192514538 -1.0858511502209884e-05 0.48793107628837074 -0.49816294553400392 0.016998247772124438 -0.51474842954849598 0.0047500728874056326 -0.0047487137065886156
2.2423011519104079e-05 2.2449468442004985e-05 -0.50002330913678794 -0.0015110289966309249 -9.3591200137228634e-06 0.50189919490152801 0.50002331463080119 -0.0015110448215456863 0.49803964679470958 -0.0011216021834408163 0.0011215936964233618
-1.2770280594119767e-05 -1.2750279431179716e-05 -0.49811796662222779 0.017613193105062774 -1.1655672893097776e-05 0.4874818600022508 0.49811856760819523 0.017613788209511191 -0.51525561021495769 0.0021203613394568696 -0.0021236154771440653
2.2424818575172707e-05 2.2448089612530147e-05 -0.50002330802742911 -0.0015110269322488 -9.3594017764092001e-06 0.50189919310999864 -0.50002331605938166 -0.0015110454401767849 0.49803964828160446 -0.0011216061873537515 0.001121590752109952
-3.3335077838649298e-06 -1.5631819365554182e-05 -0.49776359511731644 0.016912808591158499 -1.1460174305423358e-05 0.48771871896905417 -0.49853412500777877 0.017673806631829336 -0.51497917290340245 0.0039914497445413134 -0.0027737390576350338
0.0029857556600299219 0.002985771913075893 -5.0311822179106726e-06 -0.46400470204595112 0.51909780579892628 -0.0059637763517275816 1.4327870108971754e-06 -0.46400461553793726 0.52342049166803539 0.1138297144896311 -0.11382974140427206
-0.00079928762952606429 -0.00079922480720945452 0.00034670152962235865 -0.47636790271870111 0.4885013283094724 -0.036212264983451654 -8.2977217280921691e-05 -0.47636816964650563 -0.52265145831855786 0.12852267957331687 -0.12852268887739801
0.0029012392622559092 0.0029012662016822174 3.6144778992666822e-06 -0.46386111964959098 -0.51914630032156217 -0.0058897626073584047 7.6936268800124023e-07 -0.46386111183326545 0.52342805137012871 0.11428997411747766 -0.11428999287648933
-0.0014700010052160427 -0.0014697845936893353 -0.00030845316549342358 -0.47639272140838135 -0.48818187148338377 -0.03644826851123175 -2.9836166429457886e-05 -0.47639275821320248 -0.52272514185937247 0.12884856194414646 -0.12884857755680848
0.49611045259447367 0.00061839758675073971 0.50861920934711313 0.0067767840867071381 3.485975725265863e-06 0.49103932608675488 1.2095445763489743e-06 0.014642943149816715 0.0010367754007705886 0.50367307571886455 -0.010627032639449694
0.50374367637406714 0.0013763836027995786 0.50205165289274267 0.0044866116605817947 3.3746028828109189e-05 0.4969117197618878 6.6959440040950424e-09 0.012559905194113784 -0.0014676406712663456 -0.4970374136658921 0.0060883559335609934
0.49609759942840331 0.00058965889869799087 -0.50861199441762361 0.0067789300217542233 4.6846958060047007e-06 0.49104738840301326 1.2097877367781982e-06 0.014627230394937425 0.0010386099356312363 0.50368567900303185 -0.010624212575340988
0.50407993308553933 0.0021392450027870567 -0.5025188468357128 0.0044457275237462053 3.3776775553757916e-05 0.49662658370591972 1.1614338697302947e-09 0.013101749249086261 -0.0016308726649628866 -0.49649220746505557 0.0060906761647575112
-0.49524117785854233 9.8770996113944982e-05 0.509132535836475 0.0065280328929461524 6.7580165725739725e-07 0.49102492817477256 -5.5104675383393728e-05 0.014860672537689934 0.00078985912011857173 0.50402877563577353 -0.01027903089894475
-0.50330547368881429 0.00055414965352827976 0.50135491772181295 0.0026795929081165197 2.9751061619211176e-07 0.49737701878392993 4.3926545376130265e-09 0.011791318756548437 -0.0012132257231893514 -0.49774823551246261 0.0064534832546888441
-0.49524113794528879 9.6095780327339739e-05 -0.50913448531918248 0.0065296130724184507 1.4684819833886488e-06 0.49102485972760357 -5.5115098225197815e-05 0.014861473112801671 0.00078955018229376036 0.50402689365952225 -0.010277832902353623
-0.50348056209188774 0.0010274549865265333 -0.50168337711084665 0.0026741826676764235 3.2104933301925337e-07 0.49723450760896359 -4.3607054213004803e-10 0.012087097204163264 -0.0013248204038935202 -0.49737507814559095 0.0063975639202509321
0.49344079318493145 0.017993606644617743 4.5648512193367508e-08 -0.47610401553881398 1.24971955344899e-05 -0.0073063266672903811 1.0780475066212394e-05 -0.47146357012381984 0.033365734968398342 0.5528644637690685 0.020339909647110348
0.49577514492245622 3.1670002119861987e-06 3.1543672946105444e-08 -0.46245415261141465 -0.010250415975770125 -0.010285655463483926 1.7953051175176397e-11 -0.45420233159030687 0.10545367109496386 -0.55969582204711799 -0.097224732846536072
-0.47972474736680315 0.0093541602588138942 -2.6771264195133214e-07 -0.47648210693795678 0.00015250355828059337 -0.010672712004232365 -3.9154251352179303e-05 -0.46835709910256457 0.052137602425096116 0.56429713469109799 0.046038880945317544
-0.46988949752428999 5.6621403015373068e-06 5.6209920684096432e-08 -0.46986411337557876 0.023695096578271804 -0.023721622118059636 3.82955166319617e-12 -0.45315190199345556 0.11896902134406163 -0.57214383334945373 -0.10226710971111419
-0.017542928909645161 0.50529084338934271 -6.4682873942290159e-06 -0.47806903042679733 0.49940430725860308 -0.00016992251802535965 2.1451143436483186e-05 0.025848447097797819 -0.0040148408942976086 0.51434900737045142 0.03434468440820769
0.0019384902902952082 0.50356313497375527 -1.020191774687445e-07 -0.49733975930477603 0.5044268656134292 -0.0048957984430081413 8.3778442167683592e-08 0.011726581976983017 -0.0018725080134811543 -0.49443093431295865 0.00041922995621878478
-0.017611726536831483 0.50457768188463037 5.3716833378729765e-06 -0.47809243046237471 -0.5001523891729126 -0.00013752412609241879 -2.4933435813880911e-05 0.02675731867026401 -0.0044964477891304205 0.51431964720973034 0.03324927603769795
0.0008864865763701502 0.50297297065099733 -9.578402560532265e-08 -0.49784902519056057 -0.50388391025046575 -0.0049987109080569985 7.1532491258698674e-08 0.010736510840829629 -0.0016435287852476564 -0.49509771575233824 0.00022121873172070543
-0.013984144170224472 -0.50242719801364077 -6.3569307896558541e-06 -0.47897145866425206 0.49822244540249583 -7.1393257239142258e-05 3.8145219438408736e-05 0.024751534434096584 -0.00066407515023306652 0.51755603320585442 0.035422556899408708
0.0025803083706086322 -0.50307823809133512 7.1200734816885289e-08 -0.49780151407531453 0.50376268387591527 -0.0045501451251821652 4.1144750473811121e-08 0.010247844405353701 -0.0018192366445854589 -0.49516997781578093 0.0003171725338646883
-0.007326699689329268 -0.4991705100135696 1.2203858627083677e-06 -0.47985400264719708 -0.49537164048551119 -0.00054378400729390101 -4.8830755614024006e-05 0.022694829787011792 -0.00050793788166714714 0.52232356888136999 0.042245394479274549
0.0016188098789516507 -0.50255008546202162 9.0591853529607315e-08 -0.49825199632064204 -0.50324328593910828 -0.0046124873721286102 4.0673409653848804e-08 0.0093069406355954735 -0.0016012610693429553 -0.49580385395566279 0.00012065791159830464
6.1235306955122038e-05 0.49373202085057827 -0.020426535279220816 0.025115153750401638 9.797358978681643e-07 0.4741090679302446 5.0135188362222101e-07 -0.48995736308426507 0.050814251393407332 0.53573517430455064 0.027363890045812963
0.0002513344680209263 0.49427657716210993 0.010386986424609106 0.010420338883147754 -8.6140269414037618e-08 0.46311223140673424 1.5785826564786672e-11 -0.45270362489679106 0.097891606577803006 -0.56102301229869433 -0.10830988556063888
0.0081267416037548428 -0.47795421395461773 0.0013185673049997781 0.0094221000979617109 -2.5605949502079341e-06 0.47453527781004096 3.4965885509556289e-07 -0.46748560768880731 0.048393022631599662 0.56746382572796894 0.057616051631342313
0.002203283815607479 -0.47147430345170027 -0.022112515174652455 0.022136113453490824 -1.2381953076192847e-07 0.4714632334552592 1.6318379260397211e-12 -0.44933399903919108 0.10066183316631651 -0.57213409834270645 -0.12279780756799649
-1.0278274783570098e-05 1.2688325086244532e-05 0.50644618126448848 0.029430069307388205 0.49040953367525036 -0.012813717875699713 3.5892225276096206e-06 -0.48084945817405661 -0.000704787113429955 0.52014349445797314 0.014645175320734234
0.00093111396140563242 0.00027777245423226288 0.49923253442075788 0.0026360252240220459 0.50471882924900902 -0.0068175440395478598 7.2290502991090877e-09 -0.49580872551224725 -0.0012320601861103371 -0.5000963509175913 0.0068729792234903438
-5.5765748309788241e-06 1.5632954941156731e-05 0.50641978674563914 0.029423580171240114 -0.49041631276688818 -0.012841761474378098 -5.3083825179272477e-06 -0.48085731344335264 -0.0011223826362349834 0.52015454615899082 0.014642883203112238
0.00072699592043356685 0.00027963505085932725 0.49913617190988085 0.0023938111186911867 -0.50460227485674225 -0.0068346976414847167 7.470631967573125e-09 -0.49589954205150899 -0.0011799871227877339 -0.50022202592532761 0.0068375844311102602
-1.0211467756753281e-05 -0.00013028144232772381 -0.50647914518296255 0.02929910382739858 0.49056692200698687 -0.012897158614674466 3.5699020185695786e-06 -0.48084865447624003 -0.0010380713243350137 0.51997225984278095 0.014509381170118478
0.00092891840941544516 0.00031450301176975541 -0.49937139651223572 0.0026509209855665582 0.50461781768741476 -0.0066315124996727953 5.8106546628553215e-10 -0.49589718308332464 -0.0012658886712231786 -0.49997737718372537 0.0066410779643258375
-5.7012921721062602e-06 -0.00012782947429988264 -0.5065219027195732 0.02954644143439247 -0.49037501839710607 -0.01297414721548132 -5.3742364435533508e-06 -0.48079896625425633 -0.00083987284273209187 0.52013579754931305 0.014729802048950469
0.00072649179569834695 0.00031756987206329226 -0.49927491927652473 0.0024106170502742824 -0.50450467295835932 -0.0066506525977212128 8.3204733115876117e-10 -0.49598752179059524 -0.0012143948901951914 -0.50010019409088069 0.006604422188588901
0.0032163062974813229 6.8525437166992174e-07 -3.5346987732074201e-05 -0.47755884814815963 1.5930742015592414e-06 0.47719099411884364 0.51744074175678922 0.038823235267961907 -0.066035242234115873 0.51904531833002698 0.034570150201173253
2.7122153985512674e-05 2.6207687629060868e-05 2.2553968276963346e-07 -0.4707149739183642 6.6575840067760527e-06 0.47085170846272723 0.52243139222077872 0.052538462888930895 -0.066441178227188202 -0.52330371482511151 -0.052631005362667037
0.00022505603566537073 1.3819008719450695e-05 -2.7727698799753848e-05 -0.47824598944746427 1.6205864489640456e-06 0.47802703707910021 -0.51644122464475339 0.03967962228002276 -0.06113415031401908 0.51832595529240799 0.04566927396942707
2.7131985839383107e-05 2.6214861577136333e-05 2.0903493943083969e-07 -0.47071082668984005 6.0338662939543448e-06 0.47085176839342213 -0.52242983277604904 0.052540816771607303 -0.066479431337298361 -0.52330904231020181 -0.052579389706904567
0.49427657716301937 0.00025133446839574843 -1.5785295723375533e-11 -0.45270362489725535 -8.6140282464222435e-08 0.46311223140604557 -0.010386986422975572 0.010420338882397044 0.097891606577116624 0.10830988555944948 0.56102301229848051
0.49373203659644016 6.1225922342286366e-05 -5.0129331968146022e-07 -0.48995746064652873 9.795078844204389e-07 0.47410921445217652 0.020426844954340353 0.025115404654805756 0.050814381023107029 -0.027363993255782447 -0.53573489976426336
-0.4714743034520073 0.0022032838161223714 -1.6367515263092538e-12 -0.44933399903935939 -1.2381946485064072e-07 0.47146323345615038 0.022112515175177243 0.022136113453332471 0.10066183316593254 0.12279780756773895 0.5721340983416936
-0.47795419971673125 0.0081266914413764945 -3.5163437762371761e-07 -0.46748561802032507 -2.560372218609258e-06 0.47453534389585517 -0.0013184603117299915 0.0094221907275206154 0.048393109523231413 -0.057616148644792614 -0.56746375614728728
0.50356318828547475 0.001938432398466151 -8.2644224152437781e-08 0.011726600981356205 0.50442684919897374 -0.0048957474985316255 1.0078927694614585e-07 -0.49733976946195896 -0.0018725207050571805 -0.00041922895741086457 0.4944308867793899
0.50529062458149643 -0.017541204753910491 -0.00022070063805778697 0.025848354820251027 0.49940396600153086 -0.00016990274266592161 1.4937656672044133e-06 -0.47806925103009495 -0.0040147964039469299 -0.034344733608547229 -0.51434936226812111
0.50297300898723429 0.0008864544508401475 -6.2296582213108484e-08 0.010736511896796124 -0.50388387031886162 -0.0049986714842983528 9.6872754807146461e-08 -0.49784905451472933 -0.0016435345650178963 -0.00022120437762767278 0.49509768837930812
0.50457695979892225 -0.017607360874711618 0.00030579540207618239 0.026757178884673129 -0.50015179015824718 -0.00013750166157660426 4.5625858660055821e-07 -0.47809292878447029 -0.0044966224498962301 -0.0332493744511074 -0.5143205334968034
-0.50307827340129896 0.0025802914343416288 -3.8342718207187022e-08 0.010247823590740838 0.50376268641203514 -0.0045501030469997355 -6.8153020764329399e-08 -0.49780150366124759 -0.0018192403247106477 -0.00031717527215887633 0.49516995072157638
-0.50242745195269201 -0.013983701034677125 -0.00039475789081887123 0.024751553698373695 0.49822245185369696 -7.1434660023235184e-05 1.7624851159457163e-06 -0.47897143634598538 -0.00066398432018187239 -0.035422352934178815 -0.51755567715018713
-0.50255011613651379 0.0016188067643538716 -4.1359074219411395e-08 0.0093069353390631045 -0.5032432940431949 -0.0046124599151864988 -1.0010851583791621e-07 -0.49825197837552043 -0.0016012625898545424 -0.00012066366603850438 0.49580383303054665
-0.4991701716388261 -0.007324658902052238 0.000568277180259665 0.022695266055770866 -0.49537188255392556 -0.00054376419040599823 4.8936854593571499e-06 -0.47985411049562154 -0.00050795473444342136 -0.042245002482519584 -0.52232329809895517
3.1670002811977822e-06 0.4957751449238893 -1.7940719547159056e-11 -0.45420233158944001 -0.010250415975273786 -0.010285655463090276 -3.1543446267350137e-08 -0.46245415261181927 0.10545367109493464 0.097224732845461334 0.55969582204642609
0.017993707135162424 0.49344084516924896 -1.0776414006336493e-05 -0.47146355653431105 1.2475254993555437e-05 -0.0073059829922950585 -4.5664428421179472e-08 -0.47610369631580551 0.033365330661078565 -0.020339894138177508 -0.55286473010467296
5.6621404644211158e-06 -0.46988949752307385 -3.8314097784857044e-12 -0.45315190199449457 0.023695096578469139 -0.02372162211873477 -5.6209947194381592e-08 -0.46986411337475037 0.1189690213441114 0.10226710971280566 0.57214383334996144
0.0093541489236373676 -0.47972469208929991 3.9156727799000383e-05 -0.4683570923742556 0.00015248150096013559 -0.010672691018880093 2.6769930440498224e-07 -0.47648209496052035 0.052137619613814565 -0.046038894859939034 -0.56429719524916522
0.002138975668801839 0.50407983259300027 -1.1468284501152887e-09 0.013101591976777212 3.376918387980153e-05 0.49662665158481317 0.50251874790697082 0.0044457900535824386 -0.0016308179106375065 -0.0060907160899625456 0.496492346166925
0.00058966280926497699 0.49609800985823865 -1.2075309006811032e-06 0.014627444052726972 4.138321827158321e-06 0.49104703224597895 0.50861143578884027 0.0067782584622294671 0.0010386543026061797 0.010624966615681889 -0.50368617290478834
0.0013764077678525956 0.50374373438873854 -6.6837306936630635e-09 0.012559950719128481 3.375368704937435e-05 0.49691166702613454 -0.50205168461084959 0.0044866228474556369 -0.0014676532857330132 -0.006088398785303306 0.49703737367181072
0.00061838827058064913 0.49611007033331272 -1.2073297607380304e-06 0.014642753942641534 4.0319521507601358e-06 0.49103967379197916 -0.50861974488239858 0.0067774455681256012 0.0010367324832497274 0.010626297509006059 -0.50367258466755283
0.0010272681402227993 -0.50348049727290789 1.1036281249251954e-09 0.012086992210904699 3.2265503780086616e-07 0.49723458402444914 0.50168323443246998 0.0026742156446952197 -0.0013247640484490835 -0.0063975640155031314 0.49737521418961034
9.6099342149275942e-05 -0.49524157130632934 5.5168620833201205e-05 0.014861692026109128 1.1064733730319734e-06 0.4910244751913786 0.50913389309150414 0.0065289141106042404 0.00078958852626767931 0.010278642550151986 -0.5040274267206265
0.0005541676537006026 -0.50330549921479484 -3.7271940917400117e-09 0.011791374913008643 3.010554641782867e-07 0.4973770124116601 -0.50135490207686939 0.0026796223801998404 -0.0012132216665098577 -0.0064534939917662492 0.49774823018897602
9.8764680399524921e-05 -0.4952407464047473 5.5160315659407555e-05 0.014860476680579271 1.0384816581471504e-06 0.49102529612010309 -0.50913311055416355 0.0065287333626405236 0.00078982959712098669 0.010278258720444536 -0.50402827306636622
2.6213244718682657e-05 2.712808970380682e-05 0.52243006044008589 0.052540801850140248 1.6938222281955347e-06 0.47085169228597568 -2.1432206090442603e-07 -0.47071106995133966 -0.066474648051384325 0.052585371605466717 0.52330867279244253
1.3824206906261281e-05 0.00022505356070928089 0.51644204337782829 0.039679456035457819 1.6276752995801623e-06 0.47802664620826779 2.8093646929722679e-05 -0.47824530595809178 -0.061133659105002992 -0.045672334428069304 -0.51832593163433183
2.620985358246288e-05 2.7126919106230191e-05 -0.52243113867971747 0.052538484591129767 1.0862820833399928e-05 0.47085178636533681 -2.3113720417971452e-07 -0.47071470478538002 -0.066446806718845827 0.052624001514744376 0.52330412739689858
7.3324631074922085e-07 0.0032145588845842003 -0.51744083494223747 0.038829927395447911 1.5968637060084135e-06 0.47719070280207748 3.5751558941566632e-05 -0.47755588884281525 -0.066029487152229921 -0.034571886621558433 -0.5190483427151158
0.00031447432768578278 0.00092895074038265482 -4.3030739326202712e-09 -0.49589728811915273 0.50461801268382001 -0.0066316127329485424 0.49937116225677408 0.0026509534416253532 -0.0012658550448532925 -0.0066408665457157682 0.4999773115200109
-0.00013130269118189389 -1.0208647793333651e-05 -4.1754710516315116e-05 -0.48083982569818351 0.49052434379716792 -0.012911418029513171 0.50648984615260095 0.029351403274150627 -0.00091383296833403508 -0.014551884532186952 -0.52000590842539196
0.0002777720874690586 0.00093111567028737903 -1.0965405880680771e-08 -0.49580862388597075 0.50471867889755695 -0.0068175201949767592 -0.49923267411737049 0.0026360378119798908 -0.0012320655296260516 -0.0068732161112365674 0.50009646094524984
1.2683376827653961e-05 -1.0280919592877087e-05 -4.1701122288020624e-05 -0.48085729224423129 0.49045368247027171 -0.012800205532608444 -0.50643648687750553 0.029377875044267743 -0.00082951713483896225 -0.014602047430410917 -0.52010837323473891
0.0003175538008563458 0.00072665493514752048 -3.33619562363373e-09 -0.49598713861448812 -0.50450416004964194 -0.0066505696572077373 0.49927540053382752 0.0024105987426599335 -0.0012143870037763134 -0.0066053473750173281 0.50010059984246125
-0.00012684404677593155 -5.6582112995101331e-06 6.0452107150391034e-05 -0.48081725688534788 -0.49042274944508985 -0.01296493133522003 0.50649984302945794 0.029482243398708505 -0.00099831604351312774 -0.014669909049291434 -0.52010065040954601
0.00027962113760007318 0.00072683378662693381 -9.9898471593824472e-09 -0.4958999232447267 -0.50460285623913514 -0.0068348872087154282 -0.49913557696735328 0.0023938646444411444 -0.0011799625319603786 -0.0068367128838284393 0.50022166457040806
1.5576756170738209e-05 -5.6180853229729024e-06 6.0239374609940389e-05 -0.48083996446437277 -0.49036724048578889 -0.012850795151644301 -0.50644038108887224 0.029487953460364591 -0.00096367348733998506 -0.014702411915943441 -0.52019156338197581
0.0020636792933388368 0.002092068235116843 0.50365148876850685 -0.49716616451941009 -7.0810920984530345e-06 -0.0015039583548792264 -5.8298663875766958e-07 0.0038931033045492723 0.49914512960886009 0.35961886043590402 0.34736629630489591
0.00024807016724907904 -0.0001017636213354511 0.49885485234382149 -0.49982983526756103 6.6614636023799338e-05 -0.0032044074647612931 2.0505952981887984e-08 -5.6060726403586935e-05 -0.49801418822460963 -0.35623943128744928 -0.35549818605760397
0.0047071910081620425 -8.0208678586113192e-05 0.50400063475650492 -0.49619520246145882 6.8452306878344636e-05 -0.0040521144114598878 6.1891251276826528e-10 0.0090313762348302375 0.49911334158809384 -0.34630643384320914 -0.36140178913862847
0.00066005830511708865 -0.00012016065675272153 0.50078744842567258 -0.50017824914906928 -1.5328628039314879e-05 0.00050953793912918805 1.3278936624051321e-08 -0.0009827256540641603 -0.49712933591697323 0.35473197923294186 0.35504875880442932
6.6535482957170958e-06 -2.4761775099814785e-05 0.49430452802382135 -0.49382833200687792 -0.00087463818890154475 -0.0020172130376542672 1.6207991738538008e-06 0.014458530667405043 -0.00094106384378653078 0.50521092164262149 -0.50630402647500605
0.00088862372545113716 -6.3924154093285149e-05 0.49946196576721746 -0.50343762030244599 6.9501238652944492e-06 0.0040859856675386878 2.7515963190060414e-08 -0.0035692935923364063 0.0032411084946813739 -0.49865539806028669 0.49838776820350272
0.0020637000422619924 0.0020920798859865143 -0.5036514803141442 -0.49716614247768942 -7.0865538595974272e-06 -0.0015039560471557054 -5.8308648368845553e-07 0.0038931049688083236 0.49914517850778928 0.35961885667945648 0.34736627353191585
0.00024798323591893767 -0.00010175302003330794 -0.49885504185858837 -0.49982964683720132 6.7392761096668241e-05 -0.0032044020285147412 2.0699252510986254e-08 -5.5713473235411111e-05 -0.49801404180441072 -0.3562396885204987 -0.35549813242240669
0.004703729373526329 -8.0208001145747737e-05 -0.50399871856253908 -0.496196795324158 6.8509645536806888e-05 -0.004052246132650413 6.248111833726504e-10 0.009027968301327129 0.49911228145161696 -0.34630931020019579 -0.36140111104269845
0.00066013124673108294 -0.0001201554865093465 -0.50078760025064473 -0.50017810471227364 -1.4479954073993616e-05 0.00050958079645013169 1.4140052255220931e-08 -0.00098229305463609249 -0.49712918932970629 0.35473192641450552 0.35504900719164773
6.6279495814067874e-06 -2.4760765322348193e-05 -0.49430550132690998 -0.49382881731606543 -0.00087448177948654224 -0.0020171978443385939 1.620563254247961e-06 0.014457052816627706 -0.00094107227111143857 0.50521034126601694 -0.50630322452627496
0.00088863302356904418 -6.3912769474238891e-05 -0.49946198502785472 -0.50343753469803754 6.9097558976088963e-06 0.004085891814250015 2.7521426118788611e-08 -0.0035692515979038448 0.0032410834223439845 -0.49865547337901861 0.49838776123262563
0.0055142366907085499 -0.00068474036248355758 6.3778320323384642e-09 0.0104128377442158 0.5000700694412431 0.49661994955898631 -1.4138603137626691e-05 0.011193470165683617 0.49808982886031272 0.36375414401185052 0.35017624078367737
-0.00043397392226053963 0.0002769654488222231 -6.6497207532032935e-07 0.0092030195927854629 0.49807456593387384 0.49772816589198016 -4.8892097376129308e-08 -0.0015371466607049531 -0.49945440829880905 -0.35733863966506058 -0.35630810662634116
-0.00068454137833846873 0.0055142412528376697 1.4144734128309867e-05 0.011193467596638532 0.50007006345328653 0.49661993270842281 -4.5722489377770783e-09 0.010412861193052651 0.49808983914750754 -0.35017623463065672 -0.36375416679920458
0.00027716525734067617 -0.00043413423866601032 4.2615769402954549e-08 -0.0015371448492511278 0.49807457092885449 0.49772816708462825 6.7483872614646699e-07 0.0092030195233921783 -0.4994543946046664 0.35630815756313527 0.3573385990520116
-0.0008892310848191712 -0.0008892305735263027 -1.7306857783942437e-06 0.010969370393486286 0.49382412339351051 0.49213150994473925 1.7301117564045944e-06 0.010969370704917292 -0.00052247529721680542 0.50680459952042445 -0.50680459878461326
0.00070996851004155831 0.00070993685101146712 -5.612775903923997e-08 -0.0028291384011417645 0.49985373061997335 0.50333026176267726 5.9798166325133832e-08 -0.0028291143504086329 0.0026146397793223798 -0.49838791643747571 0.49838792923727737
0.0055244191241812218 -0.0006856228794993363 5.965405926452375e-10 0.010461685650278064 -0.50002430694417566 0.4966253618035455 -1.4114548355539448e-05 0.011235234813487533 0.4980862811947675 0.36378121511985972 0.35020788060437386
-0.0004354537532500965 0.00027841052941750272 -6.9165578713489286e-07 0.0092025025860452137 -0.49805754471338931 0.49770577170337466 -4.6078818565388755e-08 -0.0015427643120982481 -0.49948763276870622 -0.35734392539855009 -0.35631129276328688
-0.00068545965539329001 0.0055244278959415581 1.4119502020048421e-05 0.011235231763751852 -0.50002430134534859 0.49662534593799995 -4.2071470971482152e-09 0.010461705621147061 0.4980862930710041 -0.35020787462877628 -0.36378123366066245
0.00027857047298627808 -0.0004355744060223815 1.3623249905778241e-08 -0.001542767315264821 -0.49805753886284432 0.49770577836199464 7.0196922670979993e-07 0.0092024941849120998 -0.49948762787197903 0.35631128250078975 0.35734394128788083
-0.00090143404736556514 -0.00090142892796564987 -1.7489248164000269e-06 0.011220409597803778 -0.49387466866173207 0.49219623491628012 1.7441828818241629e-06 0.011220409914600932 -0.00056131832559119896 0.50674300331606981 -0.50674300305648079
0.00071552691930336354 0.00071547367837916957 -7.7710648396567135e-08 -0.0028340656116493785 -0.49985187044635121 0.5033307855593343 6.0560025499868651e-08 -0.0028340486439372265 0.0026149683041658349 -0.49838854913027875 0.49838855957487421
-8.0175299106118844e-05 0.0047037270685480696 -4.1895296662701904e-10 0.0090279719769106245 6.8508999238326253e-05 -0.00405223188457978 0.50399874989627558 -0.4961968156835263 0.49911225446006235 0.3614010832388071 0.34630930345425581
-0.00012014053687134663 0.00065996568815208695 -1.8951637059095669e-08 -0.00098253859236521724 -1.4874990740376236e-05 0.00050953778092701729 0.50078752621814315 -0.50017822699699332 -0.49712922956900585 -0.35504928020947524 -0.35473152852933421
0.0020921610741451739 0.002063542977169811 5.8751498495461738e-07 0.0038930143181835309 -7.0846120912883239e-06 -0.0015040063207836627 0.50365152369381727 -0.49716619826802411 0.49914513187130272 -0.34736620435244991 -0.3596188515497451
-0.00010181012337062376 0.00024828888006896908 -7.7492439449086566e-08 -5.5945712368223316e-05 6.7032522087927948e-05 -0.0032044767540223788 0.49885496961886655 -0.49982976762733061 -0.49801408952791681 0.35549798460554544 0.35623970012622108
-2.4776933393689445e-05 6.6447658018172837e-06 -1.6209985873719568e-06 0.014457070361701345 -0.00087443696195526992 -0.0020172904348664169 0.49430544448388625 -0.49382889281839976 -0.00094109776330867083 0.50630328273824143 -0.50521026390009383
-6.3847248286306364e-05 0.00088852070469645729 -4.2760420338892663e-08 -0.0035696769648168821 6.9321550237540265e-06 0.0040862666494733968 0.49946193243086112 -0.50343777711509186 0.0032421848622767226 -0.49838767495269104 0.49865535448451825
-8.0176455717385499e-05 0.0047071893225204128 -4.1921983594644523e-10 0.0090313708380056756 6.8451565926120215e-05 -0.0040521104850254966 -0.50400064973777314 -0.49619522268303057 0.49911333527199736 0.36140176342311325 0.34630641922287775
-0.00012013774698270031 0.0006599460377223269 -1.8107608767257257e-08 -0.00098259944632006014 -1.4950721537801294e-05 0.0005095367030926041 -0.50078751863098514 -0.50017823059527988 -0.49712924493201227 -0.35504925915279173 -0.35473153357951964
0.0020921453711434529 0.0020635329300219018 5.8739545670484567e-07 0.0038930074266975089 -7.0839161043633856e-06 -0.0015040017953369595 -0.50365151606012515 -0.49716620767698655 0.4991451198973692 -0.34736621838183135 -0.35961885254392451
-0.00010181694377667934 0.00024831115111725616 -7.7314970021671111e-08 -5.5967487542426808e-05 6.6963743113366186e-05 -0.0032044771736705556 -0.49885493849099066 -0.49982979957416274 -0.49801408984965884 0.35549799624549672 0.35623968681475138
-2.4778475046128217e-05 6.6456668620097612e-06 -1.6212365743964916e-06 0.014458542035452878 -0.00087461680710144366 -0.0020170737385166184 -0.49430460585721953 -0.49382827007740798 -0.00094109912761353523 0.5063039729526434 -0.50521095986321563
-6.3848493252176451e-05 0.0008885222393438453 -4.2768264689905795e-08 -0.0035696739318665264 6.93623073502128e-06 0.0040862891893568374 -0.49946192010427187 -0.50343780804258798 0.0032422181741975724 -0.49838768433955632 0.49865532584257238
-0.0041598532859688543 -0.004159853286422383 3.1222580841435058e-08 -0.57627250318069723 -6.045164542630218e-07 0.57785916034577622 -3.1222502613070954e-08 -0.57627250318087075 -0.010204245103784539 -0.029665296077534823 0.029665296077779332
