-0.26699597159562938 -0.26699597159537003 0.26699597159580829 0.26699597159519339 0.26699597159507527 0.26699597159592287 0.26699597159505983 -0.26699597159591559 0.42362944005672543 0.27036727355226137 -0.42088578512864394
0.24699557918773185 -0.24699557918749349 -0.24699557918803142 -0.24699557918719398 -0.24699557918715204 -0.24699557918807333 -0.24699557918782747 0.24699557918739795 -0.48980010654681821 0.36884117467375449 -0.36877840824296693
0.30099899862159529 0.30099899862159529 0.30099899862159618 -0.30099899862159618 -0.3009989986215979 -0.3009989986215979 0.30099899862159635 0.30099899862159635 0.30381750618375036 0.30240018646758532 -0.30240018649304101
-0.29497428945799614 0.29497428946837229 -0.29497428946316406 0.2949742894632057 0.29497428946310755 -0.29497428946326226 -0.2949742894631216 -0.29497428946324811 0.32930251996077597 -0.30667277093896467 0.31848549473659615
-0.30082628121566934 0.30082628121572969 -0.30080555711088869 -0.3008190174689292 -0.30082628121566046 -0.30082628121572869 -0.30082628121562288 0.30082628121562899 -0.3045180314692757 0.30274906720604106 -0.30274906694468473
-0.30098264667397351 0.30098264667397351 -0.30098264667397368 -0.30098264667397373 -0.30098264667397368 0.30098264667397368 0.30098264667397334 0.30098264667397334 0.303881912486065 -0.30243293230280416 0.30243292798830507
0.3010019044296543 -0.3010019044296543 -0.30100190442965807 -0.30100190442965807 0.301001904429332 0.30100190442932823 0.30100190442965519 0.30100190442965513 0.30380607406053128 0.30239435973774098 -0.30239435973722117
-0.30100184479711722 -0.30100184479711722 0.30100184479711689 -0.30100184479711689 -0.30100184479711684 -0.30100184479711684 0.301001844797117 0.301001844797117 0.30380630862851854 -0.30239447940325415 0.30239447927137647
-0.25906379164221588 -0.25906379164132087 -0.25906379164139304 0.25906379164214377 -0.25906379164250254 0.25906379164103421 0.25906379164201521 0.25906379164152166 -0.45295845161999027 0.40021129661508437 -0.31264544463212229
0.30099364328226719 0.30099364328226719 -0.30099364328226802 0.30099364328226802 0.30099364328226585 -0.30099364328226585 -0.3009936432822673 0.3009936432822673 -0.30383858573435696 -0.30241091871139414 0.30241091860648045
-0.30097612060563256 0.30097612060563284 0.30097612060563328 0.30097612060563328 0.30097612060563361 -0.30097612060563345 -0.30097612060563356 -0.3009761206056335 -0.303907652011076 -0.30244597465960477 0.30244597875121987
-0.26608450186610338 0.26608450185905952 0.26608450185903409 -0.26608450186612881 0.26608450186214788 -0.2660845018630113 0.2660845018625565 -0.26608450186260729 -0.42707218625652155 -0.27486994826250172 0.41910399928488096
