-0.15944688738244275 0.048159912681304082 -0.15366002753914729 0.19486216639494455 -0.75640129863860361 0.3552336041422044 -0.0065068121736874592 -0.3311551326159124 0.20764387255725539 -0.24333645450983285 -0.017496813954965631
0.15944688738244275 -0.048159912681304082 0.15366002753914729 -0.19486216639494455 0.75640129863860361 -0.3552336041422044 0.0065068121736874592 0.3311551326159124 -0.20764387255725539 0.24333645450983285 0.017496813954965631
-0.12387353685649716 0.53220586399919834 0.34018558549728595 0.1361728562898317 0.11615020304105984 0.061305044453601638 0.56696704905038542 0.093248499107353694 0.074235878122111854 -0.24113040963108942 -0.39508486472558563
0.12387353685649716 -0.53220586399919834 -0.34018558549728595 -0.1361728562898317 -0.11615020304105984 -0.061305044453601638 -0.56696704905038542 -0.093248499107353694 -0.074235878122111854 0.24113040963108942 0.39508486472558563
0.0076230401910344229 -0.21139298353415853 -0.030644447734141638 0.24274279899562082 -0.092594929055225109 -0.11515895890616033 -0.15041755996287515 -0.18589143833267283 -0.5075401811192094 0.16298080665414613 -0.72953100855809427
-0.0076230401910344229 0.21139298353415853 0.030644447734141638 -0.24274279899562082 0.092594929055225109 0.11515895890616033 0.15041755996287515 0.18589143833267283 0.5075401811192094 -0.16298080665414613 0.72953100855809427
-0.19769532767661047 -0.23157717945098269 -0.20909079848030648 -0.029368766409696722 0.26684806145237189 -0.0083031285222028017 0.25598570352974032 -0.31423296864831385 -0.43888617734246432 -0.61933319805785436 0.22575323962827601
0.19769532767661047 0.23157717945098269 0.20909079848030648 0.029368766409696722 -0.26684806145237189 0.0083031285222028017 -0.25598570352974032 0.31423296864831385 0.43888617734246432 0.61933319805785436 -0.22575323962827601
-0.23669635586225796 0.068697806847680579 -0.026604844128154725 0.27220452763535014 -0.23299898160019852 0.14653828058372143 0.33301419022178158 -0.36901552024477269 -0.33227330389115328 -0.47040962777231526 -0.45817972380518479
-0.039001028185647491 0.30027498629866328 0.18248595435215176 0.3015732940450469 -0.49984704305257044 0.15484140910592425 0.077028486692041265 -0.054782551596458839 0.10661287345131107 0.1489235702855391 -0.68393296343346077
-0.24431939605329239 0.28009079038183915 0.0040396036059869023 0.029461728639729352 -0.14040405254497337 0.26169723948988177 0.48343175018465678 -0.18312408191209986 0.17526687722805614 -0.63339043442646137 0.27135128475290954
-0.046624068376681926 0.51166796983282181 0.21313040208629339 0.058830495049426078 -0.40725211399734529 0.2700003680120846 0.22744604665491644 0.13110888673621399 0.6141530545705205 -0.014057236368607007 0.045598045124633516
-0.11282281900576083 -0.46350805715151772 -0.36679042962544073 0.1360316713455185 -0.34914918464125833 0.085233236130119808 -0.23395285882860387 -0.46226401935212641 -0.40650918201326514 -0.22927921814122582 -0.063094859079599122
0.084872508670849639 -0.23193087770053505 -0.15769963114513422 0.16540043775521521 -0.61599724609363027 0.093536364652322609 -0.48993856235834421 -0.14803105070381256 0.032376995329199215 0.39005397991662855 -0.28884809870787514
-0.12044585919679524 -0.25211507361735919 -0.33614598189129907 -0.10671112765010234 -0.25655425558603318 0.20039219503628014 -0.083535298865728691 -0.27637258101945356 0.10103099910594429 -0.39226002479537198 0.66643614947849517
0.077249468479815231 -0.020537894166376511 -0.12705518341099256 -0.077342361240405624 -0.52340231703840512 0.20869532355848297 -0.33952100239546901 0.037860387628860279 0.53991717644840864 0.22707317326248239 0.44068290985021918
-0.077249468479815231 0.020537894166376511 0.12705518341099256 0.077342361240405624 0.52340231703840512 -0.20869532355848297 0.33952100239546901 -0.037860387628860279 -0.53991717644840864 -0.22707317326248239 -0.44068290985021918
0.12044585919679524 0.25211507361735919 0.33614598189129907 0.10671112765010234 0.25655425558603318 -0.20039219503628014 0.083535298865728691 0.27637258101945356 -0.10103099910594429 0.39226002479537198 -0.66643614947849517
-0.084872508670849639 0.23193087770053505 0.15769963114513422 -0.16540043775521521 0.61599724609363027 -0.093536364652322609 0.48993856235834421 0.14803105070381256 -0.032376995329199215 -0.39005397991662855 0.28884809870787514
0.11282281900576083 0.46350805715151772 0.36679042962544073 -0.1360316713455185 0.34914918464125833 -0.085233236130119808 0.23395285882860387 0.46226401935212641 0.40650918201326514 0.22927921814122582 0.063094859079599122
0.046624068376681926 -0.51166796983282181 -0.21313040208629339 -0.058830495049426078 0.40725211399734529 -0.2700003680120846 -0.22744604665491644 -0.13110888673621399 -0.6141530545705205 0.014057236368607007 -0.045598045124633516
0.24431939605329239 -0.28009079038183915 -0.0040396036059869023 -0.029461728639729352 0.14040405254497337 -0.26169723948988177 -0.48343175018465678 0.18312408191209986 -0.17526687722805614 0.63339043442646137 -0.27135128475290954
0.039001028185647491 -0.30027498629866328 -0.18248595435215176 -0.3015732940450469 0.49984704305257044 -0.15484140910592425 -0.077028486692041265 0.054782551596458839 -0.10661287345131107 -0.1489235702855391 0.68393296343346077
0.23669635586225796 -0.068697806847680579 0.026604844128154725 -0.27220452763535014 0.23299898160019852 -0.14653828058372143 -0.33301419022178158 0.36901552024477269 0.33227330389115328 0.47040962777231526 0.45817972380518479
-0.14752758568931584 0.32500370661666461 0.24159889241823551 -0.31967052118614364 0.26898931366145534 0.13961152308490793 -0.33799531532195987 -0.69569343829003616 0.061061248783380408 0.13051557162882363 -0.034775324165786825
0.14752758568931584 -0.32500370661666461 -0.24159889241823551 0.31967052118614364 -0.26898931366145534 -0.13961152308490793 0.33799531532195987 0.69569343829003616 -0.061061248783380408 -0.13051557162882363 0.034775324165786825
0.48119055489794743 0.60260407064530241 -0.14266736690885989 0.00016430687839949853 -0.19257967416833399 -0.23286575793241449 -0.27654697382575438 0.058197975368550349 -0.36739662211820651 -0.24260726752858808 0.14125434488999852
-0.48119055489794743 -0.60260407064530241 0.14266736690885989 -0.00016430687839949853 0.19257967416833399 0.23286575793241449 0.27654697382575438 -0.058197975368550349 0.36739662211820651 0.24260726752858808 -0.14125434488999852
0.51850031437028821 0.3603148324788637 -0.12929302147086696 -0.3323546693932049 0.20821836803558891 0.22856564130192403 -0.3884607155678948 -0.27731257009328308 0.066654449788497896 -0.30527763148317688 -0.23046899058679426
0.037309759472340803 -0.24228923816643871 0.013374345437992943 -0.33251897627160443 0.4007980422039229 0.46143139923433851 -0.1119137417421404 -0.3355105454618334 0.43405107190670444 -0.062670363954588817 -0.37172333547679282
-0.18483734516165665 0.56729294478310333 0.22822454698024258 0.012848455085460758 -0.13180872854246756 -0.32181987614943058 -0.22608157357981945 -0.36018289282820276 -0.37298982312332402 0.19318593558341246 0.33694801131100593
-0.66602790005960411 -0.035311125862199096 0.37089191388910248 0.012684148207061263 0.060770945625866449 -0.088954118217016098 0.050465400245934919 -0.41838086819675308 -0.0055932010051174819 0.43579320311200054 0.19569366642100744
0.66602790005960411 0.035311125862199096 -0.37089191388910248 -0.012684148207061263 -0.060770945625866449 0.088954118217016098 -0.050465400245934919 0.41838086819675308 0.0055932010051174819 -0.43579320311200054 -0.19569366642100744
0.18483734516165665 -0.56729294478310333 -0.22822454698024258 -0.012848455085460758 0.13180872854246756 0.32181987614943058 0.22608157357981945 0.36018289282820276 0.37298982312332402 -0.19318593558341246 -0.33694801131100593
-0.037309759472340803 0.24228923816643871 -0.013374345437992943 0.33251897627160443 -0.4007980422039229 -0.46143139923433851 0.1119137417421404 0.3355105454618334 -0.43405107190670444 0.062670363954588817 0.37172333547679282
-0.51850031437028821 -0.3603148324788637 0.12929302147086696 0.3323546693932049 -0.20821836803558891 -0.22856564130192403 0.3884607155678948 0.27731257009328308 -0.066654449788497896 0.30527763148317688 0.23046899058679426
0.53695635958546206 -0.055432209137986625 -0.11626890619323782 -0.00074420386069116214 -0.051406052307127546 0.01461929599692632 0.58431143558452125 -0.41642845010123608 -0.041484098362708451 0.39722031554020254 0.13376248491791903
-0.53695635958546206 0.055432209137986625 0.11626890619323782 0.00074420386069116214 0.051406052307127546 -0.01461929599692632 -0.58431143558452125 0.41642845010123608 0.041484098362708451 -0.39722031554020254 -0.13376248491791903
-0.05319349723105371 0.21187803518747386 -0.2611856454637464 0.57337861016951641 0.34400272449355535 0.56746682101223833 -0.10939909892677184 0.076253199657811049 -0.14899932022851567 0.22029303400718181 0.16256746011354181
0.05319349723105371 -0.21187803518747386 0.2611856454637464 -0.57337861016951641 -0.34400272449355535 -0.56746682101223833 0.10939909892677184 -0.076253199657811049 0.14899932022851567 -0.22029303400718181 -0.16256746011354181
0.32016693839565019 -0.26625711838509508 0.76686497407897058 0.14842836709372892 -0.081461124616236266 0.30951230935884011 -0.10921353616935624 0.032926774125874622 -0.20805101785687372 -0.15542453949468038 0.18330259934496268
-0.32016693839565019 0.26625711838509508 -0.76686497407897058 -0.14842836709372892 0.081461124616236266 -0.30951230935884011 0.10921353616935624 -0.032926774125874622 0.20805101785687372 0.15542453949468038 -0.18330259934496268
-0.16056545280651024 0.08417617329459065 -0.05960387976991377 -0.60920658739755229 -0.19929056800735781 0.46207154893763752 0.14537446838430224 0.27788760956082109 -0.44564076698650468 0.20472369177694169 -0.018926938142559836
0.16056545280651024 -0.08417617329459065 0.05960387976991377 0.60920658739755229 0.19929056800735781 -0.46207154893763752 -0.14537446838430224 -0.27788760956082109 0.44564076698650468 -0.20472369177694169 0.018926938142559836
0.32168217397177418 -0.012817559520508601 0.1649032713260363 0.0559280930025009 0.0059224897814168648 0.67683498765282113 0.25553663443634766 -0.014680433378364638 -0.42208760171730125 0.33340625091482284 0.23035280311693182
0.48224762677828442 -0.096993732815099251 0.22450715109595007 0.66513468040005319 0.20521305778877469 0.21476343871518364 0.11016216605204546 -0.2925680429391857 0.023553165269203424 0.12868255913788113 0.24927974125949168
0.0015152355761239578 0.25343955886458647 -0.60196170275293426 -0.092500274091227991 0.087383614397653145 0.36732267829398102 0.36475017060570392 -0.047607207504239274 -0.21403658386042754 0.48883079040950322 0.047050203771969154
0.1620806883826342 0.16926338556999584 -0.5423578229830206 0.51670631330632433 0.28667418240501097 -0.094748870643656474 0.21937570222140168 -0.32549481706506034 0.23160418312607714 0.28410709863256151 0.065977141914528983
0.37487567120282789 -0.22469559470798242 0.42608891678978272 -0.51745051716701551 -0.33808023471213849 0.10936816664058283 0.36493573336311952 -0.090933633036175715 -0.27308828148878561 0.11311321690764102 0.067785343003390036
0.53544112400933819 -0.3088717680025731 0.48569279655969649 0.091756070230536807 -0.13878966670478066 -0.35270338229705467 0.21956126497881728 -0.36882124259699678 0.17255248549771909 -0.09161047486930067 0.086712281145949865
0.054708732807177668 0.041561523677112633 -0.34077605728918786 -0.66587888426074437 -0.25661911009590221 -0.20014414271825728 0.47414926953247577 -0.12386040716205035 -0.065037263631911868 0.26853775640232141 -0.11551725634157264
0.21527418561368791 -0.042614649617478018 -0.28117217751927409 -0.056672296863192084 -0.05732854208854439 -0.66221569165589478 0.32877480114817353 -0.40174801672287141 0.38060350335459281 0.06381406462537971 -0.096590318199012815
-0.21527418561368791 0.042614649617478018 0.28117217751927409 0.056672296863192084 0.05732854208854439 0.66221569165589478 -0.32877480114817353 0.40174801672287141 -0.38060350335459281 -0.06381406462537971 0.096590318199012815
-0.054708732807177668 -0.041561523677112633 0.34077605728918786 0.66587888426074437 0.25661911009590221 0.20014414271825728 -0.47414926953247577 0.12386040716205035 0.065037263631911868 -0.26853775640232141 0.11551725634157264
-0.53544112400933819 0.3088717680025731 -0.48569279655969649 -0.091756070230536807 0.13878966670478066 0.35270338229705467 -0.21956126497881728 0.36882124259699678 -0.17255248549771909 0.09161047486930067 -0.086712281145949865
-0.37487567120282789 0.22469559470798242 -0.42608891678978272 0.51745051716701551 0.33808023471213849 -0.10936816664058283 -0.36493573336311952 0.090933633036175715 0.27308828148878561 -0.11311321690764102 -0.067785343003390036
-0.1620806883826342 -0.16926338556999584 0.5423578229830206 -0.51670631330632433 -0.28667418240501097 0.094748870643656474 -0.21937570222140168 0.32549481706506034 -0.23160418312607714 -0.28410709863256151 -0.065977141914528983
-0.0015152355761239578 -0.25343955886458647 0.60196170275293426 0.092500274091227991 -0.087383614397653145 -0.36732267829398102 -0.36475017060570392 0.047607207504239274 0.21403658386042754 -0.48883079040950322 -0.047050203771969154
-0.48224762677828442 0.096993732815099251 -0.22450715109595007 -0.66513468040005319 -0.20521305778877469 -0.21476343871518364 -0.11016216605204546 0.2925680429391857 -0.023553165269203424 -0.12868255913788113 -0.24927974125949168
-0.32168217397177418 0.012817559520508601 -0.1649032713260363 -0.0559280930025009 -0.0059224897814168648 -0.67683498765282113 -0.25553663443634766 0.014680433378364638 0.42208760171730125 -0.33340625091482284 -0.23035280311693182
0.053054174828603168 0.42496863707959021 0.15592777209156816 0.0053101488189707217 -0.21133391712160798 0.28538473383882018 0.40338817856962972 -0.67501426094991546 0.1507284505500196 0.021634511514051935 -0.15679725896420951
-0.48390218475685887 0.48040084621757684 0.27219667828480598 0.0060543526796618848 -0.15992786481448046 0.27076543784189383 -0.18092325701489156 -0.25858581084867938 0.19221254891272804 -0.3755858040261506 -0.29055974388212857
0.20058176051791901 0.099964930462925566 -0.085671120326667335 0.32498067000511438 -0.48032323078306338 0.1457732107539122 0.74138349389158953 0.020679177340120702 0.089667201766639185 -0.10888106011477167 -0.12202193479842269
-0.33637459906754308 0.1553971396009122 0.030597785866570484 0.32572487386580556 -0.4289171784759358 0.1311539147569859 0.15707205830706833 0.43710762744135678 0.13115130012934764 -0.50610137565497415 -0.25578441971634169
0.33637459906754308 -0.1553971396009122 -0.030597785866570484 -0.32572487386580556 0.4289171784759358 -0.1311539147569859 -0.15707205830706833 -0.43710762744135678 -0.13115130012934764 0.50610137565497415 0.25578441971634169
-0.20058176051791901 -0.099964930462925566 0.085671120326667335 -0.32498067000511438 0.48032323078306338 -0.1457732107539122 -0.74138349389158953 -0.020679177340120702 -0.089667201766639185 0.10888106011477167 0.12202193479842269
0.48390218475685887 -0.48040084621757684 -0.27219667828480598 -0.0060543526796618848 0.15992786481448046 -0.27076543784189383 0.18092325701489156 0.25858581084867938 -0.19221254891272804 0.3755858040261506 0.29055974388212857
-0.053054174828603168 -0.42496863707959021 -0.15592777209156816 -0.0053101488189707217 0.21133391712160798 -0.28538473383882018 -0.40338817856962972 0.67501426094991546 -0.1507284505500196 -0.021634511514051935 0.15679725896420951
0.25901853452732887 0.45835636447035488 0.40536158256412469 0.23981384832845234 -0.457145947191057 0.24659260001111583 0.087349863440793679 -0.073390942007066862 -0.14678394464785649 -0.44124933558209539 -0.044012367222795029
-0.061148403868321322 0.72461348285544991 -0.3615033915148459 0.091385481234723426 -0.37568482257482078 -0.062919709347724284 0.19656339961014993 -0.1063177161329415 0.061267073209017212 -0.28582479608741501 -0.22731496656775771
-0.22217202037061859 -0.14424770617494756 0.54802894947298464 0.23964954145005282 -0.26456627302272301 0.47945835794353031 0.36389683726654809 -0.1315889173756172 0.22061267747034996 -0.19864206805350729 -0.18526671211279352
-0.54233895876626881 0.12200941221014752 -0.218836024605986 0.091221174356323903 -0.18310514840648676 0.1699460485846902 0.47311037343590434 -0.16451569150149184 0.4286636953272237 -0.043217528558826906 -0.36856931145775618
0.54233895876626881 -0.12200941221014752 0.218836024605986 -0.091221174356323903 0.18310514840648676 -0.1699460485846902 -0.47311037343590434 0.16451569150149184 -0.4286636953272237 0.043217528558826906 0.36856931145775618
0.22217202037061859 0.14424770617494756 -0.54802894947298464 -0.23964954145005282 0.26456627302272301 -0.47945835794353031 -0.36389683726654809 0.1315889173756172 -0.22061267747034996 0.19864206805350729 0.18526671211279352
0.061148403868321322 -0.72461348285544991 0.3615033915148459 -0.091385481234723426 0.37568482257482078 0.062919709347724284 -0.19656339961014993 0.1063177161329415 -0.061267073209017212 0.28582479608741501 0.22731496656775771
-0.25901853452732887 -0.45835636447035488 -0.40536158256412469 -0.23981384832845234 0.457145947191057 -0.24659260001111583 -0.087349863440793679 0.073390942007066862 0.14678394464785649 0.44124933558209539 0.044012367222795029
-0.082573866197211979 0.5104638465610164 0.23712942999546119 0.097509389439129956 0.74277176991733707 0.20657489220427175 0.063039723487670563 -0.097518303454479496 -0.1106730329401394 0.17650732525737445 -0.12489795741143252
-0.029380368966158268 0.29858581137354251 0.49831507545920761 -0.47586922073038646 0.39876904542378178 -0.36089192880796661 0.17243882241444242 -0.17377150311229056 0.038326287288376268 -0.043785708749807375 -0.28746541752497434
0.064953719492103865 0.18546013994435173 -0.0044694624227743229 0.4171799106252736 0.47378245625588167 0.066963369119363819 0.40103503880963048 0.59817513483555662 -0.17173428172351979 0.045991753628550805 -0.090122633245645692
0.11814721672315757 -0.026417895243122116 0.2567161830409721 -0.15619869954424281 0.12977973176232635 -0.50050345189287448 0.51043413773640234 0.52192193517774554 -0.022734961495004133 -0.17430128037863102 -0.25269009335918752
-0.11814721672315757 0.026417895243122116 -0.2567161830409721 0.15619869954424281 -0.12977973176232635 0.50050345189287448 -0.51043413773640234 -0.52192193517774554 0.022734961495004133 0.17430128037863102 0.25269009335918752
-0.064953719492103865 -0.18546013994435173 0.0044694624227743229 -0.4171799106252736 -0.47378245625588167 -0.066963369119363819 -0.40103503880963048 -0.59817513483555662 0.17173428172351979 -0.045991753628550805 0.090122633245645692
0.029380368966158268 -0.29858581137354251 -0.49831507545920761 0.47586922073038646 -0.39876904542378178 0.36089192880796661 -0.17243882241444242 0.17377150311229056 -0.038326287288376268 0.043785708749807375 0.28746541752497434
0.082573866197211979 -0.5104638465610164 -0.23712942999546119 -0.097509389439129956 -0.74277176991733707 -0.20657489220427175 -0.063039723487670563 0.097518303454479496 0.1106730329401394 -0.17650732525737445 0.12489795741143252
0.17809922630869141 0.58541309762889371 0.1457871831788298 -0.33386579531213284 0.24034062975198583 -0.032361384341689864 0.22115067789131035 0.38024460832631879 -0.47322269176992737 -0.017838765436451479 -0.12763032201159066
0.33866467911520165 0.501236924334303 0.20539106294874357 0.27534079208541945 0.43963119775934362 -0.49443293327932736 0.075776209507008113 0.1023569987654977 -0.027581924783422695 -0.22256245721339318 -0.10870338386903083
-0.30309132858925603 -0.017190973016408762 0.28845455008768967 -0.33403010219053231 0.43292030392031988 0.20050437359072462 0.49769765171706476 0.32204663295776842 -0.10582606965172085 0.22476850209213661 -0.26888466690158919
-0.14252587578274578 -0.10136714631099941 0.34805842985760344 0.27517648520701998 0.63221087192767766 -0.26156717534691287 0.35232318333276252 0.044159023396947328 0.33981469733478381 0.020044810315194908 -0.24995772875902933
0.14252587578274578 0.10136714631099941 -0.34805842985760344 -0.27517648520701998 -0.63221087192767766 0.26156717534691287 -0.35232318333276252 -0.044159023396947328 -0.33981469733478381 -0.020044810315194908 0.24995772875902933
0.30309132858925603 0.017190973016408762 -0.28845455008768967 0.33403010219053231 -0.43292030392031988 -0.20050437359072462 -0.49769765171706476 -0.32204663295776842 0.10582606965172085 -0.22476850209213661 0.26888466690158919
-0.33866467911520165 -0.501236924334303 -0.20539106294874357 -0.27534079208541945 -0.43963119775934362 0.49443293327932736 -0.075776209507008113 -0.1023569987654977 0.027581924783422695 0.22256245721339318 0.10870338386903083
-0.17809922630869141 -0.58541309762889371 -0.1457871831788298 0.33386579531213284 -0.24034062975198583 0.032361384341689864 -0.22115067789131035 -0.38024460832631879 0.47322269176992737 0.017838765436451479 0.12763032201159066
-0.0087164673896208411 -0.19211178737678586 0.38436431014137901 0.021065939246754692 0.18089066072118293 0.16283087250769246 -0.17082035396222547 -0.58144553557257417 -0.54670806376758352 -0.24063067963478246 -0.17762524687532119
-0.32888340578527103 0.074145331008309223 -0.38250066393759158 -0.12736242784697421 0.26235178533741921 -0.14668143685114765 -0.06160681779286923 -0.61437230969844869 -0.33865704591070978 -0.085206140140102082 -0.36092784622028384
0.138811118299695 -0.51711549399345047 0.1427654177231435 0.34073646043289829 -0.088098652940272415 0.02321934942278453 0.16717496135973439 0.11424790271746205 -0.60776931255096389 -0.37114625126360612 -0.14284992270953439
-0.18135582009595519 -0.25085837560835544 -0.62409955635582715 0.1923080933391694 -0.0066375283240361418 -0.28629295993605558 0.27638849752909062 0.08132112859158741 -0.39971829469409015 -0.21572171176892574 -0.32615252205449707
0.18135582009595519 0.25085837560835544 0.62409955635582715 -0.1923080933391694 0.0066375283240361418 0.28629295993605558 -0.27638849752909062 -0.08132112859158741 0.39971829469409015 0.21572171176892574 0.32615252205449707
-0.138811118299695 0.51711549399345047 -0.1427654177231435 -0.34073646043289829 0.088098652940272415 -0.02321934942278453 -0.16717496135973439 -0.11424790271746205 0.60776931255096389 0.37114625126360612 0.14284992270953439
0.32888340578527103 -0.074145331008309223 0.38250066393759158 0.12736242784697421 -0.26235178533741921 0.14668143685114765 0.06160681779286923 0.61437230969844869 0.33865704591070978 0.085206140140102082 0.36092784622028384
0.0087164673896208411 0.19211178737678586 -0.38436431014137901 -0.021065939246754692 -0.18089066072118293 -0.16283087250769246 0.17082035396222547 0.58144553557257417 0.54670806376758352 0.24063067963478246 0.17762524687532119
0.4140373134989167 0.052100849261087268 -0.24933575965827293 0.10639706780181622 -0.034866297039157376 -0.17085427468192566 0.20666630266281602 -0.42917744085683618 -0.67765353947129436 -0.15086967169604687 -0.11438046956095035
-0.12291904608654533 0.1075330583990739 -0.13306685346503511 0.10714127166250738 0.016539755267970174 -0.18547357067885195 -0.37764513292170521 -0.012748990755600126 -0.63616944110858586 -0.54808998723624947 -0.24814295447886939
-0.067153241399030672 -0.55050322138421515 -0.10666839274941302 0.10623276092341673 0.15771337712917663 0.062011483250488837 0.48321327648857038 -0.48737541622538655 -0.3102569173530878 0.091737595832541208 -0.25563481445094893
-0.60410960098449273 -0.49507101224622851 0.0096005134438248013 0.10697696478410788 0.20911942943630416 0.047392187253562514 -0.10109815909595085 -0.070946966124150468 -0.2687728189903793 -0.30548271970766133 -0.38939729936886791
0.60410960098449273 0.49507101224622851 -0.0096005134438248013 -0.10697696478410788 -0.20911942943630416 -0.047392187253562514 0.10109815909595085 0.070946966124150468 0.2687728189903793 0.30548271970766133 0.38939729936886791
0.067153241399030672 0.55050322138421515 0.10666839274941302 -0.10623276092341673 -0.15771337712917663 -0.062011483250488837 -0.48321327648857038 0.48737541622538655 0.3102569173530878 -0.091737595832541208 0.25563481445094893
0.12291904608654533 -0.1075330583990739 0.13306685346503511 -0.10714127166250738 -0.016539755267970174 0.18547357067885195 0.37764513292170521 0.012748990755600126 0.63616944110858586 0.54808998723624947 0.24814295447886939
-0.4140373134989167 -0.052100849261087268 0.24933575965827293 -0.10639706780181622 0.034866297039157376 0.17085427468192566 -0.20666630266281602 0.42917744085683618 0.67765353947129436 0.15086967169604687 0.11438046956095035
-0.25670570318173547 0.19449784199721556 0.0017743309510784427 -0.60049433699450672 0.21457086808084724 0.35426945120325148 0.10689120827747892 -0.273073679522428 -0.15796275721318959 -0.22353737065311757 0.45079099293901181
-0.09614025037522525 0.11032166870262491 0.061378210720992213 0.0087122504030455739 0.41386143608820503 -0.10780209773438604 -0.038483260106823319 -0.55096128908324915 0.28767800977331509 -0.42826106243005929 0.46971793108157167
-0.10917811749241965 -0.13050586461944905 -0.23982456146715708 -0.28082381580836313 -0.054418445580608085 0.21465792811834356 0.44488652359943875 0.42261975876760816 -0.21902400599657001 -0.35405294228194123 0.48556631710479858
0.051387335314090593 -0.2146820379140397 -0.18022068169724331 0.32838277158918916 0.14487212242674974 -0.24741362081929397 0.29951205521513652 0.14473214920678704 0.22661676098993466 -0.55877663405888289 0.50449325524735844
-0.051387335314090593 0.2146820379140397 0.18022068169724331 -0.32838277158918916 -0.14487212242674974 0.24741362081929397 -0.29951205521513652 -0.14473214920678704 -0.22661676098993466 0.55877663405888289 -0.50449325524735844
0.10917811749241965 0.13050586461944905 0.23982456146715708 0.28082381580836313 0.054418445580608085 -0.21465792811834356 -0.44488652359943875 -0.42261975876760816 0.21902400599657001 0.35405294228194123 -0.48556631710479858
0.09614025037522525 -0.11032166870262491 -0.061378210720992213 -0.0087122504030455739 -0.41386143608820503 0.10780209773438604 0.038483260106823319 0.55096128908324915 -0.28767800977331509 0.42826106243005929 -0.46971793108157167
0.25670570318173547 -0.19449784199721556 -0.0017743309510784427 0.60049433699450672 -0.21457086808084724 -0.35426945120325148 -0.10689120827747892 0.273073679522428 0.15796275721318959 0.22353737065311757 -0.45079099293901181
0.11133934489962441 0.39714895495797603 -0.29114968155938559 0.15071567582129919 0.25543302041640914 0.22072844673189068 0.01022859537004462 0.0030548223553601844 -0.22387096928498856 -0.40231411911670345 0.62955302659495527
0.16453284213067812 0.1852709197705022 -0.029964036095639163 -0.42266293434821722 -0.088569704077146177 -0.34673837428034765 0.11962769429681647 -0.073198377302450865 -0.07487164905647288 -0.62260715312388526 0.46698556648141343
-0.36985120999832299 -0.20545511568732638 -0.14848231465052569 0.15055136894289967 0.44801269458474313 0.45359420466430517 0.286775569195799 -0.055143153013190158 0.14352565283321794 -0.15970685158811532 0.48829868170495677
-0.31665771276726928 -0.41733315087480022 0.11270333081322072 -0.42282724122661675 0.10400997009118781 -0.11387261634793316 0.39617466812257079 -0.13139635267100119 0.29252497306173364 -0.37999988559529713 0.32573122159141493
0.31665771276726928 0.41733315087480022 -0.11270333081322072 0.42282724122661675 -0.10400997009118781 0.11387261634793316 -0.39617466812257079 0.13139635267100119 -0.29252497306173364 0.37999988559529713 -0.32573122159141493
0.36985120999832299 0.20545511568732638 0.14848231465052569 -0.15055136894289967 -0.44801269458474313 -0.45359420466430517 -0.286775569195799 0.055143153013190158 -0.14352565283321794 0.15970685158811532 -0.48829868170495677
-0.16453284213067812 -0.1852709197705022 0.029964036095639163 0.42266293434821722 0.088569704077146177 0.34673837428034765 -0.11962769429681647 0.073198377302450865 0.07487164905647288 0.62260715312388526 -0.46698556648141343
-0.11133934489962441 -0.39714895495797603 0.29114968155938559 -0.15071567582129919 -0.25543302041640914 -0.22072844673189068 -0.01022859537004462 -0.0030548223553601844 0.22387096928498856 0.40231411911670345 -0.62955302659495527
0.14487515135965939 0.14718914336665107 0.050489465208532452 0.37999941296690909 0.28942321448173375 0.17105008843333613 0.14916904140085749 0.16062840290892166 -0.14700991729166155 -0.78239728360163285 -0.12475401758837223
0.19958388416683706 0.1887506670437637 -0.29028659208065544 -0.28587947129383534 0.032804104385831527 -0.029094054284921192 0.62331831093333323 0.036767995746871326 -0.21204718092357344 -0.51385952719931161 -0.24027127392994485
-0.52115274869994477 0.11187801750445199 0.42138137909763485 0.3926835611739703 0.35019416010760018 0.082095970216320022 0.19963444164679242 -0.25775246528783147 -0.152603118296779 -0.34660408048963237 0.070939648832635246
-0.46644401589276707 0.15343954118156461 0.080605321808447011 -0.27319532308677408 0.093575050011697941 -0.11804817250193729 0.67378371117926816 -0.38161287244988179 -0.2176403819286909 -0.078066324087310984 -0.044577607508937404
0.46644401589276707 -0.15343954118156461 -0.080605321808447011 0.27319532308677408 -0.093575050011697941 0.11804817250193729 -0.67378371117926816 0.38161287244988179 0.2176403819286909 0.078066324087310984 0.044577607508937404
0.52115274869994477 -0.11187801750445199 -0.42138137909763485 -0.3926835611739703 -0.35019416010760018 -0.082095970216320022 -0.19963444164679242 0.25775246528783147 0.152603118296779 0.34660408048963237 -0.070939648832635246
-0.19958388416683706 -0.1887506670437637 0.29028659208065544 0.28587947129383534 -0.032804104385831527 0.029094054284921192 -0.62331831093333323 -0.036767995746871326 0.21204718092357344 0.51385952719931161 0.24027127392994485
-0.14487515135965939 -0.14718914336665107 -0.050489465208532452 -0.37999941296690909 -0.28942321448173375 -0.17105008843333613 -0.14916904140085749 -0.16062840290892166 0.14700991729166155 0.78239728360163285 0.12475401758837223
-0.26047965619404134 0.18682726857232929 0.33003913228100357 -0.038691623577292458 -0.15223698005775105 -0.15684030632964163 0.35774539605043221 0.2200104464929668 -0.51515277712656704 -0.54095017118345834 0.068207284232477072
-0.09839896781140714 0.35609065414232505 -0.212318690702017 0.47801468972903183 0.13443720234725989 -0.25158917697329808 0.57712109827183378 -0.10548437057209356 -0.28354859400048982 -0.25684307255089667 0.1341844261470061
-0.22316989672170054 -0.055461969594109414 0.34341347771899644 -0.37121059984889687 0.2485610621461718 0.30459109290469699 0.24583165430829176 -0.11550009896886664 -0.081101705219862624 -0.60362053513804725 -0.30351605124431574
-0.061089208339066323 0.11380141597588643 -0.19894434526402408 0.14549571345742743 0.53523524455118265 0.20984222226104043 0.46520735652969336 -0.44099491603392699 0.15050247790621452 -0.31951343650548564 -0.23753890932978666
0.061089208339066323 -0.11380141597588643 0.19894434526402408 -0.14549571345742743 -0.53523524455118265 -0.20984222226104043 -0.46520735652969336 0.44099491603392699 -0.15050247790621452 0.31951343650548564 0.23753890932978666
0.22316989672170054 0.055461969594109414 -0.34341347771899644 0.37121059984889687 -0.2485610621461718 -0.30459109290469699 -0.24583165430829176 0.11550009896886664 0.081101705219862624 0.60362053513804725 0.30351605124431574
0.09839896781140714 -0.35609065414232505 0.212318690702017 -0.47801468972903183 -0.13443720234725989 0.25158917697329808 -0.57712109827183378 0.10548437057209356 0.28354859400048982 0.25684307255089667 -0.1341844261470061
0.26047965619404134 -0.18682726857232929 -0.33003913228100357 0.038691623577292458 0.15223698005775105 0.15684030632964163 -0.35774539605043221 -0.2200104464929668 0.51515277712656704 0.54095017118345834 -0.068207284232477072
0.57739000080242775 -0.11852966493688606 -0.041486531379030273 0.045562288698057951 0.30447895686946436 0.14769827141073627 0.030580243200612554 0.27448206455081403 -0.56583922719432422 0.15196515448340064 -0.3386875289536021
0.25570782683065352 -0.10571210541637746 -0.20638980270506654 -0.010365804304442949 0.29855646708804751 -0.52913671624208491 -0.22495639123573516 0.2891624979291787 -0.143751625477023 -0.1814410964314222 -0.56904033207053406
-0.08863789925717637 -0.15384079079908514 0.32940538251007223 0.058246436905119214 0.36524990249533096 0.058744153193720103 0.08104564344654748 -0.1438988036459391 -0.57143242819944173 0.58775835759540107 -0.14299386253259472
-0.41032007322895059 -0.14102323127857655 0.16450211118403593 0.0023183439026183139 0.35932741271391411 -0.61809083445910096 -0.17449099098980023 -0.12921837026757443 -0.14934482648214051 0.25435210668057834 -0.37334666564952657
0.41032007322895059 0.14102323127857655 -0.16450211118403593 -0.0023183439026183139 -0.35932741271391411 0.61809083445910096 0.17449099098980023 0.12921837026757443 0.14934482648214051 -0.25435210668057834 0.37334666564952657
0.08863789925717637 0.15384079079908514 -0.32940538251007223 -0.058246436905119214 -0.36524990249533096 -0.058744153193720103 -0.08104564344654748 0.1438988036459391 0.57143242819944173 -0.58775835759540107 0.14299386253259472
-0.25570782683065352 0.10571210541637746 0.20638980270506654 0.010365804304442949 -0.29855646708804751 0.52913671624208491 0.22495639123573516 -0.2891624979291787 0.143751625477023 0.1814410964314222 0.56904033207053406
-0.57739000080242775 0.11852966493688606 0.041486531379030273 -0.045562288698057951 -0.30447895686946436 -0.14769827141073627 -0.030580243200612554 -0.27448206455081403 0.56583922719432422 -0.15196515448340064 0.3386875289536021
-0.20284047795410085 0.14580405497677457 -0.18802578109634188 0.14432176932087193 0.20089899704211811 -0.28956028999282435 -0.12577913551293229 0.42479774117103497 -0.66089380554044408 0.28029904999393424 -0.21351157013614286
0.3326006460552372 -0.16306771302579853 0.29766701546335461 0.23607783955140876 0.062109330337337454 -0.64226367228987902 0.093782129465884989 0.055976498574038122 -0.4883413200427249 0.18868857512463352 -0.12679928899019299
-0.16553071848176007 -0.096485183189664092 -0.17465143565834892 -0.1881972069507325 0.60169703924604112 0.17187110924151427 -0.23769287725507274 0.089287195709201489 -0.22684273363373969 0.21762868603934543 -0.58523490561293579
0.36991040552757803 -0.40535695119223719 0.31104136090134749 -0.096441136720195664 0.46290737254126041 -0.18083227305554045 -0.018131612276255409 -0.27953404688779532 -0.054290248136020625 0.12601821117004472 -0.49852262446698575
-0.36991040552757803 0.40535695119223719 -0.31104136090134749 0.096441136720195664 -0.46290737254126041 0.18083227305554045 0.018131612276255409 0.27953404688779532 0.054290248136020625 -0.12601821117004472 0.49852262446698575
0.16553071848176007 0.096485183189664092 0.17465143565834892 0.1881972069507325 -0.60169703924604112 -0.17187110924151427 0.23769287725507274 -0.089287195709201489 0.22684273363373969 -0.21762868603934543 0.58523490561293579
-0.3326006460552372 0.16306771302579853 -0.29766701546335461 -0.23607783955140876 -0.062109330337337454 0.64226367228987902 -0.093782129465884989 -0.055976498574038122 0.4883413200427249 -0.18868857512463352 0.12679928899019299
0.20284047795410085 -0.14580405497677457 0.18802578109634188 -0.14432176932087193 -0.20089899704211811 0.28956028999282435 0.12577913551293229 -0.42479774117103497 0.66089380554044408 -0.28029904999393424 0.21351157013614286
0.028382492615076346 -0.20980007479270441 -0.7029305472131957 -0.13499092056856324 0.11435828974511314 0.18602466376913318 -0.29050400537269871 0.1898603215190412 -0.34004066997858884 -0.36119275833473247 0.16921607839345221
0.56382361662441438 -0.51867184279527745 -0.21723775065349918 -0.043234850338026432 -0.024431376959667538 -0.16667871852792154 -0.070942740393881362 -0.17896092107795558 -0.16748818448086975 -0.4528032332040331 0.25592835953940207
-0.63764540744452769 -0.24511120065490349 -0.33203863332409322 -0.12230677236150199 0.17512923537097955 0.097070545552117096 -0.24003860512676375 -0.22852054667771188 -0.34563387098370635 0.074600444777268154 0.36490974481445959
-0.10220428343518964 -0.55398296865747654 0.15365416323560324 -0.030550702130965168 0.03633956866619889 -0.25563283674493764 -0.020477340147946426 -0.59734178927470871 -0.17308138548598725 -0.017010030092032523 0.45162202596040946
0.10220428343518964 0.55398296865747654 -0.15365416323560324 0.030550702130965168 -0.03633956866619889 0.25563283674493764 0.020477340147946426 0.59734178927470871 0.17308138548598725 0.017010030092032523 -0.45162202596040946
0.63764540744452769 0.24511120065490349 0.33203863332409322 0.12230677236150199 -0.17512923537097955 -0.097070545552117096 0.24003860512676375 0.22852054667771188 0.34563387098370635 -0.074600444777268154 -0.36490974481445959
-0.56382361662441438 0.51867184279527745 0.21723775065349918 0.043234850338026432 0.024431376959667538 0.16667871852792154 0.070942740393881362 0.17896092107795558 0.16748818448086975 0.4528032332040331 -0.25592835953940207
-0.028382492615076346 0.20980007479270441 0.7029305472131957 0.13499092056856324 -0.11435828974511314 -0.18602466376913318 0.29050400537269871 -0.1898603215190412 0.34004066997858884 0.36119275833473247 -0.16921607839345221
0.10527531183966002 -0.26715568240212545 -0.1988737290447746 0.11145272328728845 -0.122088847005597 0.072897707721339119 0.02823451532892151 -0.043325677836099377 -0.68463036454429083 0.0089369132213233601 0.61145712147379316
-0.21640686213211416 -0.25433812288161689 -0.36377700037081084 0.055524630284787532 -0.12801133678701387 -0.60393727993148194 -0.2273021191074262 -0.028645244457734725 -0.26254276282698963 -0.32446933769349945 0.38110431835686132
0.14258507131200082 -0.50944492056856416 -0.18549938360678161 -0.22106625298431593 0.27870919519832588 0.53432910695567759 -0.083679226413218857 -0.37883622329793282 -0.25057929263758649 -0.053733450733265443 0.23973378599700035
-0.17909710265977333 -0.49662736104805555 -0.35040265493281786 -0.27699434598681688 0.27278670541690903 -0.14250588069714354 -0.33921586084956656 -0.36415578991956815 0.17150830907971476 -0.38713970164808825 0.0093809828800684881
0.17909710265977333 0.49662736104805555 0.35040265493281786 0.27699434598681688 -0.27278670541690903 0.14250588069714354 0.33921586084956656 0.36415578991956815 -0.17150830907971476 0.38713970164808825 -0.0093809828800684881
-0.14258507131200082 0.50944492056856416 0.18549938360678161 0.22106625298431593 -0.27870919519832588 -0.53432910695567759 0.083679226413218857 0.37883622329793282 0.25057929263758649 0.053733450733265443 -0.23973378599700035
0.21640686213211416 0.25433812288161689 0.36377700037081084 -0.055524630284787532 0.12801133678701387 0.60393727993148194 0.2273021191074262 0.028645244457734725 0.26254276282698963 0.32446933769349945 -0.38110431835686132
-0.10527531183966002 0.26715568240212545 0.1988737290447746 -0.11145272328728845 0.122088847005597 -0.072897707721339119 -0.02823451532892151 0.043325677836099377 0.68463036454429083 -0.0089369132213233601 -0.61145712147379316
0.32788552943418914 0.014640405572528846 0.17788519218360346 -0.4834977134519754 0.25077554983147565 -0.02818582818768571 -0.056458365165387034 0.63046112810519939 0.036942663220497218 -0.31977232694443763 0.24267850708876171
0.48996621781682337 0.18390379114252464 -0.36447263079941705 0.033208599854348861 0.53744973223648651 -0.12293469883134223 0.16291733705601469 0.30496631104013899 0.26854684634657433 -0.03566522831187615 0.30865564900329079
-0.33814237062541497 -0.020670720289670243 0.54877710607270591 -0.47081356524491419 0.31154649545734225 -0.11713994640470181 -0.0059929649194521012 0.21208025990844626 0.031349462215379709 0.11602087616756288 0.43837217350976909
-0.17606168224278076 0.14859266528032555 0.0064192830896853958 0.045892748061410124 0.59822067786235322 -0.21188881704835832 0.21338273730194962 -0.11341455715661412 0.26295364534145682 0.40012797480012435 0.50434931542429806
0.17606168224278076 -0.14859266528032555 -0.0064192830896853958 -0.045892748061410124 -0.59822067786235322 0.21188881704835832 -0.21338273730194962 0.11341455715661412 -0.26295364534145682 -0.40012797480012435 -0.50434931542429806
0.33814237062541497 0.020670720289670243 -0.54877710607270591 0.47081356524491419 -0.31154649545734225 0.11713994640470181 0.0059929649194521012 -0.21208025990844626 -0.031349462215379709 -0.11602087616756288 -0.43837217350976909
-0.48996621781682337 -0.18390379114252464 0.36447263079941705 -0.033208599854348861 -0.53744973223648651 0.12293469883134223 -0.16291733705601469 -0.30496631104013899 -0.26854684634657433 0.03566522831187615 -0.30865564900329079
-0.32788552943418914 -0.014640405572528846 -0.17788519218360346 0.4834977134519754 -0.25077554983147565 0.02818582818768571 0.056458365165387034 -0.63046112810519939 -0.036942663220497218 0.31977232694443763 -0.24267850708876171
0.029902677455944923 0.18198039267109029 0.25585309356224195 0.28039644757089172 0.35240864779290404 -0.25068095087606268 -0.10265557782688638 0.48820876178623451 -0.034558749856419241 -0.062755872296022946 0.61713420716571266
0.084611410263122591 0.22354191634820292 -0.084922963726945952 -0.38548243668985266 0.09578953769700177 -0.45082509359431999 0.37149369170558943 0.36434835462418419 -0.099596013488331109 0.20578188410629847 0.50161695082414015
0.067212436928285713 -0.060308845495348422 0.26922743900023482 -0.052122528700712711 0.75320668999682705 0.21075044835827589 -0.21456931956902678 0.15269821632440106 0.39949232205028518 -0.12542623625061175 0.24541087168891984
0.12192116973546338 -0.018747321818235796 -0.071548618288953036 -0.71800141296145703 0.49658757990092478 0.010606305640018576 0.25957994996344902 0.028837809162350722 0.33445505841837331 0.14311152015170966 0.12989361534734722
-0.12192116973546338 0.018747321818235796 0.071548618288953036 0.71800141296145703 -0.49658757990092478 -0.010606305640018576 -0.25957994996344902 -0.028837809162350722 -0.33445505841837331 -0.14311152015170966 -0.12989361534734722
-0.067212436928285713 0.060308845495348422 -0.26922743900023482 0.052122528700712711 -0.75320668999682705 -0.21075044835827589 0.21456931956902678 -0.15269821632440106 -0.39949232205028518 0.12542623625061175 -0.24541087168891984
-0.084611410263122591 -0.22354191634820292 0.084922963726945952 0.38548243668985266 -0.09578953769700177 0.45082509359431999 -0.37149369170558943 -0.36434835462418419 0.099596013488331109 -0.20578188410629847 -0.50161695082414015
-0.029902677455944923 -0.18198039267109029 -0.25585309356224195 -0.28039644757089172 -0.35240864779290404 0.25068095087606268 0.10265557782688638 -0.48820876178623451 0.034558749856419241 0.062755872296022946 -0.61713420716571266
-0.51949819072137016 -0.2715290958980256 -0.075322450283121151 -0.27850547190574482 0.30490896713330606 -0.40343290634075746 0.27039553260963856 0.29340138850003367 -0.36836883247871055 -0.099700835601362864 0.11221965145527206
-0.037250563943085777 -0.36852282871312486 0.14918470081282892 0.38662920849430843 0.5101220249220807 -0.18866946762557391 0.3805576986616841 0.00083334556084793676 -0.34481566720950707 0.028981723536518268 0.36149939271476378
-0.00099787635108193606 0.08878573658083809 -0.20461547175398812 -0.61086014129894972 0.51312733516889497 -0.17486726503883337 -0.11806518295825624 0.01608881840675061 -0.30171438269021261 -0.40497846708453972 -0.11824933913152218
0.48124975042720242 -0.0082079962342611612 0.019891679341961982 0.054274539101103567 0.71834039295766972 0.039896173676350219 -0.0079030169062107684 -0.27647922453243512 -0.27816121742100919 -0.27629590794665859 0.13103040212796951
-0.48124975042720242 0.0082079962342611612 -0.019891679341961982 -0.054274539101103567 -0.71834039295766972 -0.039896173676350219 0.0079030169062107684 0.27647922453243512 0.27816121742100919 0.27629590794665859 -0.13103040212796951
0.00099787635108193606 -0.08878573658083809 0.20461547175398812 0.61086014129894972 -0.51312733516889497 0.17486726503883337 0.11806518295825624 -0.01608881840675061 0.30171438269021261 0.40497846708453972 0.11824933913152218
0.037250563943085777 0.36852282871312486 -0.14918470081282892 -0.38662920849430843 -0.5101220249220807 0.18866946762557391 -0.3805576986616841 -0.00083334556084793676 0.34481566720950707 -0.028981723536518268 -0.36149939271476378
0.51949819072137016 0.2715290958980256 0.075322450283121151 0.27850547190574482 -0.30490896713330606 0.40343290634075746 -0.27039553260963856 -0.29340138850003367 0.36836883247871055 0.099700835601362864 -0.11221965145527206
-0.11414338316766945 -0.31116722110370382 -0.35487211735559221 0.14018556463845672 0.74656916167279097 -0.075542511577779733 0.061819177960063851 0.23401934491598853 -0.00022597264380502802 -0.34114794801953746 -0.080741650365577206
0.26073228803515835 -0.53586281581168627 0.071216799434190473 -0.37726495252855874 0.40848892696065237 0.033825655062803092 0.42675491132318344 0.14308571187981278 -0.27331425413259064 -0.22803473111189637 -0.012956307362187164
-0.2989807283293261 0.25612572367939951 -0.12664757037534966 0.1530340197239175 0.61476043313032336 -0.39736238772721033 -0.16426239561975559 -0.12616354791221424 -0.37321579576712904 -0.14796201243612503 0.25620636094542881
0.075894942873501764 0.03143012897141706 0.29944134641443299 -0.36441649744309801 0.27668019841818481 -0.28799422108662753 0.20067333774336393 -0.21709718094838998 -0.64630407725591454 -0.034848795528484001 0.32399170394881882
-0.075894942873501764 -0.03143012897141706 -0.29944134641443299 0.36441649744309801 -0.27668019841818481 0.28799422108662753 -0.20067333774336393 0.21709718094838998 0.64630407725591454 0.034848795528484001 -0.32399170394881882
0.2989807283293261 -0.25612572367939951 0.12664757037534966 -0.1530340197239175 -0.61476043313032336 0.39736238772721033 0.16426239561975559 0.12616354791221424 0.37321579576712904 0.14796201243612503 -0.25620636094542881
-0.26073228803515835 0.53586281581168627 -0.071216799434190473 0.37726495252855874 -0.40848892696065237 -0.033825655062803092 -0.42675491132318344 -0.14308571187981278 0.27331425413259064 0.22803473111189637 0.012956307362187164
0.11414338316766945 0.31116722110370382 0.35487211735559221 -0.14018556463845672 -0.74656916167279097 0.075542511577779733 -0.061819177960063851 -0.23401934491598853 0.00022597264380502802 0.34114794801953746 0.080741650365577206
-0.38093970426279222 -0.43960904265211914 -0.3338129642751716 0.47818756463300477 -0.03944163270986769 -0.2571989056511344 -0.34692981340424267 0.044553132844716112 -0.18767111377051673 0.2981378154303857 -0.085881248124552223
-0.0060640330599643771 -0.66430463736010159 0.092275952514611029 -0.039262952534010728 -0.37752186742200616 -0.1478307390105516 0.018005919958876918 -0.046380500191459575 -0.46075939525930243 0.41125103233802679 -0.018095905121162187
0.13756061010749598 -0.079294210173255303 -0.46310598574603867 0.14583289523979986 0.16877673532572121 -0.028633264349210388 -0.73539052897213752 -0.2327594372485669 -0.12101666398201885 -0.0071398160527911744 -0.31635023871134643
0.51243628131032382 -0.30398980488123772 -0.037017068956255922 -0.37161762192721565 -0.16930349938641728 0.080734902291372437 -0.37045479560901784 -0.32369307028474265 -0.39410494547080444 0.10597340085484985 -0.24856489570795642
-0.51243628131032382 0.30398980488123772 0.037017068956255922 0.37161762192721565 0.16930349938641728 -0.080734902291372437 0.37045479560901784 0.32369307028474265 0.39410494547080444 -0.10597340085484985 0.24856489570795642
-0.13756061010749598 0.079294210173255303 0.46310598574603867 -0.14583289523979986 -0.16877673532572121 0.028633264349210388 0.73539052897213752 0.2327594372485669 0.12101666398201885 0.0071398160527911744 0.31635023871134643
0.0060640330599643771 0.66430463736010159 -0.092275952514611029 0.039262952534010728 0.37752186742200616 0.1478307390105516 -0.018005919958876918 0.046380500191459575 0.46075939525930243 -0.41125103233802679 0.018095905121162187
0.38093970426279222 0.43960904265211914 0.3338129642751716 -0.47818756463300477 0.03944163270986769 0.2571989056511344 0.34692981340424267 -0.044553132844716112 0.18767111377051673 -0.2981378154303857 0.085881248124552223
-0.082956852284548091 -0.60694902975068044 -0.41178086565381011 -0.2857065963898624 -0.14107473067129603 -0.034703782962757487 -0.30073260074274322 0.186805499163681 -0.1161697006936003 0.041121360781970977 -0.46033694820150317
0.39929077449373629 -0.70394276256577959 -0.18727371455786004 0.37942808401019079 0.064138327117478647 0.18005965575242611 -0.19057043469069773 -0.10576254377550476 -0.092616535424396879 0.16980391991985208 -0.21105720694201147
-0.2677941974462047 -0.03965608496757711 -0.18355631867356756 -0.27285814130440167 -0.27288345921376361 -0.35652365911218808 -0.52681417432256272 -0.17337739366452176 -0.4891595238169244 0.23430729636538347 -0.12338893689049717
0.21445342933207967 -0.13664981778267637 0.040950832422382538 0.39227653909565158 -0.067670401424988952 -0.14176022039700448 -0.41665200827051729 -0.46594543660370752 -0.46560635854772092 0.36298985550326462 0.12589080436899452
-0.21445342933207967 0.13664981778267637 -0.040950832422382538 -0.39227653909565158 0.067670401424988952 0.14176022039700448 0.41665200827051729 0.46594543660370752 0.46560635854772092 -0.36298985550326462 -0.12589080436899452
0.2677941974462047 0.03965608496757711 0.18355631867356756 0.27285814130440167 0.27288345921376361 0.35652365911218808 0.52681417432256272 0.17337739366452176 0.4891595238169244 -0.23430729636538347 0.12338893689049717
-0.39929077449373629 0.70394276256577959 0.18727371455786004 -0.37942808401019079 -0.064138327117478647 -0.18005965575242611 0.19057043469069773 0.10576254377550476 0.092616535424396879 -0.16980391991985208 0.21105720694201147
0.082956852284548091 0.60694902975068044 0.41178086565381011 0.2857065963898624 0.14107473067129603 0.034703782962757487 0.30073260074274322 -0.186805499163681 0.1161697006936003 -0.041121360781970977 0.46033694820150317
-0.30876200165925671 -0.31925653166321272 0.05046203061349841 0.0050556554854722657 -0.087222549966439633 0.24375198240326473 -0.1784317873338945 0.38585176302073682 -0.0069768250729965731 0.15980658491737024 0.72583759103474366
-0.0934878160455688 -0.36187118128069079 -0.23071014690577571 -0.051616641377719874 -0.14455109205498406 -0.4184637092526301 0.15034301381427903 -0.0158962537021346 0.37362667828159624 0.22362064954274991 0.62924727283573079
0.20973831271103152 0.041058300815650955 -0.078830990857368582 -0.32729901390773269 0.1209958180691493 0.4723176237051887 -0.56689250290178927 0.10853919292745375 0.05967762471550131 -0.14547104656580664 0.49536860044794923
0.42501249832471943 -0.0015563488018270621 -0.3600031683766427 -0.38397131077092472 0.063667275980604884 -0.18989806795070607 -0.23811770175361574 -0.29320882379541768 0.44028112807009412 -0.081656981940426948 0.39877828224893647
-0.42501249832471943 0.0015563488018270621 0.3600031683766427 0.38397131077092472 -0.063667275980604884 0.18989806795070607 0.23811770175361574 0.29320882379541768 -0.44028112807009412 0.081656981940426948 -0.39877828224893647
-0.20973831271103152 -0.041058300815650955 0.078830990857368582 0.32729901390773269 -0.1209958180691493 -0.4723176237051887 0.56689250290178927 -0.10853919292745375 -0.05967762471550131 0.14547104656580664 -0.49536860044794923
0.0934878160455688 0.36187118128069079 0.23071014690577571 0.051616641377719874 0.14455109205498406 0.4184637092526301 -0.15034301381427903 0.0158962537021346 -0.37362667828159624 -0.22362064954274991 -0.62924727283573079
0.30876200165925671 0.31925653166321272 -0.05046203061349841 -0.0050556554854722657 0.087222549966439633 -0.24375198240326473 0.1784317873338945 -0.38585176302073682 0.0069768250729965731 -0.15980658491737024 -0.72583759103474366
0.14978630312549773 -0.57077269205636472 0.032098009004773748 -0.14963191813984261 0.010434920079489839 0.0041755561540040981 -0.27760904305669742 0.25021651977888054 0.51016535499042459 -0.30193356150798617 0.37030882910035234
0.15130153870162169 -0.3173331331917783 -0.56986369374816059 -0.24213219223107063 0.097818534477142949 0.37149823444798513 0.087141127549006561 0.2026093122746413 0.29612877112999703 0.18689722890151703 0.41735903287232157
-0.035051042036158928 -0.0034797472732614743 0.2603225559850163 -0.13678346305438188 -0.12137380846297771 -0.31764431999542647 -0.50369061663651682 -0.10996637304932215 0.13717553186710052 -0.10874762592457374 0.70725684041135839
-0.033535806460034984 0.24995981159132502 -0.34163914676791807 -0.22928373714560984 -0.03399019406532458 0.049678358298554562 -0.13894044603081288 -0.15757358055356141 -0.076861051993327018 0.38008316448492946 0.7543070441833275
0.033535806460034984 -0.24995981159132502 0.34163914676791807 0.22928373714560984 0.03399019406532458 -0.049678358298554562 0.13894044603081288 0.15757358055356141 0.076861051993327018 -0.38008316448492946 -0.7543070441833275
0.035051042036158928 0.0034797472732614743 -0.2603225559850163 0.13678346305438188 0.12137380846297771 0.31764431999542647 0.50369061663651682 0.10996637304932215 -0.13717553186710052 0.10874762592457374 -0.70725684041135839
-0.15130153870162169 0.3173331331917783 0.56986369374816059 0.24213219223107063 -0.097818534477142949 -0.37149823444798513 -0.087141127549006561 -0.2026093122746413 -0.29612877112999703 -0.18689722890151703 -0.41735903287232157
-0.14978630312549773 0.57077269205636472 -0.032098009004773748 0.14963191813984261 -0.010434920079489839 -0.0041755561540040981 0.27760904305669742 -0.25021651977888054 -0.51016535499042459 0.30193356150798617 -0.37030882910035234
-0.081436667443679486 -0.2151685622868858 0.54700277512162754 0.12968077174959253 0.096975627376494872 -0.47140939760795331 -0.11288417319693102 0.48515393943087426 0.18931221942856927 0.33955824682068053 -0.01241881942924263
-0.079921431867555542 0.038270996577700701 -0.054958927631306803 0.037180497658364509 0.18435924177414797 -0.10408671931397236 0.25186599740877291 0.43754673192663501 -0.024724364431858256 0.82838903723018364 0.034631384342726536
0.43706364692660871 0.14514627019197796 0.41770975365076057 -0.20267389764361238 0.3051939954120837 -0.24284375630602922 -0.50134488876482575 0.20784136933759118 0.25596666921706718 0.034280615337503519 -0.24288781001603693
0.43857888250273269 0.39858582905656442 -0.18425194910217377 -0.29517417173484034 0.39257760980973677 0.12447892198795178 -0.13659471815912186 0.16023416183335193 0.041930085356639613 0.52311140574700665 -0.19583760624406771
-0.43857888250273269 -0.39858582905656442 0.18425194910217377 0.29517417173484034 -0.39257760980973677 -0.12447892198795178 0.13659471815912186 -0.16023416183335193 -0.041930085356639613 -0.52311140574700665 0.19583760624406771
-0.43706364692660871 -0.14514627019197796 -0.41770975365076057 0.20267389764361238 -0.3051939954120837 0.24284375630602922 0.50134488876482575 -0.20784136933759118 -0.25596666921706718 -0.034280615337503519 0.24288781001603693
0.079921431867555542 -0.038270996577700701 0.054958927631306803 -0.037180497658364509 -0.18435924177414797 0.10408671931397236 -0.25186599740877291 -0.43754673192663501 0.024724364431858256 -0.82838903723018364 -0.034631384342726536
0.081436667443679486 0.2151685622868858 -0.54700277512162754 -0.12968077174959253 -0.096975627376494872 0.47140939760795331 0.11288417319693102 -0.48515393943087426 -0.18931221942856927 -0.33955824682068053 0.01241881942924263
0.16335268730351102 -0.17063051419797332 0.20784922827924265 -0.060834779103758244 0.3393452539086218 0.31855254609266193 -0.17608605946220346 0.70365950540765021 0.11181431227697011 0.30283482617944762 -0.22430705939265178
0.37862687291719888 -0.21324516381545139 -0.073322949240031479 -0.11750707596695037 0.28201671182007737 -0.34366314556323291 0.15268874168597008 0.30191148868477874 0.49241781563156284 0.36664889080482727 -0.32089737759166453
-0.021484657858145698 0.39666243058513001 0.43607377525948521 -0.047986324018297485 0.2075365253661543 -0.0032673300567686719 -0.40216763304202297 0.34347661257944739 -0.26117551084635393 0.49602076176285997 0.1126409519183542
0.19378952775554223 0.35404778096765194 0.15490159774021109 -0.10465862088148958 0.15020798327760987 -0.66548302171266349 -0.073392831893849361 -0.058271404143423994 0.11942799250823888 0.55983482638823978 0.016050633719341401
-0.19378952775554223 -0.35404778096765194 -0.15490159774021109 0.10465862088148958 -0.15020798327760987 0.66548302171266349 0.073392831893849361 0.058271404143423994 -0.11942799250823888 -0.55983482638823978 -0.016050633719341401
0.021484657858145698 -0.39666243058513001 -0.43607377525948521 0.047986324018297485 -0.2075365253661543 0.0032673300567686719 0.40216763304202297 -0.34347661257944739 0.26117551084635393 -0.49602076176285997 -0.1126409519183542
-0.37862687291719888 0.21324516381545139 0.073322949240031479 0.11750707596695037 -0.28201671182007737 0.34366314556323291 -0.15268874168597008 -0.30191148868477874 -0.49241781563156284 -0.36664889080482727 0.32089737759166453
-0.16335268730351102 0.17063051419797332 -0.20784922827924265 0.060834779103758244 -0.3393452539086218 -0.31855254609266193 0.17608605946220346 -0.70365950540765021 -0.11181431227697011 -0.30283482617944762 0.22430705939265178
0.12043569080706372 0.27782005464640103 -0.31885177604079218 0.28335257502287597 -0.29612051112923438 0.25102728122485035 0.20995047970854916 0.31764563055360001 -0.59060260641392059 -0.27150012900503495 -0.090290433805271422
0.27158609391794158 0.068478116229917313 -0.092019327414457952 0.30868678067701733 -0.39844745830075345 -0.4769662816584514 0.18451205200943796 0.06723026286021383 -0.17012856837881962 -0.57203233792469199 -0.19185962094412806
-0.50828244978019954 0.00021969061776324573 0.065414483286303227 -0.036482253041667183 0.16544847670055496 0.62350456224217277 0.14850213821234362 -0.43624578310498646 -0.16214473551233366 0.10162271015237677 -0.26632010286105678
-0.35713204666932163 -0.20912224779872049 0.29224693191263745 -0.011148047387525816 0.063121529529035852 -0.10448900064112891 0.12306371051323246 -0.68666115079837275 0.25832930252276731 -0.19890949876728037 -0.36788928999991333
0.35713204666932163 0.20912224779872049 -0.29224693191263745 0.011148047387525816 -0.063121529529035852 0.10448900064112891 -0.12306371051323246 0.68666115079837275 -0.25832930252276731 0.19890949876728037 0.36788928999991333
0.50828244978019954 -0.00021969061776324573 -0.065414483286303227 0.036482253041667183 -0.16544847670055496 -0.62350456224217277 -0.14850213821234362 0.43624578310498646 0.16214473551233366 -0.10162271015237677 0.26632010286105678
-0.27158609391794158 -0.068478116229917313 0.092019327414457952 -0.30868678067701733 0.39844745830075345 0.4769662816584514 -0.18451205200943796 -0.06723026286021383 0.17012856837881962 0.57203233792469199 0.19185962094412806
-0.12043569080706372 -0.27782005464640103 0.31885177604079218 -0.28335257502287597 0.29612051112923438 -0.25102728122485035 -0.20995047970854916 -0.31764563055360001 0.59060260641392059 0.27150012900503495 0.090290433805271422
-0.77305585585481262 0.25157231203941577 -0.064564083546175141 0.25648958940903688 -0.23953739818931585 -0.31652144650578878 0.079724192902954724 -0.090354603650554088 -0.29773480198996766 -0.071460746804889216 -0.057480796533576149
-0.16697815953939021 0.024103607112504404 0.39547680786912998 0.36091806270497895 -0.33348867998893916 -0.08732579036184443 0.41566913930690225 -0.36153123932913828 -0.47418277481300747 0.099514686099163294 0.16671807462619162
-0.069718196322867715 0.044594199735176171 -0.4220816519972847 -0.088713535069628771 0.10048969838874061 0.23386407094556583 -0.08265494908512061 -0.007484280915634414 0.14190947092185421 -0.56992431387147857 -0.62489779843137638
0.53635949999255461 -0.1828745051917352 0.037959239418020409 0.01571493822631324 0.006538416589117294 0.46305972708951015 0.2532899973188269 -0.2786609165942186 -0.034538501901185611 -0.39894888096742609 -0.40069892727160861
-0.53635949999255461 0.1828745051917352 -0.037959239418020409 -0.01571493822631324 -0.006538416589117294 -0.46305972708951015 -0.2532899973188269 0.2786609165942186 0.034538501901185611 0.39894888096742609 0.40069892727160861
0.069718196322867715 -0.044594199735176171 0.4220816519972847 0.088713535069628771 -0.10048969838874061 -0.23386407094556583 0.08265494908512061 0.007484280915634414 -0.14190947092185421 0.56992431387147857 0.62489779843137638
0.16697815953939021 -0.024103607112504404 -0.39547680786912998 -0.36091806270497895 0.33348867998893916 0.08732579036184443 -0.41566913930690225 0.36153123932913828 0.47418277481300747 -0.099514686099163294 -0.16671807462619162
0.77305585585481262 -0.25157231203941577 0.064564083546175141 -0.25648958940903688 0.23953739818931585 0.31652144650578878 -0.079724192902954724 0.090354603650554088 0.29773480198996766 0.071460746804889216 0.057480796533576149
-0.3231413814837778 -0.47460441146444599 0.0085017319240682336 -0.12225163529370657 -0.34678749619694105 0.082633401921138286 0.56385429824112188 0.20552850061983974 -0.11784755456994472 -0.1846635596710838 -0.34649733214182893
-0.2472179435871118 -0.38430555894984036 -0.13403810156159857 0.71396237723680078 0.037378875103621145 0.15715911351008971 0.38370218112837406 0.062951442056873363 0.091909624013617519 -0.17365437220146696 -0.21816141238756753
0.010521587724853792 0.45300336579752093 0.10743325743344384 -0.4417578496014507 -0.2703778567038197 -0.010620832926368267 -0.050687990906592428 -0.43196696230164605 -0.4241829279047708 -0.29675525557084831 -0.24001831141761726
0.086445025621519844 0.54330221831212655 -0.035106576052222956 0.39445616292905666 0.11378851459674251 0.063904878662583139 -0.23084010801934024 -0.57454402086461243 -0.21442574932120856 -0.28574606810123143 -0.11168239166335588
-0.086445025621519844 -0.54330221831212655 0.035106576052222956 -0.39445616292905666 -0.11378851459674251 -0.063904878662583139 0.23084010801934024 0.57454402086461243 0.21442574932120856 0.28574606810123143 0.11168239166335588
-0.010521587724853792 -0.45300336579752093 -0.10743325743344384 0.4417578496014507 0.2703778567038197 0.010620832926368267 0.050687990906592428 0.43196696230164605 0.4241829279047708 0.29675525557084831 0.24001831141761726
0.2472179435871118 0.38430555894984036 0.13403810156159857 -0.71396237723680078 -0.037378875103621145 -0.15715911351008971 -0.38370218112837406 -0.062951442056873363 -0.091909624013617519 0.17365437220146696 0.21816141238756753
0.3231413814837778 0.47460441146444599 -0.0085017319240682336 0.12225163529370657 0.34678749619694105 -0.082633401921138286 -0.56385429824112188 -0.20552850061983974 0.11784755456994472 0.1846635596710838 0.34649733214182893
0.2979353649856179 0.19031985733716403 0.28817483900013541 0.26601344610177369 -0.11313343884128949 -0.1821743132904291 -0.17270628504372074 0.67400306044531588 -0.3236347341516046 -0.18582086947253099 -0.22768816478529486
0.45122863479844055 0.33939558030883293 -0.33629511643593174 0.16053250961287183 -0.091881293402466674 -0.39069516276317351 0.31768992540565488 0.35626093423272426 -0.2058541358559266 0.20495805511049128 -0.26271831563741493
-0.33078277560164537 -0.087280506691473719 0.67244109832723087 -0.05382138196276947 0.34843554898849988 0.19030296772689334 -0.23415462653992622 -0.079888353213270702 0.10482313674998231 0.18730196968488069 -0.40371783384108029
-0.17748950578882275 0.061795216280195159 0.047971142891163603 -0.15930231845167134 0.36968769442732269 -0.01821788174585107 0.2562415839094494 -0.39763047942586227 0.22260373504566031 0.57808089426790299 -0.43874798469320031
0.17748950578882275 -0.061795216280195159 -0.047971142891163603 0.15930231845167134 -0.36968769442732269 0.01821788174585107 -0.2562415839094494 0.39763047942586227 -0.22260373504566031 -0.57808089426790299 0.43874798469320031
0.33078277560164537 0.087280506691473719 -0.67244109832723087 0.05382138196276947 -0.34843554898849988 -0.19030296772689334 0.23415462653992622 0.079888353213270702 -0.10482313674998231 -0.18730196968488069 0.40371783384108029
-0.45122863479844055 -0.33939558030883293 0.33629511643593174 -0.16053250961287183 0.091881293402466674 0.39069516276317351 -0.31768992540565488 -0.35626093423272426 0.2058541358559266 -0.20495805511049128 0.26271831563741493
-0.2979353649856179 -0.19031985733716403 -0.28817483900013541 -0.26601344610177369 0.11313343884128949 0.1821743132904291 0.17270628504372074 -0.67400306044531588 0.3236347341516046 0.18582086947253099 0.22768816478529486
-0.32940761911590782 0.18439716670349657 0.41810169191403779 -0.19214988020086968 -0.23381960614629271 -0.41265171203829304 0.21303327898327593 0.16803965842375013 -0.37521622530066423 0.43985720219617225 -0.11367753366747814
-0.25348418121924182 0.27469601921810222 0.27556185842837089 0.64406413232963766 0.15034676515426945 -0.33812600044934166 0.0328811618705281 0.025462599860783763 -0.16545904671710199 0.45086638966578912 0.014658386086783239
0.37393004041603706 -0.022580945600743058 0.060584123462928179 -0.53735300467953528 0.1062074904317637 0.13773380541306154 0.050654136995200584 0.25090998115866986 0.064428047611157668 -0.058606364870417128 -0.68109453556527833
0.44985347831270306 0.067717906913862619 -0.081955710022738618 0.29886100785097203 0.49037386173232589 0.21225951700201295 -0.12949798011754723 0.10833292259570346 0.27418522619471991 -0.047597177400800245 -0.55275861581101704
-0.44985347831270306 -0.067717906913862619 0.081955710022738618 -0.29886100785097203 -0.49037386173232589 -0.21225951700201295 0.12949798011754723 -0.10833292259570346 -0.27418522619471991 0.047597177400800245 0.55275861581101704
-0.37393004041603706 0.022580945600743058 -0.060584123462928179 0.53735300467953528 -0.1062074904317637 -0.13773380541306154 -0.050654136995200584 -0.25090998115866986 -0.064428047611157668 0.058606364870417128 0.68109453556527833
0.25348418121924182 -0.27469601921810222 -0.27556185842837089 -0.64406413232963766 -0.15034676515426945 0.33812600044934166 -0.0328811618705281 -0.025462599860783763 0.16545904671710199 -0.45086638966578912 -0.014658386086783239
0.32940761911590782 -0.18439716670349657 -0.41810169191403779 0.19214988020086968 0.23381960614629271 0.41265171203829304 -0.21303327898327593 -0.16803965842375013 0.37521622530066423 -0.43985720219617225 0.11367753366747814
-0.40964740316362935 -0.22401199935884827 -0.11141321751669082 0.16089443433095221 0.13704794894626757 -0.16816680816635896 0.18106632080474772 0.59252233980976177 0.19087617352596081 0.16668814389554198 -0.49855702068123731
0.196430293151793 -0.45148070428575965 0.34862767389861427 0.26532290762689426 0.043096667146644257 0.061028847977585371 0.51701126720869517 0.32134570413117758 0.014428200702921001 0.33766357679959447 -0.27435814952146953
-0.075984433954997765 0.70359577790311878 -0.012481692007315201 -0.15861177997679191 0.21345758843938895 -0.26142104301386554 -0.43347596834296659 -0.044973123111724023 -0.11545919980886529 0.054596447995777501 -0.39207799995702564
0.53009326236042453 0.47612707297620743 0.44755919940798988 -0.054183306680849912 0.11950630663976564 -0.032225386869921178 -0.097531021939019066 -0.31614975879030821 -0.29190717263190513 0.22557188089982999 -0.16787912879725789
-0.53009326236042453 -0.47612707297620743 -0.44755919940798988 0.054183306680849912 -0.11950630663976564 0.032225386869921178 0.097531021939019066 0.31614975879030821 0.29190717263190513 -0.22557188089982999 0.16787912879725789
0.075984433954997765 -0.70359577790311878 0.012481692007315201 0.15861177997679191 -0.21345758843938895 0.26142104301386554 0.43347596834296659 0.044973123111724023 0.11545919980886529 -0.054596447995777501 0.39207799995702564
-0.196430293151793 0.45148070428575965 -0.34862767389861427 -0.26532290762689426 -0.043096667146644257 -0.061028847977585371 -0.51701126720869517 -0.32134570413117758 -0.014428200702921001 -0.33766357679959447 0.27435814952146953
0.40964740316362935 0.22401199935884827 0.11141321751669082 -0.16089443433095221 -0.13704794894626757 0.16816680816635896 -0.18106632080474772 -0.59252233980976177 -0.19087617352596081 -0.16668814389554198 0.49855702068123731
0.29970938553363957 -0.16218322915939481 -0.22742841396386099 -0.28760483975769513 -0.21924162256650312 -0.35850168030917923 0.0070772059770184215 0.38267979274266944 -0.62618405202783478 -0.18503739512921077 0.0010478520884452142
0.37563282343030557 -0.071884376644789139 -0.36996824744952783 0.54860917277281218 0.16492474873405907 -0.28397596872022784 -0.1730749111357294 0.24010273417970304 -0.41642687344427254 -0.17402820765959393 0.12938377184270661
-0.3290087550536237 -0.43978359318803267 0.15683784536323442 -0.60743966782223824 0.24232736526328627 0.013975600708143205 -0.054371135519187069 -0.37121162091591703 -0.19772618112624793 0.18808544402820093 -0.17498181696734014
-0.2530853171569577 -0.349484740673427 0.014298011877567605 0.22877434470826907 0.62649373656384844 0.088501312297094639 -0.23452325263193488 -0.5137886794788834 0.012030997457314308 0.19909463149781778 -0.046645897213078741
0.2530853171569577 0.349484740673427 -0.014298011877567605 -0.22877434470826907 -0.62649373656384844 -0.088501312297094639 0.23452325263193488 0.5137886794788834 -0.012030997457314308 -0.19909463149781778 0.046645897213078741
0.3290087550536237 0.43978359318803267 -0.15683784536323442 0.60743966782223824 -0.24232736526328627 -0.013975600708143205 0.054371135519187069 0.37121162091591703 0.19772618112624793 -0.18808544402820093 0.17498181696734014
-0.37563282343030557 0.071884376644789139 0.36996824744952783 -0.54860917277281218 -0.16492474873405907 0.28397596872022784 0.1730749111357294 -0.24010273417970304 0.41642687344427254 0.17402820765959393 -0.12938377184270661
-0.29970938553363957 0.16218322915939481 0.22742841396386099 0.28760483975769513 0.21924162256650312 0.35850168030917923 -0.0070772059770184215 -0.38267979274266944 0.62618405202783478 0.18503739512921077 -0.0010478520884452142
-0.40500343048404275 -0.22688279025012553 0.38442856090044164 0.19592678295907071 0.022986435990233027 -0.30593251799534743 -0.27773155755810836 0.051881458370728967 -0.58578896288901028 0.060870939426087046 0.27842455381264347
-0.25171016067122015 -0.077807067278456654 -0.24004139453562551 0.090445846470168872 0.044238581429055832 -0.51445336746809189 0.21266465289126729 -0.26586066784186263 -0.46800836459333223 0.45164986400910928 0.24339440296052339
0.29833422904790208 -0.43386090255436521 0.026910992449332132 -0.14927634151959496 0.36301353256828944 0.24445299945600721 -0.4401106995461837 0.13475178110564864 -0.14614468997718832 -0.43759262764050227 -0.28899244808515689
0.45162749886072473 -0.28478517958269628 -0.59755896298673505 -0.25475727800849679 0.38426567800711225 0.035932149983262794 0.050285510903191936 -0.18299034510694295 -0.028364091681510314 -0.04681370305748004 -0.32402259893727692
-0.45162749886072473 0.28478517958269628 0.59755896298673505 0.25475727800849679 -0.38426567800711225 -0.035932149983262794 -0.050285510903191936 0.18299034510694295 0.028364091681510314 0.04681370305748004 0.32402259893727692
-0.29833422904790208 0.43386090255436521 -0.026910992449332132 0.14927634151959496 -0.36301353256828944 -0.24445299945600721 0.4401106995461837 -0.13475178110564864 0.14614468997718832 0.43759262764050227 0.28899244808515689
0.25171016067122015 0.077807067278456654 0.24004139453562551 -0.090445846470168872 -0.044238581429055832 0.51445336746809189 -0.21266465289126729 0.26586066784186263 0.46800836459333223 -0.45164986400910928 -0.24339440296052339
0.40500343048404275 0.22688279025012553 -0.38442856090044164 -0.19592678295907071 -0.022986435990233027 0.30593251799534743 0.27773155755810836 -0.051881458370728967 0.58578896288901028 -0.060870939426087046 -0.27842455381264347
-0.21909465197141376 -0.61496690433915258 -0.2694471881110016 0.11767075680208833 0.21658471083787154 0.27562371485936182 0.20626733509595452 0.37840097193932903 -0.36414585963539764 0.21334057059401429 -0.025253939354994297
-0.067944248860535877 -0.82430884275563621 -0.042614739484667409 0.14300496245622971 0.11425776366635242 -0.45236984802393992 0.18082890739684332 0.12798560424594282 0.056328178399703298 -0.08719163832564282 -0.12682312649385094
0.11456831723721782 0.31264087292281445 -0.17051566260162601 -0.20183545750565576 0.29299435033099286 0.18236948001185529 -0.40827495405175984 -0.25909449098215681 -0.67048123297022377 0.10124887469424984 0.081225081369217411
0.26571872034809568 0.10329893450633074 0.056316786024708222 -0.17650125185151438 0.19066740315947381 -0.54562408287144648 -0.43371338175087093 -0.50950985867554299 -0.25000719493512286 -0.19928333422540728 -0.020344105769639225
-0.26571872034809568 -0.10329893450633074 -0.056316786024708222 0.17650125185151438 -0.19066740315947381 0.54562408287144648 0.43371338175087093 0.50950985867554299 0.25000719493512286 0.19928333422540728 0.020344105769639225
-0.11456831723721782 -0.31264087292281445 0.17051566260162601 0.20183545750565576 -0.29299435033099286 -0.18236948001185529 0.40827495405175984 0.25909449098215681 0.67048123297022377 -0.10124887469424984 -0.081225081369217411
0.067944248860535877 0.82430884275563621 0.042614739484667409 -0.14300496245622971 -0.11425776366635242 0.45236984802393992 -0.18082890739684332 -0.12798560424594282 -0.056328178399703298 0.08719163832564282 0.12682312649385094
0.21909465197141376 0.61496690433915258 0.2694471881110016 -0.11767075680208833 -0.21658471083787154 -0.27562371485936182 -0.20626733509595452 -0.37840097193932903 0.36414585963539764 -0.21334057059401429 0.025253939354994297
-0.031116032199504345 0.36849997332804213 -0.34330375979863315 0.025002958506692968 0.12418977003173212 -0.34760465090679471 0.10772097872530105 0.58654955002049158 -0.14219344670387316 -0.46707612598904635 0.12033944830194639
0.57496166411591798 0.14103126840113075 0.11673713161667194 0.12943143180263497 0.030238488232108805 -0.11840899476285036 0.44366592512924857 0.3153729143419074 -0.31864141952691299 -0.29610069308499387 0.34453831946171415
-0.65983417278676759 0.090899609299404313 0.040962499528462253 -0.29483186955785023 0.58575875786152154 0.024872630110527729 0.046272637229095623 -0.16734186363809489 0.28626442419771375 -0.093953286831634689 -0.05569022075383899
-0.053756476471345266 -0.13656909562750705 0.50100339094376733 -0.19040339626190819 0.49180747606189823 0.25406828625447209 0.38221758363304315 -0.43851849931667908 0.10981645137467394 0.077022146072417821 0.16850865040592877
0.053756476471345266 0.13656909562750705 -0.50100339094376733 0.19040339626190819 -0.49180747606189823 -0.25406828625447209 -0.38221758363304315 0.43851849931667908 -0.10981645137467394 -0.077022146072417821 -0.16850865040592877
0.65983417278676759 -0.090899609299404313 -0.040962499528462253 0.29483186955785023 -0.58575875786152154 -0.024872630110527729 -0.046272637229095623 0.16734186363809489 -0.28626442419771375 0.093953286831634689 0.05569022075383899
-0.57496166411591798 -0.14103126840113075 -0.11673713161667194 -0.12943143180263497 -0.030238488232108805 0.11840899476285036 -0.44366592512924857 -0.3153729143419074 0.31864141952691299 0.29610069308499387 -0.34453831946171415
0.031116032199504345 -0.36849997332804213 0.34330375979863315 -0.025002958506692968 -0.12418977003173212 0.34760465090679471 -0.10772097872530105 -0.58654955002049158 0.14219344670387316 0.46707612598904635 -0.12033944830194639
-0.46968028565683623 0.32412546421062921 0.14419237548495478 0.077234240534654552 0.18914854834354647 0.042035840389812278 0.33887806602276532 0.15778804783113953 -0.44624765313806103 0.20447089803480897 0.47891714387226597
-0.31852988254595832 0.11478352579414547 0.37102482411128901 0.10256844618879592 0.086821601172027377 -0.68595772249348941 0.31343963832365423 -0.092627319862246663 -0.025773615102960064 -0.096061310884848164 0.37734795673340943
0.23365737387510865 0.11714735190638959 -0.21332519296615476 -0.26796888394401114 0.52917564492160285 0.5924213578411669 0.17649892403469003 0.24065837056605921 -0.0066033802262391531 -0.2939926690317804 -0.088499858025534242
0.38480777698598656 -0.092194586510094143 0.013507255660179459 -0.24263467828986979 0.42684869775008383 -0.13557220504213488 0.15106049633557883 -0.0097569971273269891 0.41387065780886179 -0.59452487795143749 -0.19006904516439088
-0.38480777698598656 0.092194586510094143 -0.013507255660179459 0.24263467828986979 -0.42684869775008383 0.13557220504213488 -0.15106049633557883 0.0097569971273269891 -0.41387065780886179 0.59452487795143749 0.19006904516439088
-0.23365737387510865 -0.11714735190638959 0.21332519296615476 0.26796888394401114 -0.52917564492160285 -0.5924213578411669 -0.17649892403469003 -0.24065837056605921 0.0066033802262391531 0.2939926690317804 0.088499858025534242
0.31852988254595832 -0.11478352579414547 -0.37102482411128901 -0.10256844618879592 -0.086821601172027377 0.68595772249348941 -0.31343963832365423 0.092627319862246663 0.025773615102960064 0.096061310884848164 -0.37734795673340943
0.46968028565683623 -0.32412546421062921 -0.14419237548495478 -0.077234240534654552 -0.18914854834354647 -0.042035840389812278 -0.33887806602276532 -0.15778804783113953 0.44624765313806103 -0.20447089803480897 -0.47891714387226597
-0.28591437384615193 -0.42237631126655045 0.34161903053591286 0.12979335652071541 0.25916773058084308 0.10411935983396418 0.30704232052834141 0.55163431991894496 0.078088889854974447 -0.33437060429994314 0.10869961441789176
-0.1326211040333293 -0.27330058829488152 -0.28285092490015429 0.024312420031813536 0.28041987601966589 -0.10440148963878025 0.797438530977717 0.23389219370635339 0.19586948815065244 0.056408320283079093 0.073669463565771684
0.047748595362479676 0.50523146599541657 0.44055055604528848 -0.18971285778702876 0.33557737007396443 0.010865124986457617 -0.30749996861937284 -0.085861143002540857 -0.22824648347985166 -0.44646230019970762 0.21517863514210347
0.20104186517530226 0.6543071889670854 -0.18391939939077867 -0.29519379427593062 0.35682951551278724 -0.19765572448628679 0.1828962418300028 -0.40360326921513245 -0.11046588518417366 -0.055683375616685384 0.1801484842899834
-0.20104186517530226 -0.6543071889670854 0.18391939939077867 0.29519379427593062 -0.35682951551278724 0.19765572448628679 -0.1828962418300028 0.40360326921513245 0.11046588518417366 0.055683375616685384 -0.1801484842899834
-0.047748595362479676 -0.50523146599541657 -0.44055055604528848 0.18971285778702876 -0.33557737007396443 -0.010865124986457617 0.30749996861937284 0.085861143002540857 0.22824648347985166 0.44646230019970762 -0.21517863514210347
0.1326211040333293 0.27330058829488152 0.28285092490015429 -0.024312420031813536 -0.28041987601966589 0.10440148963878025 -0.797438530977717 -0.23389219370635339 -0.19586948815065244 -0.056408320283079093 -0.073669463565771684
0.28591437384615193 0.42237631126655045 -0.34161903053591286 -0.12979335652071541 -0.25916773058084308 -0.10411935983396418 -0.30704232052834141 -0.55163431991894496 -0.078088889854974447 0.33437060429994314 -0.10869961441789176
