1 0 0 0 0 0 0 0 0 0 0
-1 0 0 0 0 0 0 0 0 0 0
0 1 0 0 0 0 0 0 0 0 0
0 -1 0 0 0 0 0 0 0 0 0
0 0 1 0 0 0 0 0 0 0 0
0 0 -1 0 0 0 0 0 0 0 0
0 0 0 1 0 0 0 0 0 0 0
0 0 0 -1 0 0 0 0 0 0 0
0 0 0 0 1 0 0 0 0 0 0
0 0 0 0 -1 0 0 0 0 0 0
0 0 0 0 0 1 0 0 0 0 0
0 0 0 0 0 -1 0 0 0 0 0
0 0 0 0 0 0 1 0 0 0 0
0 0 0 0 0 0 -1 0 0 0 0
0 0 0 0 0 0 0 1 0 0 0
0 0 0 0 0 0 0 -1 0 0 0
0.5 0.5 0.5 0.5 0 0 0 0 0 0 0
0.5 0.5 0.5 -0.5 0 0 0 0 0 0 0
0.5 0.5 -0.5 0.5 0 0 0 0 0 0 0
0.5 0.5 -0.5 -0.5 0 0 0 0 0 0 0
0.5 -0.5 0.5 0.5 0 0 0 0 0 0 0
0.5 -0.5 0.5 -0.5 0 0 0 0 0 0 0
0.5 -0.5 -0.5 0.5 0 0 0 0 0 0 0
0.5 -0.5 -0.5 -0.5 0 0 0 0 0 0 0
-0.5 0.5 0.5 0.5 0 0 0 0 0 0 0
-0.5 0.5 0.5 -0.5 0 0 0 0 0 0 0
-0.5 0.5 -0.5 0.5 0 0 0 0 0 0 0
-0.5 0.5 -0.5 -0.5 0 0 0 0 0 0 0
-0.5 -0.5 0.5 0.5 0 0 0 0 0 0 0
-0.5 -0.5 0.5 -0.5 0 0 0 0 0 0 0
-0.5 -0.5 -0.5 0.5 0 0 0 0 0 0 0
-0.5 -0.5 -0.5 -0.5 0 0 0 0 0 0 0
0.5 0.5 0 0 0.5 0.5 0 0 0 0 0
0.5 0.5 0 0 0.5 -0.5 0 0 0 0 0
0.5 0.5 0 0 -0.5 0.5 0 0 0 0 0
0.5 0.5 0 0 -0.5 -0.5 0 0 0 0 0
0.5 -0.5 0 0 0.5 0.5 0 0 0 0 0
0.5 -0.5 0 0 0.5 -0.5 0 0 0 0 0
0.5 -0.5 0 0 -0.5 0.5 0 0 0 0 0
0.5 -0.5 0 0 -0.5 -0.5 0 0 0 0 0
-0.5 0.5 0 0 0.5 0.5 0 0 0 0 0
-0.5 0.5 0 0 0.5 -0.5 0 0 0 0 0
-0.5 0.5 0 0 -0.5 0.5 0 0 0 0 0
-0.5 0.5 0 0 -0.5 -0.5 0 0 0 0 0
-0.5 -0.5 0 0 0.5 0.5 0 0 0 0 0
-0.5 -0.5 0 0 0.5 -0.5 0 0 0 0 0
-0.5 -0.5 0 0 -0.5 0.5 0 0 0 0 0
-0.5 -0.5 0 0 -0.5 -0.5 0 0 0 0 0
0.5 0.5 0 0 0 0 0.5 0.5 0 0 0
0.5 0.5 0 0 0 0 0.5 -0.5 0 0 0
0.5 0.5 0 0 0 0 -0.5 0.5 0 0 0
0.5 0.5 0 0 0 0 -0.5 -0.5 0 0 0
0.5 -0.5 0 0 0 0 0.5 0.5 0 0 0
0.5 -0.5 0 0 0 0 0.5 -0.5 0 0 0
0.5 -0.5 0 0 0 0 -0.5 0.5 0 0 0
0.5 -0.5 0 0 0 0 -0.5 -0.5 0 0 0
-0.5 0.5 0 0 0 0 0.5 0.5 0 0 0
-0.5 0.5 0 0 0 0 0.5 -0.5 0 0 0
-0.5 0.5 0 0 0 0 -0.5 0.5 0 0 0
-0.5 0.5 0 0 0 0 -0.5 -0.5 0 0 0
-0.5 -0.5 0 0 0 0 0.5 0.5 0 0 0
-0.5 -0.5 0 0 0 0 0.5 -0.5 0 0 0
-0.5 -0.5 0 0 0 0 -0.5 0.5 0 0 0
-0.5 -0.5 0 0 0 0 -0.5 -0.5 0 0 0
0 0 0.5 0.5 0.5 0.5 0 0 0 0 0
0 0 0.5 0.5 0.5 -0.5 0 0 0 0 0
0 0 0.5 0.5 -0.5 0.5 0 0 0 0 0
0 0 0.5 0.5 -0.5 -0.5 0 0 0 0 0
0 0 0.5 -0.5 0.5 0.5 0 0 0 0 0
0 0 0.5 -0.5 0.5 -0.5 0 0 0 0 0
0 0 0.5 -0.5 -0.5 0.5 0 0 0 0 0
0 0 0.5 -0.5 -0.5 -0.5 0 0 0 0 0
0 0 -0.5 0.5 0.5 0.5 0 0 0 0 0
0 0 -0.5 0.5 0.5 -0.5 0 0 0 0 0
0 0 -0.5 0.5 -0.5 0.5 0 0 0 0 0
0 0 -0.5 0.5 -0.5 -0.5 0 0 0 0 0
0 0 -0.5 -0.5 0.5 0.5 0 0 0 0 0
0 0 -0.5 -0.5 0.5 -0.5 0 0 0 0 0
0 0 -0.5 -0.5 -0.5 0.5 0 0 0 0 0
0 0 -0.5 -0.5 -0.5 -0.5 0 0 0 0 0
0 0 0.5 0.5 0 0 0.5 0.5 0 0 0
0 0 0.5 0.5 0 0 0.5 -0.5 0 0 0
0 0 0.5 0.5 0 0 -0.5 0.5 0 0 0
0 0 0.5 0.5 0 0 -0.5 -0.5 0 0 0
0 0 0.5 -0.5 0 0 0.5 0.5 0 0 0
0 0 0.5 -0.5 0 0 0.5 -0.5 0 0 0
0 0 0.5 -0.5 0 0 -0.5 0.5 0 0 0
0 0 0.5 -0.5 0 0 -0.5 -0.5 0 0 0
0 0 -0.5 0.5 0 0 0.5 0.5 0 0 0
0 0 -0.5 0.5 0 0 0.5 -0.5 0 0 0
0 0 -0.5 0.5 0 0 -0.5 0.5 0 0 0
0 0 -0.5 0.5 0 0 -0.5 -0.5 0 0 0
0 0 -0.5 -0.5 0 0 0.5 0.5 0 0 0
0 0 -0.5 -0.5 0 0 0.5 -0.5 0 0 0
0 0 -0.5 -0.5 0 0 -0.5 0.5 0 0 0
0 0 -0.5 -0.5 0 0 -0.5 -0.5 0 0 0
0 0 0 0 0.5 0.5 0.5 0.5 0 0 0
0 0 0 0 0.5 0.5 0.5 -0.5 0 0 0
0 0 0 0 0.5 0.5 -0.5 0.5 0 0 0
0 0 0 0 0.5 0.5 -0.5 -0.5 0 0 0
0 0 0 0 0.5 -0.5 0.5 0.5 0 0 0
0 0 0 0 0.5 -0.5 0.5 -0.5 0 0 0
0 0 0 0 0.5 -0.5 -0.5 0.5 0 0 0
0 0 0 0 0.5 -0.5 -0.5 -0.5 0 0 0
0 0 0 0 -0.5 0.5 0.5 0.5 0 0 0
0 0 0 0 -0.5 0.5 0.5 -0.5 0 0 0
0 0 0 0 -0.5 0.5 -0.5 0.5 0 0 0
0 0 0 0 -0.5 0.5 -0.5 -0.5 0 0 0
0 0 0 0 -0.5 -0.5 0.5 0.5 0 0 0
0 0 0 0 -0.5 -0.5 0.5 -0.5 0 0 0
0 0 0 0 -0.5 -0.5 -0.5 0.5 0 0 0
0 0 0 0 -0.5 -0.5 -0.5 -0.5 0 0 0
0.5 0 0.5 0 0.5 0 0 0 0.5 0 0
0.5 0 0.5 0 0.5 0 0 0 -0.5 0 0
0.5 0 0.5 0 -0.5 0 0 0 0.5 0 0
0.5 0 0.5 0 -0.5 0 0 0 -0.5 0 0
0.5 0 -0.5 0 0.5 0 0 0 0.5 0 0
0.5 0 -0.5 0 0.5 0 0 0 -0.5 0 0
0.5 0 -0.5 0 -0.5 0 0 0 0.5 0 0
0.5 0 -0.5 0 -0.5 0 0 0 -0.5 0 0
-0.5 0 0.5 0 0.5 0 0 0 0.5 0 0
-0.5 0 0.5 0 0.5 0 0 0 -0.5 0 0
-0.5 0 0.5 0 -0.5 0 0 0 0.5 0 0
-0.5 0 0.5 0 -0.5 0 0 0 -0.5 0 0
-0.5 0 -0.5 0 0.5 0 0 0 0.5 0 0
-0.5 0 -0.5 0 0.5 0 0 0 -0.5 0 0
-0.5 0 -0.5 0 -0.5 0 0 0 0.5 0 0
-0.5 0 -0.5 0 -0.5 0 0 0 -0.5 0 0
0.5 0 0 0.5 0 0 0.5 0 0.5 0 0
0.5 0 0 0.5 0 0 0.5 0 -0.5 0 0
0.5 0 0 0.5 0 0 -0.5 0 0.5 0 0
0.5 0 0 0.5 0 0 -0.5 0 -0.5 0 0
0.5 0 0 -0.5 0 0 0.5 0 0.5 0 0
0.5 0 0 -0.5 0 0 0.5 0 -0.5 0 0
0.5 0 0 -0.5 0 0 -0.5 0 0.5 0 0
0.5 0 0 -0.5 0 0 -0.5 0 -0.5 0 0
-0.5 0 0 0.5 0 0 0.5 0 0.5 0 0
-0.5 0 0 0.5 0 0 0.5 0 -0.5 0 0
-0.5 0 0 0.5 0 0 -0.5 0 0.5 0 0
-0.5 0 0 0.5 0 0 -0.5 0 -0.5 0 0
-0.5 0 0 -0.5 0 0 0.5 0 0.5 0 0
-0.5 0 0 -0.5 0 0 0.5 0 -0.5 0 0
-0.5 0 0 -0.5 0 0 -0.5 0 0.5 0 0
-0.5 0 0 -0.5 0 0 -0.5 0 -0.5 0 0
0.5 0 0 0 0 0.5 0 0.5 0.5 0 0
0.5 0 0 0 0 0.5 0 0.5 -0.5 0 0
0.5 0 0 0 0 0.5 0 -0.5 0.5 0 0
0.5 0 0 0 0 0.5 0 -0.5 -0.5 0 0
0.5 0 0 0 0 -0.5 0 0.5 0.5 0 0
0.5 0 0 0 0 -0.5 0 0.5 -0.5 0 0
0.5 0 0 0 0 -0.5 0 -0.5 0.5 0 0
0.5 0 0 0 0 -0.5 0 -0.5 -0.5 0 0
-0.5 0 0 0 0 0.5 0 0.5 0.5 0 0
-0.5 0 0 0 0 0.5 0 0.5 -0.5 0 0
-0.5 0 0 0 0 0.5 0 -0.5 0.5 0 0
-0.5 0 0 0 0 0.5 0 -0.5 -0.5 0 0
-0.5 0 0 0 0 -0.5 0 0.5 0.5 0 0
-0.5 0 0 0 0 -0.5 0 0.5 -0.5 0 0
-0.5 0 0 0 0 -0.5 0 -0.5 0.5 0 0
-0.5 0 0 0 0 -0.5 0 -0.5 -0.5 0 0
0 0.5 0.5 0 0 0 0 0.5 0.5 0 0
0 0.5 0.5 0 0 0 0 0.5 -0.5 0 0
0 0.5 0.5 0 0 0 0 -0.5 0.5 0 0
0 0.5 0.5 0 0 0 0 -0.5 -0.5 0 0
0 0.5 -0.5 0 0 0 0 0.5 0.5 0 0
0 0.5 -0.5 0 0 0 0 0.5 -0.5 0 0
0 0.5 -0.5 0 0 0 0 -0.5 0.5 0 0
0 0.5 -0.5 0 0 0 0 -0.5 -0.5 0 0
0 -0.5 0.5 0 0 0 0 0.5 0.5 0 0
0 -0.5 0.5 0 0 0 0 0.5 -0.5 0 0
0 -0.5 0.5 0 0 0 0 -0.5 0.5 0 0
0 -0.5 0.5 0 0 0 0 -0.5 -0.5 0 0
0 -0.5 -0.5 0 0 0 0 0.5 0.5 0 0
0 -0.5 -0.5 0 0 0 0 0.5 -0.5 0 0
0 -0.5 -0.5 0 0 0 0 -0.5 0.5 0 0
0 -0.5 -0.5 0 0 0 0 -0.5 -0.5 0 0
0 0.5 0 0.5 0 0.5 0 0 0.5 0 0
0 0.5 0 0.5 0 0.5 0 0 -0.5 0 0
0 0.5 0 0.5 0 -0.5 0 0 0.5 0 0
0 0.5 0 0.5 0 -0.5 0 0 -0.5 0 0
0 0.5 0 -0.5 0 0.5 0 0 0.5 0 0
0 0.5 0 -0.5 0 0.5 0 0 -0.5 0 0
0 0.5 0 -0.5 0 -0.5 0 0 0.5 0 0
0 0.5 0 -0.5 0 -0.5 0 0 -0.5 0 0
0 -0.5 0 0.5 0 0.5 0 0 0.5 0 0
0 -0.5 0 0.5 0 0.5 0 0 -0.5 0 0
0 -0.5 0 0.5 0 -0.5 0 0 0.5 0 0
0 -0.5 0 0.5 0 -0.5 0 0 -0.5 0 0
0 -0.5 0 -0.5 0 0.5 0 0 0.5 0 0
0 -0.5 0 -0.5 0 0.5 0 0 -0.5 0 0
0 -0.5 0 -0.5 0 -0.5 0 0 0.5 0 0
0 -0.5 0 -0.5 0 -0.5 0 0 -0.5 0 0
0 0.5 0 0 0.5 0 0.5 0 0.5 0 0
0 0.5 0 0 0.5 0 0.5 0 -0.5 0 0
0 0.5 0 0 0.5 0 -0.5 0 0.5 0 0
0 0.5 0 0 0.5 0 -0.5 0 -0.5 0 0
0 0.5 0 0 -0.5 0 0.5 0 0.5 0 0
0 0.5 0 0 -0.5 0 0.5 0 -0.5 0 0
0 0.5 0 0 -0.5 0 -0.5 0 0.5 0 0
0 0.5 0 0 -0.5 0 -0.5 0 -0.5 0 0
0 -0.5 0 0 0.5 0 0.5 0 0.5 0 0
0 -0.5 0 0 0.5 0 0.5 0 -0.5 0 0
0 -0.5 0 0 0.5 0 -0.5 0 0.5 0 0
0 -0.5 0 0 0.5 0 -0.5 0 -0.5 0 0
0 -0.5 0 0 -0.5 0 0.5 0 0.5 0 0
0 -0.5 0 0 -0.5 0 0.5 0 -0.5 0 0
0 -0.5 0 0 -0.5 0 -0.5 0 0.5 0 0
0 -0.5 0 0 -0.5 0 -0.5 0 -0.5 0 0
0 0 0.5 0 0 0.5 0.5 0 0.5 0 0
0 0 0.5 0 0 0.5 0.5 0 -0.5 0 0
0 0 0.5 0 0 0.5 -0.5 0 0.5 0 0
0 0 0.5 0 0 0.5 -0.5 0 -0.5 0 0
0 0 0.5 0 0 -0.5 0.5 0 0.5 0 0
0 0 0.5 0 0 -0.5 0.5 0 -0.5 0 0
0 0 0.5 0 0 -0.5 -0.5 0 0.5 0 0
0 0 0.5 0 0 -0.5 -0.5 0 -0.5 0 0
0 0 -0.5 0 0 0.5 0.5 0 0.5 0 0
0 0 -0.5 0 0 0.5 0.5 0 -0.5 0 0
0 0 -0.5 0 0 0.5 -0.5 0 0.5 0 0
0 0 -0.5 0 0 0.5 -0.5 0 -0.5 0 0
0 0 -0.5 0 0 -0.5 0.5 0 0.5 0 0
0 0 -0.5 0 0 -0.5 0.5 0 -0.5 0 0
0 0 -0.5 0 0 -0.5 -0.5 0 0.5 0 0
0 0 -0.5 0 0 -0.5 -0.5 0 -0.5 0 0
0 0 0 0.5 0.5 0 0 0.5 0.5 0 0
0 0 0 0.5 0.5 0 0 0.5 -0.5 0 0
0 0 0 0.5 0.5 0 0 -0.5 0.5 0 0
0 0 0 0.5 0.5 0 0 -0.5 -0.5 0 0
0 0 0 0.5 -0.5 0 0 0.5 0.5 0 0
0 0 0 0.5 -0.5 0 0 0.5 -0.5 0 0
0 0 0 0.5 -0.5 0 0 -0.5 0.5 0 0
0 0 0 0.5 -0.5 0 0 -0.5 -0.5 0 0
0 0 0 -0.5 0.5 0 0 0.5 0.5 0 0
0 0 0 -0.5 0.5 0 0 0.5 -0.5 0 0
0 0 0 -0.5 0.5 0 0 -0.5 0.5 0 0
0 0 0 -0.5 0.5 0 0 -0.5 -0.5 0 0
0 0 0 -0.5 -0.5 0 0 0.5 0.5 0 0
0 0 0 -0.5 -0.5 0 0 0.5 -0.5 0 0
0 0 0 -0.5 -0.5 0 0 -0.5 0.5 0 0
0 0 0 -0.5 -0.5 0 0 -0.5 -0.5 0 0
0.5 0 0.5 0 0 0.5 0 0 0 0.5 0
0.5 0 0.5 0 0 0.5 0 0 0 -0.5 0
0.5 0 0.5 0 0 -0.5 0 0 0 0.5 0
0.5 0 0.5 0 0 -0.5 0 0 0 -0.5 0
0.5 0 -0.5 0 0 0.5 0 0 0 0.5 0
0.5 0 -0.5 0 0 0.5 0 0 0 -0.5 0
0.5 0 -0.5 0 0 -0.5 0 0 0 0.5 0
0.5 0 -0.5 0 0 -0.5 0 0 0 -0.5 0
-0.5 0 0.5 0 0 0.5 0 0 0 0.5 0
-0.5 0 0.5 0 0 0.5 0 0 0 -0.5 0
-0.5 0 0.5 0 0 -0.5 0 0 0 0.5 0
-0.5 0 0.5 0 0 -0.5 0 0 0 -0.5 0
-0.5 0 -0.5 0 0 0.5 0 0 0 0.5 0
-0.5 0 -0.5 0 0 0.5 0 0 0 -0.5 0
-0.5 0 -0.5 0 0 -0.5 0 0 0 0.5 0
-0.5 0 -0.5 0 0 -0.5 0 0 0 -0.5 0
0.5 0 0 0.5 0 0 0 0.5 0 0.5 0
0.5 0 0 0.5 0 0 0 0.5 0 -0.5 0
0.5 0 0 0.5 0 0 0 -0.5 0 0.5 0
0.5 0 0 0.5 0 0 0 -0.5 0 -0.5 0
0.5 0 0 -0.5 0 0 0 0.5 0 0.5 0
0.5 0 0 -0.5 0 0 0 0.5 0 -0.5 0
0.5 0 0 -0.5 0 0 0 -0.5 0 0.5 0
0.5 0 0 -0.5 0 0 0 -0.5 0 -0.5 0
-0.5 0 0 0.5 0 0 0 0.5 0 0.5 0
-0.5 0 0 0.5 0 0 0 0.5 0 -0.5 0
-0.5 0 0 0.5 0 0 0 -0.5 0 0.5 0
-0.5 0 0 0.5 0 0 0 -0.5 0 -0.5 0
-0.5 0 0 -0.5 0 0 0 0.5 0 0.5 0
-0.5 0 0 -0.5 0 0 0 0.5 0 -0.5 0
-0.5 0 0 -0.5 0 0 0 -0.5 0 0.5 0
-0.5 0 0 -0.5 0 0 0 -0.5 0 -0.5 0
0.5 0 0 0 0.5 0 0.5 0 0 0.5 0
0.5 0 0 0 0.5 0 0.5 0 0 -0.5 0
0.5 0 0 0 0.5 0 -0.5 0 0 0.5 0
0.5 0 0 0 0.5 0 -0.5 0 0 -0.5 0
0.5 0 0 0 -0.5 0 0.5 0 0 0.5 0
0.5 0 0 0 -0.5 0 0.5 0 0 -0.5 0
0.5 0 0 0 -0.5 0 -0.5 0 0 0.5 0
0.5 0 0 0 -0.5 0 -0.5 0 0 -0.5 0
-0.5 0 0 0 0.5 0 0.5 0 0 0.5 0
-0.5 0 0 0 0.5 0 0.5 0 0 -0.5 0
-0.5 0 0 0 0.5 0 -0.5 0 0 0.5 0
-0.5 0 0 0 0.5 0 -0.5 0 0 -0.5 0
-0.5 0 0 0 -0.5 0 0.5 0 0 0.5 0
-0.5 0 0 0 -0.5 0 0.5 0 0 -0.5 0
-0.5 0 0 0 -0.5 0 -0.5 0 0 0.5 0
-0.5 0 0 0 -0.5 0 -0.5 0 0 -0.5 0
0 0.5 0.5 0 0 0 0.5 0 0 0.5 0
0 0.5 0.5 0 0 0 0.5 0 0 -0.5 0
0 0.5 0.5 0 0 0 -0.5 0 0 0.5 0
0 0.5 0.5 0 0 0 -0.5 0 0 -0.5 0
0 0.5 -0.5 0 0 0 0.5 0 0 0.5 0
0 0.5 -0.5 0 0 0 0.5 0 0 -0.5 0
0 0.5 -0.5 0 0 0 -0.5 0 0 0.5 0
0 0.5 -0.5 0 0 0 -0.5 0 0 -0.5 0
0 -0.5 0.5 0 0 0 0.5 0 0 0.5 0
0 -0.5 0.5 0 0 0 0.5 0 0 -0.5 0
0 -0.5 0.5 0 0 0 -0.5 0 0 0.5 0
0 -0.5 0.5 0 0 0 -0.5 0 0 -0.5 0
0 -0.5 -0.5 0 0 0 0.5 0 0 0.5 0
0 -0.5 -0.5 0 0 0 0.5 0 0 -0.5 0
0 -0.5 -0.5 0 0 0 -0.5 0 0 0.5 0
0 -0.5 -0.5 0 0 0 -0.5 0 0 -0.5 0
0 0.5 0 0.5 0.5 0 0 0 0 0.5 0
0 0.5 0 0.5 0.5 0 0 0 0 -0.5 0
0 0.5 0 0.5 -0.5 0 0 0 0 0.5 0
0 0.5 0 0.5 -0.5 0 0 0 0 -0.5 0
0 0.5 0 -0.5 0.5 0 0 0 0 0.5 0
0 0.5 0 -0.5 0.5 0 0 0 0 -0.5 0
0 0.5 0 -0.5 -0.5 0 0 0 0 0.5 0
0 0.5 0 -0.5 -0.5 0 0 0 0 -0.5 0
0 -0.5 0 0.5 0.5 0 0 0 0 0.5 0
0 -0.5 0 0.5 0.5 0 0 0 0 -0.5 0
0 -0.5 0 0.5 -0.5 0 0 0 0 0.5 0
0 -0.5 0 0.5 -0.5 0 0 0 0 -0.5 0
0 -0.5 0 -0.5 0.5 0 0 0 0 0.5 0
0 -0.5 0 -0.5 0.5 0 0 0 0 -0.5 0
0 -0.5 0 -0.5 -0.5 0 0 0 0 0.5 0
0 -0.5 0 -0.5 -0.5 0 0 0 0 -0.5 0
0 0.5 0 0 0 0.5 0 0.5 0 0.5 0
0 0.5 0 0 0 0.5 0 0.5 0 -0.5 0
0 0.5 0 0 0 0.5 0 -0.5 0 0.5 0
0 0.5 0 0 0 0.5 0 -0.5 0 -0.5 0
0 0.5 0 0 0 -0.5 0 0.5 0 0.5 0
0 0.5 0 0 0 -0.5 0 0.5 0 -0.5 0
0 0.5 0 0 0 -0.5 0 -0.5 0 0.5 0
0 0.5 0 0 0 -0.5 0 -0.5 0 -0.5 0
0 -0.5 0 0 0 0.5 0 0.5 0 0.5 0
0 -0.5 0 0 0 0.5 0 0.5 0 -0.5 0
0 -0.5 0 0 0 0.5 0 -0.5 0 0.5 0
0 -0.5 0 0 0 0.5 0 -0.5 0 -0.5 0
0 -0.5 0 0 0 -0.5 0 0.5 0 0.5 0
0 -0.5 0 0 0 -0.5 0 0.5 0 -0.5 0
0 -0.5 0 0 0 -0.5 0 -0.5 0 0.5 0
0 -0.5 0 0 0 -0.5 0 -0.5 0 -0.5 0
0 0 0.5 0 0.5 0 0 0.5 0 0.5 0
0 0 0.5 0 0.5 0 0 0.5 0 -0.5 0
0 0 0.5 0 0.5 0 0 -0.5 0 0.5 0
0 0 0.5 0 0.5 0 0 -0.5 0 -0.5 0
0 0 0.5 0 -0.5 0 0 0.5 0 0.5 0
0 0 0.5 0 -0.5 0 0 0.5 0 -0.5 0
0 0 0.5 0 -0.5 0 0 -0.5 0 0.5 0
0 0 0.5 0 -0.5 0 0 -0.5 0 -0.5 0
0 0 -0.5 0 0.5 0 0 0.5 0 0.5 0
0 0 -0.5 0 0.5 0 0 0.5 0 -0.5 0
0 0 -0.5 0 0.5 0 0 -0.5 0 0.5 0
0 0 -0.5 0 0.5 0 0 -0.5 0 -0.5 0
0 0 -0.5 0 -0.5 0 0 0.5 0 0.5 0
0 0 -0.5 0 -0.5 0 0 0.5 0 -0.5 0
0 0 -0.5 0 -0.5 0 0 -0.5 0 0.5 0
0 0 -0.5 0 -0.5 0 0 -0.5 0 -0.5 0
0 0 0 0.5 0 0.5 0.5 0 0 0.5 0
0 0 0 0.5 0 0.5 0.5 0 0 -0.5 0
0 0 0 0.5 0 0.5 -0.5 0 0 0.5 0
0 0 0 0.5 0 0.5 -0.5 0 0 -0.5 0
0 0 0 0.5 0 -0.5 0.5 0 0 0.5 0
0 0 0 0.5 0 -0.5 0.5 0 0 -0.5 0
0 0 0 0.5 0 -0.5 -0.5 0 0 0.5 0
0 0 0 0.5 0 -0.5 -0.5 0 0 -0.5 0
0 0 0 -0.5 0 0.5 0.5 0 0 0.5 0
0 0 0 -0.5 0 0.5 0.5 0 0 -0.5 0
0 0 0 -0.5 0 0.5 -0.5 0 0 0.5 0
0 0 0 -0.5 0 0.5 -0.5 0 0 -0.5 0
0 0 0 -0.5 0 -0.5 0.5 0 0 0.5 0
0 0 0 -0.5 0 -0.5 0.5 0 0 -0.5 0
0 0 0 -0.5 0 -0.5 -0.5 0 0 0.5 0
0 0 0 -0.5 0 -0.5 -0.5 0 0 -0.5 0
0.5 0 0.5 0 0 0 0.5 0 0 0 0.5
0.5 0 0.5 0 0 0 0.5 0 0 0 -0.5
0.5 0 0.5 0 0 0 -0.5 0 0 0 0.5
0.5 0 0.5 0 0 0 -0.5 0 0 0 -0.5
0.5 0 -0.5 0 0 0 0.5 0 0 0 0.5
0.5 0 -0.5 0 0 0 0.5 0 0 0 -0.5
0.5 0 -0.5 0 0 0 -0.5 0 0 0 0.5
0.5 0 -0.5 0 0 0 -0.5 0 0 0 -0.5
-0.5 0 0.5 0 0 0 0.5 0 0 0 0.5
-0.5 0 0.5 0 0 0 0.5 0 0 0 -0.5
-0.5 0 0.5 0 0 0 -0.5 0 0 0 0.5
-0.5 0 0.5 0 0 0 -0.5 0 0 0 -0.5
-0.5 0 -0.5 0 0 0 0.5 0 0 0 0.5
-0.5 0 -0.5 0 0 0 0.5 0 0 0 -0.5
-0.5 0 -0.5 0 0 0 -0.5 0 0 0 0.5
-0.5 0 -0.5 0 0 0 -0.5 0 0 0 -0.5
0.5 0 0 0.5 0 0.5 0 0 0 0 0.5
0.5 0 0 0.5 0 0.5 0 0 0 0 -0.5
0.5 0 0 0.5 0 -0.5 0 0 0 0 0.5
0.5 0 0 0.5 0 -0.5 0 0 0 0 -0.5
0.5 0 0 -0.5 0 0.5 0 0 0 0 0.5
0.5 0 0 -0.5 0 0.5 0 0 0 0 -0.5
0.5 0 0 -0.5 0 -0.5 0 0 0 0 0.5
0.5 0 0 -0.5 0 -0.5 0 0 0 0 -0.5
-0.5 0 0 0.5 0 0.5 0 0 0 0 0.5
-0.5 0 0 0.5 0 0.5 0 0 0 0 -0.5
-0.5 0 0 0.5 0 -0.5 0 0 0 0 0.5
-0.5 0 0 0.5 0 -0.5 0 0 0 0 -0.5
-0.5 0 0 -0.5 0 0.5 0 0 0 0 0.5
-0.5 0 0 -0.5 0 0.5 0 0 0 0 -0.5
-0.5 0 0 -0.5 0 -0.5 0 0 0 0 0.5
-0.5 0 0 -0.5 0 -0.5 0 0 0 0 -0.5
0.5 0 0 0 0.5 0 0 0.5 0 0 0.5
0.5 0 0 0 0.5 0 0 0.5 0 0 -0.5
0.5 0 0 0 0.5 0 0 -0.5 0 0 0.5
0.5 0 0 0 0.5 0 0 -0.5 0 0 -0.5
0.5 0 0 0 -0.5 0 0 0.5 0 0 0.5
0.5 0 0 0 -0.5 0 0 0.5 0 0 -0.5
0.5 0 0 0 -0.5 0 0 -0.5 0 0 0.5
0.5 0 0 0 -0.5 0 0 -0.5 0 0 -0.5
-0.5 0 0 0 0.5 0 0 0.5 0 0 0.5
-0.5 0 0 0 0.5 0 0 0.5 0 0 -0.5
-0.5 0 0 0 0.5 0 0 -0.5 0 0 0.5
-0.5 0 0 0 0.5 0 0 -0.5 0 0 -0.5
-0.5 0 0 0 -0.5 0 0 0.5 0 0 0.5
-0.5 0 0 0 -0.5 0 0 0.5 0 0 -0.5
-0.5 0 0 0 -0.5 0 0 -0.5 0 0 0.5
-0.5 0 0 0 -0.5 0 0 -0.5 0 0 -0.5
0 0.5 0.5 0 0.5 0 0 0 0 0 0.5
0 0.5 0.5 0 0.5 0 0 0 0 0 -0.5
0 0.5 0.5 0 -0.5 0 0 0 0 0 0.5
0 0.5 0.5 0 -0.5 0 0 0 0 0 -0.5
0 0.5 -0.5 0 0.5 0 0 0 0 0 0.5
0 0.5 -0.5 0 0.5 0 0 0 0 0 -0.5
0 0.5 -0.5 0 -0.5 0 0 0 0 0 0.5
0 0.5 -0.5 0 -0.5 0 0 0 0 0 -0.5
0 -0.5 0.5 0 0.5 0 0 0 0 0 0.5
0 -0.5 0.5 0 0.5 0 0 0 0 0 -0.5
0 -0.5 0.5 0 -0.5 0 0 0 0 0 0.5
0 -0.5 0.5 0 -0.5 0 0 0 0 0 -0.5
0 -0.5 -0.5 0 0.5 0 0 0 0 0 0.5
0 -0.5 -0.5 0 0.5 0 0 0 0 0 -0.5
0 -0.5 -0.5 0 -0.5 0 0 0 0 0 0.5
0 -0.5 -0.5 0 -0.5 0 0 0 0 0 -0.5
0 0.5 0 0.5 0 0 0 0.5 0 0 0.5
0 0.5 0 0.5 0 0 0 0.5 0 0 -0.5
0 0.5 0 0.5 0 0 0 -0.5 0 0 0.5
0 0.5 0 0.5 0 0 0 -0.5 0 0 -0.5
0 0.5 0 -0.5 0 0 0 0.5 0 0 0.5
0 0.5 0 -0.5 0 0 0 0.5 0 0 -0.5
0 0.5 0 -0.5 0 0 0 -0.5 0 0 0.5
0 0.5 0 -0.5 0 0 0 -0.5 0 0 -0.5
0 -0.5 0 0.5 0 0 0 0.5 0 0 0.5
0 -0.5 0 0.5 0 0 0 0.5 0 0 -0.5
0 -0.5 0 0.5 0 0 0 -0.5 0 0 0.5
0 -0.5 0 0.5 0 0 0 -0.5 0 0 -0.5
0 -0.5 0 -0.5 0 0 0 0.5 0 0 0.5
0 -0.5 0 -0.5 0 0 0 0.5 0 0 -0.5
0 -0.5 0 -0.5 0 0 0 -0.5 0 0 0.5
0 -0.5 0 -0.5 0 0 0 -0.5 0 0 -0.5
0 0.5 0 0 0 0.5 0.5 0 0 0 0.5
0 0.5 0 0 0 0.5 0.5 0 0 0 -0.5
0 0.5 0 0 0 0.5 -0.5 0 0 0 0.5
0 0.5 0 0 0 0.5 -0.5 0 0 0 -0.5
0 0.5 0 0 0 -0.5 0.5 0 0 0 0.5
0 0.5 0 0 0 -0.5 0.5 0 0 0 -0.5
0 0.5 0 0 0 -0.5 -0.5 0 0 0 0.5
0 0.5 0 0 0 -0.5 -0.5 0 0 0 -0.5
0 -0.5 0 0 0 0.5 0.5 0 0 0 0.5
0 -0.5 0 0 0 0.5 0.5 0 0 0 -0.5
0 -0.5 0 0 0 0.5 -0.5 0 0 0 0.5
0 -0.5 0 0 0 0.5 -0.5 0 0 0 -0.5
0 -0.5 0 0 0 -0.5 0.5 0 0 0 0.5
0 -0.5 0 0 0 -0.5 0.5 0 0 0 -0.5
0 -0.5 0 0 0 -0.5 -0.5 0 0 0 0.5
0 -0.5 0 0 0 -0.5 -0.5 0 0 0 -0.5
0 0 0.5 0 0 0.5 0 0.5 0 0 0.5
0 0 0.5 0 0 0.5 0 0.5 0 0 -0.5
0 0 0.5 0 0 0.5 0 -0.5 0 0 0.5
0 0 0.5 0 0 0.5 0 -0.5 0 0 -0.5
0 0 0.5 0 0 -0.5 0 0.5 0 0 0.5
0 0 0.5 0 0 -0.5 0 0.5 0 0 -0.5
0 0 0.5 0 0 -0.5 0 -0.5 0 0 0.5
0 0 0.5 0 0 -0.5 0 -0.5 0 0 -0.5
0 0 -0.5 0 0 0.5 0 0.5 0 0 0.5
0 0 -0.5 0 0 0.5 0 0.5 0 0 -0.5
0 0 -0.5 0 0 0.5 0 -0.5 0 0 0.5
0 0 -0.5 0 0 0.5 0 -0.5 0 0 -0.5
0 0 -0.5 0 0 -0.5 0 0.5 0 0 0.5
0 0 -0.5 0 0 -0.5 0 0.5 0 0 -0.5
0 0 -0.5 0 0 -0.5 0 -0.5 0 0 0.5
0 0 -0.5 0 0 -0.5 0 -0.5 0 0 -0.5
0 0 0 0.5 0.5 0 0.5 0 0 0 0.5
0 0 0 0.5 0.5 0 0.5 0 0 0 -0.5
0 0 0 0.5 0.5 0 -0.5 0 0 0 0.5
0 0 0 0.5 0.5 0 -0.5 0 0 0 -0.5
0 0 0 0.5 -0.5 0 0.5 0 0 0 0.5
0 0 0 0.5 -0.5 0 0.5 0 0 0 -0.5
0 0 0 0.5 -0.5 0 -0.5 0 0 0 0.5
0 0 0 0.5 -0.5 0 -0.5 0 0 0 -0.5
0 0 0 -0.5 0.5 0 0.5 0 0 0 0.5
0 0 0 -0.5 0.5 0 0.5 0 0 0 -0.5
0 0 0 -0.5 0.5 0 -0.5 0 0 0 0.5
0 0 0 -0.5 0.5 0 -0.5 0 0 0 -0.5
0 0 0 -0.5 -0.5 0 0.5 0 0 0 0.5
0 0 0 -0.5 -0.5 0 0.5 0 0 0 -0.5
0 0 0 -0.5 -0.5 0 -0.5 0 0 0 0.5
0 0 0 -0.5 -0.5 0 -0.5 0 0 0 -0.5
-3.7915567127873818e-17 -4.2076342502017726e-15 -4.1075178940482903e-15 -5.6589441039545124e-17 -0.50000000000000411 -0.49999999999999989 9.2561498935084464e-17 -4.1346671640414617e-15 -0.38780238369108644 -0.31582654857431114 0.49986288361824349
3.9265668296087363e-17 7.6675283816769115e-16 -0.50000000000000011 -0.50000000000000078 7.367725027674259e-16 1.1675949975573999e-18 1.3714458885741151e-17 6.754933616961847e-16 -0.49622087086589806 0.498897103100652 -0.069760503401755339
-0.50000000000000078 -0.5 6.4869529639505055e-16 3.1142903349930795e-17 7.5889609899652503e-16 8.0121829716528638e-17 -7.7021892216769719e-17 6.1570044644803292e-16 -0.496220870865898 0.49889710310065211 -0.069760503401755367
-0.49999999999999911 -0.50000000000000022 -1.0951721271377186e-15 2.0727879723114114e-17 -1.0236655625133327e-15 3.4003399715042418e-18 -3.0882745603096624e-17 -1.1648248390465263e-15 0.38780238369108977 0.31582654857431613 -0.4998628836182426
8.4292832041667172e-17 -7.5630830954723897e-15 -7.4623016056245494e-15 -2.9374476686943096e-17 0.49999999999999301 -0.50000000000000067 1.2388844699508769e-16 -7.4195711577189864e-15 -0.38780238369109804 -0.31582654857431502 0.49986288361824238
1.3645530347270407e-17 9.9183378044539727e-16 -0.49999999999999911 -0.50000000000000011 9.8705173807858729e-16 1.035775883281208e-17 5.1768003816962412e-17 9.2839801625767248e-16 0.49622087086590849 -0.498897103100643 0.069760503401756727
4.3881949275006985e-17 -4.3140015197952259e-15 -4.4494134921057072e-15 4.8447962629789196e-17 -4.4469127005534496e-15 1.6829734464318963e-17 -0.50000000000000022 -0.50000000000000477 -0.32151851971635448 -0.38904404857729524 -0.49524798812916598
2.2820581297569686e-16 -1.4561447406810392e-14 -1.4845678456925702e-14 -9.5340556905843103e-17 -1.4903719588336017e-14 -9.3154886236937378e-17 5.8363356672819084e-16 -1.4211347595408615e-14 0.17470235114953975 -0.88794115167795196 -0.42548748472740705
6.3502447481976636e-17 -7.4691993770972136e-15 -7.3660759411247649e-15 9.2841788191987024e-18 -7.4734816046924695e-15 2.2917575546910641e-17 -0.50000000000000044 0.49999999999999334 -0.38780238369109804 -0.31582654857431502 0.49986288361824249
-0.49999999999999906 0.49999999999999956 4.3302923821853346e-16 2.755723968299002e-17 5.0044487800725621e-16 7.3545237314752017e-17 -5.4538343957866836e-17 2.7063758801010526e-16 -0.49622087086590688 0.4988971031006455 -0.069760503401755478
-6.3634385201552936e-17 -1.0169401363505465e-15 -9.6083024229179301e-16 2.5939331881994986e-17 -9.6560803277773691e-16 -1.195057900569786e-17 0.49999999999999911 -0.49999999999999989 0.32151851971635775 0.38904404857730107 0.49524798812916532
3.8986378156206596e-17 -4.3067915239914126e-15 -4.3922063439817284e-15 1.345844526262484e-17 -0.50000000000000466 0.50000000000000033 1.0972127084699831e-16 -4.3317589112102501e-15 -0.32151851971635442 -0.38904404857729474 -0.49524798812916648
-5.367105680725061e-17 -1.0221357500402499e-15 -9.9488738103933899e-16 1.3258061972994031e-17 -9.7812102622895479e-16 7.4176431146028114e-17 -0.49999999999999906 -0.50000000000000022 0.32151851971635786 0.38904404857730046 0.49524798812916532
-2.0042122207747192e-17 -7.4064950281778246e-16 -7.354163829011611e-16 2.9353518249385283e-17 0.49999999999999994 0.50000000000000078 8.3214337604740399e-17 -6.0417965196484943e-16 0.38780238369107806 0.3158265485743153 -0.4998628836182506
-5.8220650737033933e-17 -1.0495135255865837e-15 -0.5 -0.49999999999999883 -9.6979130726914783e-16 1.3525300892481119e-17 8.9741261095984559e-17 -9.0579040205339547e-16 0.32151851971635748 0.38904404857730129 0.49524798812916532
0.50000000000000033 -0.50000000000000466 -4.3142553257407428e-15 5.8880385107517562e-17 -4.3875129556956164e-15 1.5157720914929876e-17 6.0091756852584503e-17 -4.3671351186737232e-15 -0.32151851971635442 -0.38904404857729497 -0.49524798812916626
5.6961948222515841e-17 -7.1672037214717379e-15 -7.2341006279728543e-15 5.6294841020563087e-17 -7.2517268664080834e-15 1.4634855566973097e-17 0.50000000000000067 0.49999999999999351 -0.3215185197163653 -0.38904404857729935 -0.49524798812916682
3.7391407853675046e-17 7.5922143618951762e-16 6.885403751241727e-16 3.9410850532143876e-17 6.9057257667399699e-16 1.670930246173274e-17 -0.50000000000000067 -0.5 -0.49622087086589811 0.49889710310065227 -0.069760503401755325
-4.9230542697438352e-17 -7.6190323858234825e-16 -7.4089117855225937e-16 -5.7906368861881235e-17 -7.4681833956769888e-16 -3.8873037131222487e-19 1.602848180045231e-16 -6.4601205409299627e-16 -0.1084184871748153 0.81472365167496652 -0.56962338701999626
-0.50000000000000022 -0.49999999999999911 9.4098840500896227e-16 -1.4383328899595675e-17 9.6180999852595753e-16 2.5687697990164969e-17 7.6484888746370569e-17 9.3255979757501589e-16 0.49622087086590794 -0.49889710310064367 0.069760503401756283
7.0242524828902279e-17 -7.2544435126121998e-15 -7.3652510933576248e-15 8.2477650932296701e-17 -7.4129933166916838e-15 3.3616512161590268e-17 -0.50000000000000067 0.49999999999999339 -0.32151851971636547 -0.38904404857729891 -0.49524798812916676
0.49999999999999917 0.4999999999999995 4.0904935705340664e-16 1.908530953247613e-17 4.8795929104695142e-16 7.2701094155370379e-17 -7.8495111117950119e-17 3.128900699161131e-16 -0.49622087086590694 0.49889710310064556 -0.069760503401755505
-2.1429716842187065e-17 2.258541811097889e-16 2.0740837175406918e-16 1.2774034879477164e-17 0.50000000000000067 -0.50000000000000044 -1.8564806671492462e-17 1.6368748170965938e-16 0.49622087086588318 -0.49889710310066671 0.069760503401754992
3.9095037153042035e-17 -7.3702818890733511e-15 -7.2715565649271487e-15 -8.104538212462857e-18 -7.4003699468832879e-15 -8.78131567870129e-18 0.50000000000000056 0.49999999999999312 -0.38780238369109798 -0.31582654857431502 0.49986288361824271
4.1062195144337875e-18 3.0967699612265303e-16 3.8210480507486715e-16 2.4516545606095575e-17 0.49999999999999961 -0.49999999999999917 -7.0903322668531883e-17 2.5913382312593197e-16 -0.49622087086590694 0.49889710310064539 -0.069760503401755491
0.49999999999999895 -0.49999999999999989 -9.1450921519504871e-16 6.9884931928782417e-17 -9.9405294965338646e-16 5.1270198281676016e-17 8.2270968591450867e-17 -8.8656938672647498e-16 0.32151851971635775 0.38904404857730102 0.49524798812916526
-6.0017397383936374e-17 7.5649131866905848e-16 7.6311393749528948e-16 1.582521952540443e-18 -0.5 -0.50000000000000089 4.9932311924887559e-17 7.5333481684785803e-16 -0.49622087086589806 0.49889710310065216 -0.069760503401755269
-7.1868503090416938e-17 -4.049072640256441e-15 -3.8850793646624036e-15 1.3937535294675692e-17 -4.016418326328311e-15 5.9969566751749428e-17 -0.49999999999999989 -0.50000000000000389 -0.38780238369108688 -0.31582654857431175 0.49986288361824294
-6.1690170763291339e-17 5.3899014960965672e-16 7.4519032073746201e-16 -6.1036707072742953e-17 7.9260762067137221e-16 4.4116802061316077e-17 1.416788136447529e-16 8.190950603805283e-16 -0.1747023511495463 0.88794115167795107 0.42548748472740616
2.3103780436330004e-17 -4.2282947544308517e-15 -4.2769240819049588e-15 5.2868313667506687e-17 -4.3640338968662431e-15 2.0194518376081889e-17 0.50000000000000044 -0.50000000000000455 -0.32151851971635453 -0.38904404857729497 -0.49524798812916626
4.6921707739497931e-17 -7.5414644633644776e-15 0.49999999999999312 0.50000000000000067 -7.5478453750544651e-15 -1.3738975569120406e-17 1.1510241058702768e-16 -7.3471319727679776e-15 -0.38780238369109826 -0.31582654857431514 0.49986288361824216
1.0230693981309009e-17 8.7947766524058253e-16 7.9051860685920802e-16 -6.2316323022999574e-17 -0.50000000000000011 0.50000000000000078 -9.4759244794396358e-17 6.761082114805785e-16 -0.49622087086589817 0.498897103100652 -0.069760503401755311
-1.0540443820919213e-16 9.0723661795441084e-16 8.4169149143803664e-16 5.6446323837001799e-17 9.3235051812323794e-16 6.1190300858026646e-18 -0.50000000000000011 -0.49999999999999939 0.4962208708659071 -0.49889710310064411 0.069760503401756116
3.1037213976652629e-17 -4.2529122868482115e-15 -4.2970475432325764e-15 2.3280674807377683e-17 -0.50000000000000466 -0.50000000000000033 1.0914666455571163e-16 -4.2503355819449622e-15 -0.32151851971635442 -0.3890440485772948 -0.49524798812916637
0.50000000000000078 0.49999999999999351 -7.1890838307423889e-15 1.1773772951362569e-16 -7.2402649191425292e-15 2.4578730284326148e-17 9.0933520354932495e-17 -7.0756835430623825e-15 -0.32151851971636558 -0.38904404857729918 -0.49524798812916659
5.1633150239721246e-17 7.4533074754455978e-16 -0.5 0.50000000000000078 7.0124471500997196e-16 1.5586190881017149e-17 -3.4370465361046143e-17 6.9630095182358532e-16 -0.49622087086589811 0.49889710310065205 -0.069760503401755283
0.49999999999999928 -0.5 -9.380061721525848e-16 3.7602582697662881e-17 -1.0075152659502367e-15 3.4570323959726514e-17 -3.4041189499049544e-17 -1.0047651458329952e-15 0.38780238369108966 0.31582654857431647 -0.49986288361824249
-5.3184202565704919e-17 -4.1345594570768128e-15 -4.0008423960158542e-15 -7.1734634488424837e-17 -0.500000000000004 0.5 8.3867316837624816e-17 -3.9553819566860557e-15 -0.38780238369108649 -0.31582654857431136 0.49986288361824338
-8.6633156978358097e-17 -5.827341842816846e-16 -5.0500364754103571e-16 5.0820201928699269e-18 -5.0659017416012749e-16 2.7738024307082977e-17 0.50000000000000044 0.5 0.38780238369107878 0.31582654857431575 -0.49986288361825015
-2.4812690096242509e-17 1.0154310062253249e-15 9.9046464465474248e-16 1.9249628733715979e-17 -0.49999999999999906 -0.50000000000000011 3.145900550627441e-17 9.2277802137255303e-16 0.49622087086590855 -0.49889710310064306 0.069760503401756435
-1.0960536563021419e-16 -7.7283671624372811e-16 -7.867227982158666e-16 -3.0917539566225613e-17 0.50000000000000011 0.500000000000001 3.5518267388474475e-17 -8.0700052094319533e-16 0.32151851971634621 0.38904404857730046 0.4952479881291712
7.744680794428793e-17 -8.7394807296392179e-16 -9.8872094361762761e-16 1.6610841381562145e-17 -1.0385213695054565e-15 -3.3019728907560401e-17 0.49999999999999922 -0.50000000000000011 0.38780238369108938 0.31582654857431652 -0.4998628836182426
-7.9379674985741001e-18 -7.0187433862037123e-16 -7.1535810726194692e-16 -2.5317490034324703e-17 0.50000000000000022 -0.50000000000000089 4.8295593683266924e-17 -6.178755391123682e-16 0.32151851971634626 0.38904404857730046 0.49524798812917115
-5.9717112033791515e-17 -4.1814841112127596e-15 -0.500000000000004 0.49999999999999989 -4.1202167079993252e-15 7.2674905694721459e-17 1.4331219759963634e-16 -4.0663748957590417e-15 -0.38780238369108644 -0.31582654857431142 0.49986288361824349
1.5316787192590252e-17 9.6643129209163133e-16 1.0252329423288708e-15 3.2788013626477496e-17 -0.49999999999999911 0.50000000000000011 4.6445946643026149e-17 9.2322881276848391e-16 0.49622087086590827 -0.49889710310064334 0.069760503401756394
-0.50000000000000078 0.50000000000000011 -7.4978911085611629e-16 1.3905226805932695e-17 -7.2904164448888017e-16 1.6398205976569108e-17 1.1975817285176893e-16 -6.3638137858152223e-16 0.38780238369107833 0.31582654857431541 -0.49986288361825032
7.1113714377961009e-17 -7.5570134775880115e-15 0.49999999999999306 -0.50000000000000056 -7.4970794355189309e-15 -3.5290004940315932e-17 7.5694545345275505e-17 -7.346587966581751e-15 -0.38780238369109815 -0.31582654857431508 0.49986288361824227
-0.50000000000000044 0.49999999999999312 -7.4367375093727198e-15 3.199427411547125e-17 -7.4834372212120876e-15 4.8259803685535655e-18 6.6836921064802458e-17 -7.3636893013019909e-15 -0.38780238369109804 -0.31582654857431508 0.49986288361824244
1.0296917338126926e-16 -8.7296998257318782e-16 -0.50000000000000022 -0.49999999999999922 -9.8504932289627444e-16 -5.3692317867807961e-17 -2.9779247334067762e-17 -9.7801751273225556e-16 0.38780238369108971 0.31582654857431641 -0.49986288361824249
-3.3799997283211689e-17 4.2617112521348299e-16 4.9977441347091297e-16 3.8675428916693806e-18 5.675477983229839e-16 4.3977538678231162e-17 0.49999999999999906 0.49999999999999956 -0.49622087086590683 0.4988971031006455 -0.069760503401755658
4.8411530443781952e-19 2.7688294768948773e-16 2.9079687496824163e-16 3.4675623811751553e-17 0.49999999999999956 0.49999999999999911 -9.7326629700971906e-17 1.8582492428372081e-16 -0.49622087086590688 0.49889710310064539 -0.069760503401755408
-3.9181005353235403e-17 -4.1633693234897705e-15 -0.500000000000004 -0.5 -4.112428110656591e-15 7.9498575127890692e-17 1.188264092994453e-16 -4.1134603569161285e-15 -0.38780238369108633 -0.31582654857431131 0.49986288361824355
6.440970785760176e-16 -6.6151880559432138e-15 -7.0090906747110248e-15 1.6166706825935498e-16 -6.8439484377161181e-15 -8.7079218702037276e-18 2.6835826713356149e-16 -6.8801868185875138e-15 -0.066283863974734181 0.073217500002986158 0.99511087174741075
-4.3819194854859343e-17 -7.8571272084453211e-16 0.50000000000000011 -0.50000000000000089 -6.9759303597615602e-16 9.7640607788360267e-18 4.7595981891778975e-17 -6.7204063213741197e-16 0.32151851971634604 0.38904404857730029 0.49524798812917148
-0.50000000000000022 -0.50000000000000455 -4.4638589462121133e-15 5.6898709865048562e-17 -4.461779709778931e-15 -3.9968410501466561e-18 4.6321167223095055e-17 -4.4640338202329816e-15 -0.32151851971635415 -0.38904404857729469 -0.49524798812916671
-8.8969393032131564e-17 2.5345139183200947e-14 2.587456198400812e-14 1.7846403872990836e-16 2.5703363713522982e-14 2.820470600860193e-17 -4.8569822047594711e-16 2.5020237368764852e-14 0.8177393905822522 -0.10985305452336266 0.56500849153092747
9.7881263363566496e-17 -4.2361217909710093e-15 -0.50000000000000455 0.50000000000000033 -4.3650519409049756e-15 -3.0569754344703789e-18 8.9763807608486341e-17 -4.302216158542573e-15 -0.32151851971635437 -0.3890440485772948 -0.49524798812916621
4.7753712780239943e-17 -7.5549364115429389e-15 -7.4288809211688607e-15 -2.9266229025898549e-17 0.49999999999999306 0.50000000000000067 1.2321301447550823e-16 -7.3377297978757919e-15 -0.3878023836910981 -0.31582654857431502 0.49986288361824249
-5.7741057916535096e-17 -8.6044784411754414e-15 -8.6484443700946418e-15 3.4308769710969913e-19 -8.6153429182753792e-15 4.5319922805941531e-17 6.7187499945890041e-17 -8.5813762938983752e-15 -0.81773939058225786 0.10985305452335557 -0.56500849153092059
-3.3046766430929598e-17 -8.5570664398695012e-16 -8.6132302435870924e-16 1.0088288769323939e-17 -8.2749500566586176e-16 -2.3702223614010828e-17 -0.500000000000001 0.50000000000000011 0.32151851971634615 0.38904404857730029 0.49524798812917137
0.50000000000000044 0.50000000000000067 2.8012587778172144e-16 4.0066049927792615e-17 2.8313358679316335e-16 7.3924031968359472e-17 -2.1859284944085196e-17 1.760832074809146e-16 0.49622087086588312 -0.49889710310066671 0.06976050340175502
-0.50000000000000044 0.50000000000000067 2.3667441032555314e-16 -2.6156385178809305e-17 2.0012281680880118e-16 3.0655904494152805e-17 4.9456964555269457e-18 1.8038203528041669e-16 0.49622087086588329 -0.49889710310066671 0.069760503401755006
7.3617552536292284e-17 -9.1632702542080068e-16 -0.50000000000000022 0.49999999999999928 -9.4657056893764399e-16 1.0785554615427167e-17 4.9579399560500278e-17 -1.0524037927180713e-15 0.3878023836910896 0.31582654857431641 -0.49986288361824255
6.2433086509813376e-18 7.3261382000531977e-16 6.8382813093565762e-16 -1.1898644904304332e-17 7.6517216404377868e-16 5.3204997477507302e-17 0.50000000000000067 -0.50000000000000011 -0.49622087086589811 0.498897103100652 -0.069760503401755297
-5.7623360065234926e-17 -7.2620103950331124e-16 -6.5953256323245363e-16 2.3696170142688801e-17 -6.5577205212510818e-16 2.7769835856204166e-17 -0.50000000000000067 0.50000000000000011 0.38780238369107833 0.31582654857431564 -0.49986288361825021
-3.8958840144819241e-17 -9.138178379150155e-16 -9.595382480503588e-16 4.7479734142961528e-17 -0.49999999999999983 0.49999999999999906 7.8466080976953164e-17 -8.2756986661366772e-16 0.32151851971635775 0.38904404857730102 0.49524798812916543
-7.9869302462492592e-17 2.4755005738014214e-16 2.5632080678631857e-16 -1.5718372333139377e-17 2.6744196484792912e-16 3.2565300722211521e-17 0.50000000000000044 0.50000000000000067 0.49622087086588368 -0.49889710310066621 0.069760503401755283
0.50000000000000067 0.49999999999999289 -7.4650067206586862e-15 -4.3422251205340865e-17 -7.5666859572765159e-15 -1.7191760747807797e-17 1.218838307834772e-16 -7.429080649177582e-15 -0.38780238369109804 -0.31582654857431519 0.49986288361824222
0.50000000000000078 -0.5 7.6585235735669216e-16 -3.9021220526213789e-17 7.4766677560804971e-16 3.3688873451085496e-17 -7.063620634470325e-17 6.9599679268716046e-16 -0.496220870865898 0.498897103100652 -0.069760503401755408
0.49999999999999989 -0.50000000000000422 -3.9807859604543717e-15 -2.6002143535284248e-17 -4.1035362474488525e-15 5.9939956068642088e-17 1.3281575765497568e-16 -4.0424273425777065e-15 -0.38780238369108649 -0.31582654857431125 0.49986288361824338
6.4234873539806166e-18 2.276444733453694e-16 2.213290634897371e-16 4.5298166219136194e-17 0.50000000000000067 0.50000000000000044 1.5462798105847127e-17 1.9808468564236707e-16 0.49622087086588323 -0.49889710310066665 0.069760503401754978
3.564779313457162e-17 -8.8386617709472044e-16 -9.6025075047253797e-16 2.3113701200300229e-17 -0.50000000000000022 0.49999999999999917 -1.5592104543501951e-17 -1.0383341336359355e-15 0.38780238369108955 0.31582654857431625 -0.49986288361824238
-4.30950436382903e-17 -1.0086535196113968e-15 -9.8670309339105949e-16 3.4884874046690294e-17 -0.49999999999999978 -0.49999999999999895 2.5543736650186192e-17 -9.2140663086858924e-16 0.3215185197163577 0.38904404857730113 0.49524798812916543
-0.500000000000001 0.50000000000000022 -8.3643718592827536e-16 1.1005063346518366e-17 -8.6880636166843862e-16 6.3122629959169581e-17 -5.6019648909918374e-17 -8.0482858687884803e-16 0.32151851971634604 0.38904404857730029 0.49524798812917131
1.2349324943603665e-16 -7.1186799089002758e-15 -7.2019296731312523e-15 7.3760080391005564e-17 0.49999999999999339 -0.50000000000000056 1.1687459838115457e-16 -7.1930531373436228e-15 -0.32151851971636547 -0.38904404857729907 -0.49524798812916676
5.7861854960633552e-17 -4.3001724030612798e-15 -0.50000000000000466 -0.50000000000000033 -4.3745109252413583e-15 2.0520613923490292e-17 9.5997835994838061e-17 -4.3995991326934797e-15 -0.32151851971635437 -0.38904404857729474 -0.49524798812916637
-8.2903395210530613e-17 -4.116814805940266e-15 -3.9694343561518587e-15 -2.2514150094276431e-17 -4.0658671450819244e-15 5.4018074223899951e-17 0.50000000000000011 -0.500000000000004 -0.38780238369108666 -0.31582654857431131 0.49986288361824349
-7.4175798950032732e-18 -5.2718932227349005e-16 -4.4363386544216597e-16 2.3010741504678153e-17 -4.4715199975827725e-16 -6.4454076359594742e-18 0.50000000000000056 0.50000000000000022 0.32151851971634693 0.38904404857730063 0.49524798812917098
-7.2747742680940001e-17 -9.896596322898272e-16 -0.5 0.49999999999999911 -9.4047763157481849e-16 2.2743025822000229e-17 9.9167986615707519e-17 -9.1629748690592757e-16 0.32151851971635786 0.38904404857730085 0.49524798812916537
-0.50000000000000056 0.49999999999999351 -7.2796952793979347e-15 9.1114288885820063e-17 -7.3564464024657036e-15 2.8338684188957871e-17 9.5751744639228427e-17 -7.2249893017730951e-15 -0.32151851971636547 -0.38904404857729907 -0.49524798812916676
1.3277126253577862e-16 -7.7807157705292842e-16 -9.90394902551628e-16 5.9820056449236725e-17 -9.9561138675831334e-16 -3.3954867426171667e-17 -0.49999999999999922 -0.50000000000000033 0.38780238369108971 0.31582654857431652 -0.49986288361824199
-2.0365804896660656e-17 1.5789069980554678e-16 0.50000000000000067 -0.50000000000000033 2.0285747812151537e-16 1.4178039515912648e-17 3.3140625653239697e-18 1.4621958467321389e-16 0.49622087086588329 -0.49889710310066659 0.069760503401754964
-1.2480701494461456e-16 -5.2105958399369083e-15 -5.0906771662331046e-15 2.5623977604329095e-18 -5.1319732989493373e-15 -7.5731809286794992e-17 -4.9468163341173825e-17 -4.9639303653736023e-15 0.066283863974729712 -0.073217500002986005 -0.99511087174741097
0.500000000000001 0.50000000000000022 -9.0017292607225392e-16 6.3288895006025372e-18 -9.0063476154500216e-16 4.132162858113206e-17 1.0298428564363335e-16 -7.4449713725898405e-16 0.38780238369107756 0.31582654857431458 -0.49986288361825126
9.8192982290107598e-17 -7.205618510391731e-15 0.49999999999999328 0.50000000000000067 -7.3701085336078684e-15 5.9279530028762741e-17 7.1965042653037321e-17 -7.246702442505518e-15 -0.32151851971636558 -0.38904404857729896 -0.49524798812916676
9.1749625285228899e-17 -7.1799777728966231e-15 -7.2769649659005996e-15 7.376594941801331e-17 0.49999999999999345 0.50000000000000067 1.2370896794939592e-16 -7.2512498397816556e-15 -0.32151851971636558 -0.38904404857729913 -0.49524798812916671
-1.6794545301857467e-17 1.0030912767075617e-15 9.6461834649267036e-16 2.6956337731280953e-17 9.900091562898671e-16 5.9370339203353895e-19 0.50000000000000011 -0.499999999999999 0.49622087086590849 -0.49889710310064317 0.069760503401756005
1.1974699246007941e-17 2.7336855440514559e-16 2.5022575664989691e-16 -1.1967133736123572e-17 1.9536724807549046e-16 1.5790968584184862e-17 -0.50000000000000044 0.50000000000000056 0.49622087086588318 -0.49889710310066671 0.069760503401754936
4.2795953746684339e-17 -7.4807297921705279e-16 0.50000000000000011 -0.50000000000000067 -6.8733357242468115e-16 9.8004513678765198e-17 1.3164217277920507e-16 -5.4958390822169279e-16 0.38780238369107822 0.31582654857431552 -0.49986288361825032
0.50000000000000078 0.5 -6.5798307177403432e-16 -7.8908076623917146e-17 -6.3186123500988517e-16 2.8451325874889984e-17 3.5150819382588893e-18 -6.483779329849105e-16 0.32151851971634704 0.38904404857730102 0.49524798812917026
8.3658689850927502e-17 -7.3099329081635132e-15 0.49999999999999334 -0.50000000000000067 -7.4535771426350988e-15 3.1624145042121255e-17 1.0836231175968843e-16 -7.3338926008096017e-15 -0.32151851971636553 -0.38904404857729913 -0.49524798812916659
-1.8939634003858919e-17 3.0549181782492971e-16 0.4999999999999995 -0.49999999999999911 4.6559561499347702e-16 5.1048735715678894e-17 -8.1872947249425383e-17 2.3050436681515958e-16 -0.49622087086590688 0.49889710310064544 -0.069760503401755491
-1.3800644878314272e-17 3.7360631426269125e-16 4.6950469928842624e-16 2.8916955248270437e-17 5.2281829913767099e-16 5.7189822828800867e-17 -0.49999999999999922 0.4999999999999995 -0.49622087086590694 0.49889710310064544 -0.06976050340175538
0.50000000000000011 -0.49999999999999911 9.8747595886903986e-16 -3.7013015282755287e-18 1.0100770598381592e-15 -4.4238635566138427e-17 -9.1859857173558687e-18 9.700834485788333e-16 0.49622087086590838 -0.49889710310064328 0.069760503401756366
6.0031441470269216e-17 -8.7376359598824635e-16 -9.7897199685369577e-16 1.6260603503716951e-17 -0.50000000000000022 -0.49999999999999917 3.6317797739410461e-18 -1.0239101395253523e-15 0.38780238369108966 0.31582654857431647 -0.49986288361824238
-0.49999999999999906 -0.5 -9.8035425370607412e-16 -2.4347367211686488e-17 -9.5519488370224389e-16 4.4909672787465606e-17 6.2046998216751096e-17 -8.3365007975104855e-16 0.32151851971635792 0.38904404857730068 0.49524798812916521
-7.0234492516355455e-17 -8.1006596524621394e-16 -7.3713801957831573e-16 2.3753705982346122e-17 0.5 -0.50000000000000078 1.1384953766458338e-16 -5.627764967853206e-16 0.38780238369107811 0.3158265485743153 -0.49986288361825065
-0.50000000000000011 -0.500000000000004 -3.9561976856334722e-15 -5.8511069371814893e-17 -4.0536934583893969e-15 7.5366803186955839e-18 9.7913889778893665e-17 -3.9473540787233396e-15 -0.38780238369108638 -0.31582654857431131 0.49986288361824355
7.7380899155366204e-18 1.8159184867103559e-16 0.50000000000000056 0.50000000000000056 2.2862067197519533e-16 3.2152276958700341e-17 4.4296868124691022e-17 2.0420846173052481e-16 0.49622087086588323 -0.49889710310066687 0.06976050340175477
5.5261019237958725e-18 3.0112413618232687e-16 0.49999999999999956 0.49999999999999917 4.4885560823104604e-16 7.6112973701120034e-17 -4.9582097924752763e-17 2.6173306158185293e-16 -0.49622087086590683 0.49889710310064539 -0.069760503401755436
-3.9374848078840225e-17 -8.0101569073279945e-16 0.5 0.50000000000000078 -8.1276629682431792e-16 -5.5208904925168674e-18 1.0067400066867574e-16 -5.7683145347368291e-16 0.387802383691078 0.31582654857431514 -0.49986288361825082
1.3875020093998357e-17 -8.1486190667980065e-16 0.50000000000000022 0.500000000000001 -8.1590363092140644e-16 -6.2465250008857613e-17 4.8714435696297523e-17 -8.195376980170591e-16 0.3215185197163461 0.38904404857730046 0.49524798812917109
-6.8995184998231932e-17 8.8751708522369512e-16 -0.49999999999999911 0.5 9.0912311179415497e-16 1.9096741692800057e-17 6.6363621795498064e-17 9.6603281460537699e-16 0.49622087086590844 -0.49889710310064328 0.069760503401756033
1.9243409931868104e-17 -7.9790591986497984e-15 -7.921288381969501e-15 -4.0279176911090779e-17 -7.9215557256151404e-15 1.2405601805224391e-17 1.275511990368917e-16 -7.8545423520012648e-15 -0.88402325455699005 0.18307055452633636 0.43010238021648634
1.0824017942041803e-17 2.5057759778606003e-14 2.5171699223189821e-14 3.8765009492520582e-17 2.5261648592850567e-14 3.6397625950775561e-17 -4.4342300116931064e-16 2.4803466428593264e-14 0.88402325455698516 -0.1830705545263458 -0.43010238021649222
-8.7502219823527828e-16 1.1983139125673631e-14 1.2714519326835791e-14 -5.2772186627130985e-17 1.266241837848962e-14 1.6163053993101434e-16 -8.6955395815589345e-16 1.2091470700413578e-14 0.70932090340746179 0.70487059715159572 -0.0046148954890725315
6.053964419959702e-17 -1.3471837069520195e-14 -1.3343445111104946e-14 1.258270122601328e-16 -1.35398878867511e-14 -5.4892352320147003e-17 4.0152451504405629e-16 -1.3245598352263915e-14 0.10841848717480819 -0.81472365167496674 0.56962338701999704
1.9512875827808766e-16 -1.0065611253272084e-14 -1.0258541738785728e-14 5.063729735131429e-17 -1.0224192223399541e-14 -2.174143138601012e-17 -4.5131528102707024e-16 -1.0447239467175827e-14 -0.70932090340744902 -0.70487059715160871 0.0046148954890796196
