0 1 0 0 0 0 0 0 0 0 0 0
0 -1 0 0 0 0 0 0 0 0 0 0
0 0 0 1 0 0 0 0 0 0 0 0
0 0 0 -1 0 0 0 0 0 0 0 0
0 0 0 0 1 0 0 0 0 0 0 0
0 0 0 0 -1 0 0 0 0 0 0 0
0 0 0 0 0 1 0 0 0 0 0 0
0 0 0 0 0 -1 0 0 0 0 0 0
0 0 0 0 0 0 0 1 0 0 0 0
0 0 0 0 0 0 0 -1 0 0 0 0
0 0 0 0 0 0 0 0 0 1 0 0
0 0 0 0 0 0 0 0 0 -1 0 0
0 0 0 0 0 0 0 0 0 0 1 0
0 0 0 0 0 0 0 0 0 0 -1 0
0 0 0 0 0 0 0 0 0 0 0 1
0 0 0 0 0 0 0 0 0 0 0 -1
0.5 0 0 0 0 0.5 0.5 0 0 0 0 0.5
0.5 0 0 0 0 0.5 0.5 0 0 0 0 -0.5
0.5 0 0 0 0 0.5 -0.5 0 0 0 0 0.5
0.5 0 0 0 0 0.5 -0.5 0 0 0 0 -0.5
0.5 0 0 0 0 -0.5 0.5 0 0 0 0 0.5
0.5 0 0 0 0 -0.5 0.5 0 0 0 0 -0.5
0.5 0 0 0 0 -0.5 -0.5 0 0 0 0 0.5
0.5 0 0 0 0 -0.5 -0.5 0 0 0 0 -0.5
-0.5 0 0 0 0 0.5 0.5 0 0 0 0 0.5
-0.5 0 0 0 0 0.5 0.5 0 0 0 0 -0.5
-0.5 0 0 0 0 0.5 -0.5 0 0 0 0 0.5
-0.5 0 0 0 0 0.5 -0.5 0 0 0 0 -0.5
-0.5 0 0 0 0 -0.5 0.5 0 0 0 0 0.5
-0.5 0 0 0 0 -0.5 0.5 0 0 0 0 -0.5
-0.5 0 0 0 0 -0.5 -0.5 0 0 0 0 0.5
-0.5 0 0 0 0 -0.5 -0.5 0 0 0 0 -0.5
0.5 0 0 0 0 0.5 0 0.5 0 0 0.5 0
0.5 0 0 0 0 0.5 0 0.5 0 0 -0.5 0
0.5 0 0 0 0 0.5 0 -0.5 0 0 0.5 0
0.5 0 0 0 0 0.5 0 -0.5 0 0 -0.5 0
0.5 0 0 0 0 -0.5 0 0.5 0 0 0.5 0
0.5 0 0 0 0 -0.5 0 0.5 0 0 -0.5 0
0.5 0 0 0 0 -0.5 0 -0.5 0 0 0.5 0
0.5 0 0 0 0 -0.5 0 -0.5 0 0 -0.5 0
-0.5 0 0 0 0 0.5 0 0.5 0 0 0.5 0
-0.5 0 0 0 0 0.5 0 0.5 0 0 -0.5 0
-0.5 0 0 0 0 0.5 0 -0.5 0 0 0.5 0
-0.5 0 0 0 0 0.5 0 -0.5 0 0 -0.5 0
-0.5 0 0 0 0 -0.5 0 0.5 0 0 0.5 0
-0.5 0 0 0 0 -0.5 0 0.5 0 0 -0.5 0
-0.5 0 0 0 0 -0.5 0 -0.5 0 0 0.5 0
-0.5 0 0 0 0 -0.5 0 -0.5 0 0 -0.5 0
0.5 0 0 0 0 0.5 0 0 0.5 0.5 0 0
0.5 0 0 0 0 0.5 0 0 0.5 -0.5 0 0
0.5 0 0 0 0 0.5 0 0 -0.5 0.5 0 0
0.5 0 0 0 0 0.5 0 0 -0.5 -0.5 0 0
0.5 0 0 0 0 -0.5 0 0 0.5 0.5 0 0
0.5 0 0 0 0 -0.5 0 0 0.5 -0.5 0 0
0.5 0 0 0 0 -0.5 0 0 -0.5 0.5 0 0
0.5 0 0 0 0 -0.5 0 0 -0.5 -0.5 0 0
-0.5 0 0 0 0 0.5 0 0 0.5 0.5 0 0
-0.5 0 0 0 0 0.5 0 0 0.5 -0.5 0 0
-0.5 0 0 0 0 0.5 0 0 -0.5 0.5 0 0
-0.5 0 0 0 0 0.5 0 0 -0.5 -0.5 0 0
-0.5 0 0 0 0 -0.5 0 0 0.5 0.5 0 0
-0.5 0 0 0 0 -0.5 0 0 0.5 -0.5 0 0
-0.5 0 0 0 0 -0.5 0 0 -0.5 0.5 0 0
-0.5 0 0 0 0 -0.5 0 0 -0.5 -0.5 0 0
0 0.5 0 0 0.5 0 0.5 0 0 0 0 0.5
0 0.5 0 0 0.5 0 0.5 0 0 0 0 -0.5
0 0.5 0 0 0.5 0 -0.5 0 0 0 0 0.5
0 0.5 0 0 0.5 0 -0.5 0 0 0 0 -0.5
0 0.5 0 0 -0.5 0 0.5 0 0 0 0 0.5
0 0.5 0 0 -0.5 0 0.5 0 0 0 0 -0.5
0 0.5 0 0 -0.5 0 -0.5 0 0 0 0 0.5
0 0.5 0 0 -0.5 0 -0.5 0 0 0 0 -0.5
0 -0.5 0 0 0.5 0 0.5 0 0 0 0 0.5
0 -0.5 0 0 0.5 0 0.5 0 0 0 0 -0.5
0 -0.5 0 0 0.5 0 -0.5 0 0 0 0 0.5
0 -0.5 0 0 0.5 0 -0.5 0 0 0 0 -0.5
0 -0.5 0 0 -0.5 0 0.5 0 0 0 0 0.5
0 -0.5 0 0 -0.5 0 0.5 0 0 0 0 -0.5
0 -0.5 0 0 -0.5 0 -0.5 0 0 0 0 0.5
0 -0.5 0 0 -0.5 0 -0.5 0 0 0 0 -0.5
0 0.5 0 0 0.5 0 0 0.5 0 0 0.5 0
0 0.5 0 0 0.5 0 0 0.5 0 0 -0.5 0
0 0.5 0 0 0.5 0 0 -0.5 0 0 0.5 0
0 0.5 0 0 0.5 0 0 -0.5 0 0 -0.5 0
0 0.5 0 0 -0.5 0 0 0.5 0 0 0.5 0
0 0.5 0 0 -0.5 0 0 0.5 0 0 -0.5 0
0 0.5 0 0 -0.5 0 0 -0.5 0 0 0.5 0
0 0.5 0 0 -0.5 0 0 -0.5 0 0 -0.5 0
0 -0.5 0 0 0.5 0 0 0.5 0 0 0.5 0
0 -0.5 0 0 0.5 0 0 0.5 0 0 -0.5 0
0 -0.5 0 0 0.5 0 0 -0.5 0 0 0.5 0
0 -0.5 0 0 0.5 0 0 -0.5 0 0 -0.5 0
0 -0.5 0 0 -0.5 0 0 0.5 0 0 0.5 0
0 -0.5 0 0 -0.5 0 0 0.5 0 0 -0.5 0
0 -0.5 0 0 -0.5 0 0 -0.5 0 0 0.5 0
0 -0.5 0 0 -0.5 0 0 -0.5 0 0 -0.5 0
0 0.5 0 0 0.5 0 0 0 0.5 0.5 0 0
0 0.5 0 0 0.5 0 0 0 0.5 -0.5 0 0
0 0.5 0 0 0.5 0 0 0 -0.5 0.5 0 0
0 0.5 0 0 0.5 0 0 0 -0.5 -0.5 0 0
0 0.5 0 0 -0.5 0 0 0 0.5 0.5 0 0
0 0.5 0 0 -0.5 0 0 0 0.5 -0.5 0 0
0 0.5 0 0 -0.5 0 0 0 -0.5 0.5 0 0
0 0.5 0 0 -0.5 0 0 0 -0.5 -0.5 0 0
0 -0.5 0 0 0.5 0 0 0 0.5 0.5 0 0
0 -0.5 0 0 0.5 0 0 0 0.5 -0.5 0 0
0 -0.5 0 0 0.5 0 0 0 -0.5 0.5 0 0
0 -0.5 0 0 0.5 0 0 0 -0.5 -0.5 0 0
0 -0.5 0 0 -0.5 0 0 0 0.5 0.5 0 0
0 -0.5 0 0 -0.5 0 0 0 0.5 -0.5 0 0
0 -0.5 0 0 -0.5 0 0 0 -0.5 0.5 0 0
0 -0.5 0 0 -0.5 0 0 0 -0.5 -0.5 0 0
0 0 0.5 0.5 0 0 0.5 0 0 0 0 0.5
0 0 0.5 0.5 0 0 0.5 0 0 0 0 -0.5
0 0 0.5 0.5 0 0 -0.5 0 0 0 0 0.5
0 0 0.5 0.5 0 0 -0.5 0 0 0 0 -0.5
0 0 0.5 -0.5 0 0 0.5 0 0 0 0 0.5
0 0 0.5 -0.5 0 0 0.5 0 0 0 0 -0.5
0 0 0.5 -0.5 0 0 -0.5 0 0 0 0 0.5
0 0 0.5 -0.5 0 0 -0.5 0 0 0 0 -0.5
0 0 -0.5 0.5 0 0 0.5 0 0 0 0 0.5
0 0 -0.5 0.5 0 0 0.5 0 0 0 0 -0.5
0 0 -0.5 0.5 0 0 -0.5 0 0 0 0 0.5
0 0 -0.5 0.5 0 0 -0.5 0 0 0 0 -0.5
0 0 -0.5 -0.5 0 0 0.5 0 0 0 0 0.5
0 0 -0.5 -0.5 0 0 0.5 0 0 0 0 -0.5
0 0 -0.5 -0.5 0 0 -0.5 0 0 0 0 0.5
0 0 -0.5 -0.5 0 0 -0.5 0 0 0 0 -0.5
0 0 0.5 0.5 0 0 0 0.5 0 0 0.5 0
0 0 0.5 0.5 0 0 0 0.5 0 0 -0.5 0
0 0 0.5 0.5 0 0 0 -0.5 0 0 0.5 0
0 0 0.5 0.5 0 0 0 -0.5 0 0 -0.5 0
0 0 0.5 -0.5 0 0 0 0.5 0 0 0.5 0
0 0 0.5 -0.5 0 0 0 0.5 0 0 -0.5 0
0 0 0.5 -0.5 0 0 0 -0.5 0 0 0.5 0
0 0 0.5 -0.5 0 0 0 -0.5 0 0 -0.5 0
0 0 -0.5 0.5 0 0 0 0.5 0 0 0.5 0
0 0 -0.5 0.5 0 0 0 0.5 0 0 -0.5 0
0 0 -0.5 0.5 0 0 0 -0.5 0 0 0.5 0
0 0 -0.5 0.5 0 0 0 -0.5 0 0 -0.5 0
0 0 -0.5 -0.5 0 0 0 0.5 0 0 0.5 0
0 0 -0.5 -0.5 0 0 0 0.5 0 0 -0.5 0
0 0 -0.5 -0.5 0 0 0 -0.5 0 0 0.5 0
0 0 -0.5 -0.5 0 0 0 -0.5 0 0 -0.5 0
0 0 0.5 0.5 0 0 0 0 0.5 0.5 0 0
0 0 0.5 0.5 0 0 0 0 0.5 -0.5 0 0
0 0 0.5 0.5 0 0 0 0 -0.5 0.5 0 0
0 0 0.5 0.5 0 0 0 0 -0.5 -0.5 0 0
0 0 0.5 -0.5 0 0 0 0 0.5 0.5 0 0
0 0 0.5 -0.5 0 0 0 0 0.5 -0.5 0 0
0 0 0.5 -0.5 0 0 0 0 -0.5 0.5 0 0
0 0 0.5 -0.5 0 0 0 0 -0.5 -0.5 0 0
0 0 -0.5 0.5 0 0 0 0 0.5 0.5 0 0
0 0 -0.5 0.5 0 0 0 0 0.5 -0.5 0 0
0 0 -0.5 0.5 0 0 0 0 -0.5 0.5 0 0
0 0 -0.5 0.5 0 0 0 0 -0.5 -0.5 0 0
0 0 -0.5 -0.5 0 0 0 0 0.5 0.5 0 0
0 0 -0.5 -0.5 0 0 0 0 0.5 -0.5 0 0
0 0 -0.5 -0.5 0 0 0 0 -0.5 0.5 0 0
0 0 -0.5 -0.5 0 0 0 0 -0.5 -0.5 0 0
0 0.5 0 0 0 0.5 0 0.5 0 0 0 0.5
0 0.5 0 0 0 0.5 0 0.5 0 0 0 -0.5
0 0.5 0 0 0 0.5 0 -0.5 0 0 0 0.5
0 0.5 0 0 0 0.5 0 -0.5 0 0 0 -0.5
0 0.5 0 0 0 -0.5 0 0.5 0 0 0 0.5
0 0.5 0 0 0 -0.5 0 0.5 0 0 0 -0.5
0 0.5 0 0 0 -0.5 0 -0.5 0 0 0 0.5
0 0.5 0 0 0 -0.5 0 -0.5 0 0 0 -0.5
0 -0.5 0 0 0 0.5 0 0.5 0 0 0 0.5
0 -0.5 0 0 0 0.5 0 0.5 0 0 0 -0.5
0 -0.5 0 0 0 0.5 0 -0.5 0 0 0 0.5
0 -0.5 0 0 0 0.5 0 -0.5 0 0 0 -0.5
0 -0.5 0 0 0 -0.5 0 0.5 0 0 0 0.5
0 -0.5 0 0 0 -0.5 0 0.5 0 0 0 -0.5
0 -0.5 0 0 0 -0.5 0 -0.5 0 0 0 0.5
0 -0.5 0 0 0 -0.5 0 -0.5 0 0 0 -0.5
0 0.5 0 0 0 0.5 0.5 0 0.5 0 0 0
0 0.5 0 0 0 0.5 -0.5 0 0.5 0 0 0
0 0.5 0 0 0 0.5 0.5 0 -0.5 0 0 0
0 0.5 0 0 0 0.5 -0.5 0 -0.5 0 0 0
0 0.5 0 0 0 -0.5 0.5 0 0.5 0 0 0
0 0.5 0 0 0 -0.5 -0.5 0 0.5 0 0 0
0 0.5 0 0 0 -0.5 0.5 0 -0.5 0 0 0
0 0.5 0 0 0 -0.5 -0.5 0 -0.5 0 0 0
0 -0.5 0 0 0 0.5 0.5 0 0.5 0 0 0
0 -0.5 0 0 0 0.5 -0.5 0 0.5 0 0 0
0 -0.5 0 0 0 0.5 0.5 0 -0.5 0 0 0
0 -0.5 0 0 0 0.5 -0.5 0 -0.5 0 0 0
0 -0.5 0 0 0 -0.5 0.5 0 0.5 0 0 0
0 -0.5 0 0 0 -0.5 -0.5 0 0.5 0 0 0
0 -0.5 0 0 0 -0.5 0.5 0 -0.5 0 0 0
0 -0.5 0 0 0 -0.5 -0.5 0 -0.5 0 0 0
0 0.5 0 0 0 0.5 0 0 0 0.5 0.5 0
0 0.5 0 0 0 0.5 0 0 0 0.5 -0.5 0
0 0.5 0 0 0 0.5 0 0 0 -0.5 0.5 0
0 0.5 0 0 0 0.5 0 0 0 -0.5 -0.5 0
0 0.5 0 0 0 -0.5 0 0 0 0.5 0.5 0
0 0.5 0 0 0 -0.5 0 0 0 0.5 -0.5 0
0 0.5 0 0 0 -0.5 0 0 0 -0.5 0.5 0
0 0.5 0 0 0 -0.5 0 0 0 -0.5 -0.5 0
0 -0.5 0 0 0 0.5 0 0 0 0.5 0.5 0
0 -0.5 0 0 0 0.5 0 0 0 0.5 -0.5 0
0 -0.5 0 0 0 0.5 0 0 0 -0.5 0.5 0
0 -0.5 0 0 0 0.5 0 0 0 -0.5 -0.5 0
0 -0.5 0 0 0 -0.5 0 0 0 0.5 0.5 0
0 -0.5 0 0 0 -0.5 0 0 0 0.5 -0.5 0
0 -0.5 0 0 0 -0.5 0 0 0 -0.5 0.5 0
0 -0.5 0 0 0 -0.5 0 0 0 -0.5 -0.5 0
0.5 0 0.5 0 0 0 0 0.5 0 0 0 0.5
0.5 0 0.5 0 0 0 0 0.5 0 0 0 -0.5
0.5 0 0.5 0 0 0 0 -0.5 0 0 0 0.5
0.5 0 0.5 0 0 0 0 -0.5 0 0 0 -0.5
-0.5 0 0.5 0 0 0 0 0.5 0 0 0 0.5
-0.5 0 0.5 0 0 0 0 0.5 0 0 0 -0.5
-0.5 0 0.5 0 0 0 0 -0.5 0 0 0 0.5
-0.5 0 0.5 0 0 0 0 -0.5 0 0 0 -0.5
0.5 0 -0.5 0 0 0 0 0.5 0 0 0 0.5
0.5 0 -0.5 0 0 0 0 0.5 0 0 0 -0.5
0.5 0 -0.5 0 0 0 0 -0.5 0 0 0 0.5
0.5 0 -0.5 0 0 0 0 -0.5 0 0 0 -0.5
-0.5 0 -0.5 0 0 0 0 0.5 0 0 0 0.5
-0.5 0 -0.5 0 0 0 0 0.5 0 0 0 -0.5
-0.5 0 -0.5 0 0 0 0 -0.5 0 0 0 0.5
-0.5 0 -0.5 0 0 0 0 -0.5 0 0 0 -0.5
0.5 0 0.5 0 0 0 0 0 0 0.5 0.5 0
0.5 0 0.5 0 0 0 0 0 0 0.5 -0.5 0
0.5 0 0.5 0 0 0 0 0 0 -0.5 0.5 0
0.5 0 0.5 0 0 0 0 0 0 -0.5 -0.5 0
-0.5 0 0.5 0 0 0 0 0 0 0.5 0.5 0
-0.5 0 0.5 0 0 0 0 0 0 0.5 -0.5 0
-0.5 0 0.5 0 0 0 0 0 0 -0.5 0.5 0
-0.5 0 0.5 0 0 0 0 0 0 -0.5 -0.5 0
0.5 0 -0.5 0 0 0 0 0 0 0.5 0.5 0
0.5 0 -0.5 0 0 0 0 0 0 0.5 -0.5 0
0.5 0 -0.5 0 0 0 0 0 0 -0.5 0.5 0
0.5 0 -0.5 0 0 0 0 0 0 -0.5 -0.5 0
-0.5 0 -0.5 0 0 0 0 0 0 0.5 0.5 0
-0.5 0 -0.5 0 0 0 0 0 0 0.5 -0.5 0
-0.5 0 -0.5 0 0 0 0 0 0 -0.5 0.5 0
-0.5 0 -0.5 0 0 0 0 0 0 -0.5 -0.5 0
0 0 0 0.5 0.5 0 0 0.5 0 0 0 0.5
0 0 0 0.5 0.5 0 0 0.5 0 0 0 -0.5
0 0 0 0.5 0.5 0 0 -0.5 0 0 0 0.5
0 0 0 0.5 0.5 0 0 -0.5 0 0 0 -0.5
0 0 0 0.5 -0.5 0 0 0.5 0 0 0 0.5
0 0 0 0.5 -0.5 0 0 0.5 0 0 0 -0.5
0 0 0 0.5 -0.5 0 0 -0.5 0 0 0 0.5
0 0 0 0.5 -0.5 0 0 -0.5 0 0 0 -0.5
0 0 0 -0.5 0.5 0 0 0.5 0 0 0 0.5
0 0 0 -0.5 0.5 0 0 0.5 0 0 0 -0.5
0 0 0 -0.5 0.5 0 0 -0.5 0 0 0 0.5
0 0 0 -0.5 0.5 0 0 -0.5 0 0 0 -0.5
0 0 0 -0.5 -0.5 0 0 0.5 0 0 0 0.5
0 0 0 -0.5 -0.5 0 0 0.5 0 0 0 -0.5
0 0 0 -0.5 -0.5 0 0 -0.5 0 0 0 0.5
0 0 0 -0.5 -0.5 0 0 -0.5 0 0 0 -0.5
0 0 0 0.5 0.5 0 0.5 0 0.5 0 0 0
0 0 0 0.5 0.5 0 -0.5 0 0.5 0 0 0
0 0 0 0.5 0.5 0 0.5 0 -0.5 0 0 0
0 0 0 0.5 0.5 0 -0.5 0 -0.5 0 0 0
0 0 0 0.5 -0.5 0 0.5 0 0.5 0 0 0
0 0 0 0.5 -0.5 0 -0.5 0 0.5 0 0 0
0 0 0 0.5 -0.5 0 0.5 0 -0.5 0 0 0
0 0 0 0.5 -0.5 0 -0.5 0 -0.5 0 0 0
0 0 0 -0.5 0.5 0 0.5 0 0.5 0 0 0
0 0 0 -0.5 0.5 0 -0.5 0 0.5 0 0 0
0 0 0 -0.5 0.5 0 0.5 0 -0.5 0 0 0
0 0 0 -0.5 0.5 0 -0.5 0 -0.5 0 0 0
0 0 0 -0.5 -0.5 0 0.5 0 0.5 0 0 0
0 0 0 -0.5 -0.5 0 -0.5 0 0.5 0 0 0
0 0 0 -0.5 -0.5 0 0.5 0 -0.5 0 0 0
0 0 0 -0.5 -0.5 0 -0.5 0 -0.5 0 0 0
0 0 0 0.5 0.5 0 0 0 0 0.5 0.5 0
0 0 0 0.5 0.5 0 0 0 0 0.5 -0.5 0
0 0 0 0.5 0.5 0 0 0 0 -0.5 0.5 0
0 0 0 0.5 0.5 0 0 0 0 -0.5 -0.5 0
0 0 0 0.5 -0.5 0 0 0 0 0.5 0.5 0
0 0 0 0.5 -0.5 0 0 0 0 0.5 -0.5 0
0 0 0 0.5 -0.5 0 0 0 0 -0.5 0.5 0
0 0 0 0.5 -0.5 0 0 0 0 -0.5 -0.5 0
0 0 0 -0.5 0.5 0 0 0 0 0.5 0.5 0
0 0 0 -0.5 0.5 0 0 0 0 0.5 -0.5 0
0 0 0 -0.5 0.5 0 0 0 0 -0.5 0.5 0
0 0 0 -0.5 0.5 0 0 0 0 -0.5 -0.5 0
0 0 0 -0.5 -0.5 0 0 0 0 0.5 0.5 0
0 0 0 -0.5 -0.5 0 0 0 0 0.5 -0.5 0
0 0 0 -0.5 -0.5 0 0 0 0 -0.5 0.5 0
0 0 0 -0.5 -0.5 0 0 0 0 -0.5 -0.5 0
0 0 0.5 0 0 0.5 0 0 0.5 0 0 0.5
0 0 0.5 0 0 0.5 0 0 0.5 0 0 -0.5
0 0 0.5 0 0 0.5 0 0 -0.5 0 0 0.5
0 0 0.5 0 0 0.5 0 0 -0.5 0 0 -0.5
0 0 0.5 0 0 -0.5 0 0 0.5 0 0 0.5
0 0 0.5 0 0 -0.5 0 0 0.5 0 0 -0.5
0 0 0.5 0 0 -0.5 0 0 -0.5 0 0 0.5
0 0 0.5 0 0 -0.5 0 0 -0.5 0 0 -0.5
0 0 -0.5 0 0 0.5 0 0 0.5 0 0 0.5
0 0 -0.5 0 0 0.5 0 0 0.5 0 0 -0.5
0 0 -0.5 0 0 0.5 0 0 -0.5 0 0 0.5
0 0 -0.5 0 0 0.5 0 0 -0.5 0 0 -0.5
0 0 -0.5 0 0 -0.5 0 0 0.5 0 0 0.5
0 0 -0.5 0 0 -0.5 0 0 0.5 0 0 -0.5
0 0 -0.5 0 0 -0.5 0 0 -0.5 0 0 0.5
0 0 -0.5 0 0 -0.5 0 0 -0.5 0 0 -0.5
0 0 0.5 0 0 0.5 0 0.5 0 0.5 0 0
0 0 0.5 0 0 0.5 0 -0.5 0 0.5 0 0
0 0 0.5 0 0 0.5 0 0.5 0 -0.5 0 0
0 0 0.5 0 0 0.5 0 -0.5 0 -0.5 0 0
0 0 0.5 0 0 -0.5 0 0.5 0 0.5 0 0
0 0 0.5 0 0 -0.5 0 -0.5 0 0.5 0 0
0 0 0.5 0 0 -0.5 0 0.5 0 -0.5 0 0
0 0 0.5 0 0 -0.5 0 -0.5 0 -0.5 0 0
0 0 -0.5 0 0 0.5 0 0.5 0 0.5 0 0
0 0 -0.5 0 0 0.5 0 -0.5 0 0.5 0 0
0 0 -0.5 0 0 0.5 0 0.5 0 -0.5 0 0
0 0 -0.5 0 0 0.5 0 -0.5 0 -0.5 0 0
0 0 -0.5 0 0 -0.5 0 0.5 0 0.5 0 0
0 0 -0.5 0 0 -0.5 0 -0.5 0 0.5 0 0
0 0 -0.5 0 0 -0.5 0 0.5 0 -0.5 0 0
0 0 -0.5 0 0 -0.5 0 -0.5 0 -0.5 0 0
0 0 0.5 0 0 0.5 0.5 0 0 0 0.5 0
0 0 0.5 0 0 0.5 -0.5 0 0 0 0.5 0
0 0 0.5 0 0 0.5 0.5 0 0 0 -0.5 0
0 0 0.5 0 0 0.5 -0.5 0 0 0 -0.5 0
0 0 0.5 0 0 -0.5 0.5 0 0 0 0.5 0
0 0 0.5 0 0 -0.5 -0.5 0 0 0 0.5 0
0 0 0.5 0 0 -0.5 0.5 0 0 0 -0.5 0
0 0 0.5 0 0 -0.5 -0.5 0 0 0 -0.5 0
0 0 -0.5 0 0 0.5 0.5 0 0 0 0.5 0
0 0 -0.5 0 0 0.5 -0.5 0 0 0 0.5 0
0 0 -0.5 0 0 0.5 0.5 0 0 0 -0.5 0
0 0 -0.5 0 0 0.5 -0.5 0 0 0 -0.5 0
0 0 -0.5 0 0 -0.5 0.5 0 0 0 0.5 0
0 0 -0.5 0 0 -0.5 -0.5 0 0 0 0.5 0
0 0 -0.5 0 0 -0.5 0.5 0 0 0 -0.5 0
0 0 -0.5 0 0 -0.5 -0.5 0 0 0 -0.5 0
0 0.5 0 0.5 0 0 0 0 0.5 0 0 0.5
0 0.5 0 0.5 0 0 0 0 0.5 0 0 -0.5
0 0.5 0 0.5 0 0 0 0 -0.5 0 0 0.5
0 0.5 0 0.5 0 0 0 0 -0.5 0 0 -0.5
0 -0.5 0 0.5 0 0 0 0 0.5 0 0 0.5
0 -0.5 0 0.5 0 0 0 0 0.5 0 0 -0.5
0 -0.5 0 0.5 0 0 0 0 -0.5 0 0 0.5
0 -0.5 0 0.5 0 0 0 0 -0.5 0 0 -0.5
0 0.5 0 -0.5 0 0 0 0 0.5 0 0 0.5
0 0.5 0 -0.5 0 0 0 0 0.5 0 0 -0.5
0 0.5 0 -0.5 0 0 0 0 -0.5 0 0 0.5
0 0.5 0 -0.5 0 0 0 0 -0.5 0 0 -0.5
0 -0.5 0 -0.5 0 0 0 0 0.5 0 0 0.5
0 -0.5 0 -0.5 0 0 0 0 0.5 0 0 -0.5
0 -0.5 0 -0.5 0 0 0 0 -0.5 0 0 0.5
0 -0.5 0 -0.5 0 0 0 0 -0.5 0 0 -0.5
0 0.5 0 0.5 0 0 0 0.5 0 0.5 0 0
0 0.5 0 0.5 0 0 0 -0.5 0 0.5 0 0
0 0.5 0 0.5 0 0 0 0.5 0 -0.5 0 0
0 0.5 0 0.5 0 0 0 -0.5 0 -0.5 0 0
0 -0.5 0 0.5 0 0 0 0.5 0 0.5 0 0
0 -0.5 0 0.5 0 0 0 -0.5 0 0.5 0 0
0 -0.5 0 0.5 0 0 0 0.5 0 -0.5 0 0
0 -0.5 0 0.5 0 0 0 -0.5 0 -0.5 0 0
0 0.5 0 -0.5 0 0 0 0.5 0 0.5 0 0
0 0.5 0 -0.5 0 0 0 -0.5 0 0.5 0 0
0 0.5 0 -0.5 0 0 0 0.5 0 -0.5 0 0
0 0.5 0 -0.5 0 0 0 -0.5 0 -0.5 0 0
0 -0.5 0 -0.5 0 0 0 0.5 0 0.5 0 0
0 -0.5 0 -0.5 0 0 0 -0.5 0 0.5 0 0
0 -0.5 0 -0.5 0 0 0 0.5 0 -0.5 0 0
0 -0.5 0 -0.5 0 0 0 -0.5 0 -0.5 0 0
0 0.5 0 0.5 0 0 0.5 0 0 0 0.5 0
0 0.5 0 0.5 0 0 -0.5 0 0 0 0.5 0
0 0.5 0 0.5 0 0 0.5 0 0 0 -0.5 0
0 0.5 0 0.5 0 0 -0.5 0 0 0 -0.5 0
0 -0.5 0 0.5 0 0 0.5 0 0 0 0.5 0
0 -0.5 0 0.5 0 0 -0.5 0 0 0 0.5 0
0 -0.5 0 0.5 0 0 0.5 0 0 0 -0.5 0
0 -0.5 0 0.5 0 0 -0.5 0 0 0 -0.5 0
0 0.5 0 -0.5 0 0 0.5 0 0 0 0.5 0
0 0.5 0 -0.5 0 0 -0.5 0 0 0 0.5 0
0 0.5 0 -0.5 0 0 0.5 0 0 0 -0.5 0
0 0.5 0 -0.5 0 0 -0.5 0 0 0 -0.5 0
0 -0.5 0 -0.5 0 0 0.5 0 0 0 0.5 0
0 -0.5 0 -0.5 0 0 -0.5 0 0 0 0.5 0
0 -0.5 0 -0.5 0 0 0.5 0 0 0 -0.5 0
0 -0.5 0 -0.5 0 0 -0.5 0 0 0 -0.5 0
0.5 0 0 0 0.5 0 0 0 0.5 0 0 0.5
0.5 0 0 0 0.5 0 0 0 0.5 0 0 -0.5
0.5 0 0 0 0.5 0 0 0 -0.5 0 0 0.5
0.5 0 0 0 0.5 0 0 0 -0.5 0 0 -0.5
-0.5 0 0 0 0.5 0 0 0 0.5 0 0 0.5
-0.5 0 0 0 0.5 0 0 0 0.5 0 0 -0.5
-0.5 0 0 0 0.5 0 0 0 -0.5 0 0 0.5
-0.5 0 0 0 0.5 0 0 0 -0.5 0 0 -0.5
0.5 0 0 0 -0.5 0 0 0 0.5 0 0 0.5
0.5 0 0 0 -0.5 0 0 0 0.5 0 0 -0.5
0.5 0 0 0 -0.5 0 0 0 -0.5 0 0 0.5
0.5 0 0 0 -0.5 0 0 0 -0.5 0 0 -0.5
-0.5 0 0 0 -0.5 0 0 0 0.5 0 0 0.5
-0.5 0 0 0 -0.5 0 0 0 0.5 0 0 -0.5
-0.5 0 0 0 -0.5 0 0 0 -0.5 0 0 0.5
-0.5 0 0 0 -0.5 0 0 0 -0.5 0 0 -0.5
0.5 0 0 0 0.5 0 0 0.5 0 0.5 0 0
0.5 0 0 0 0.5 0 0 -0.5 0 0.5 0 0
0.5 0 0 0 0.5 0 0 0.5 0 -0.5 0 0
0.5 0 0 0 0.5 0 0 -0.5 0 -0.5 0 0
-0.5 0 0 0 0.5 0 0 0.5 0 0.5 0 0
-0.5 0 0 0 0.5 0 0 -0.5 0 0.5 0 0
-0.5 0 0 0 0.5 0 0 0.5 0 -0.5 0 0
-0.5 0 0 0 0.5 0 0 -0.5 0 -0.5 0 0
0.5 0 0 0 -0.5 0 0 0.5 0 0.5 0 0
0.5 0 0 0 -0.5 0 0 -0.5 0 0.5 0 0
0.5 0 0 0 -0.5 0 0 0.5 0 -0.5 0 0
0.5 0 0 0 -0.5 0 0 -0.5 0 -0.5 0 0
-0.5 0 0 0 -0.5 0 0 0.5 0 0.5 0 0
-0.5 0 0 0 -0.5 0 0 -0.5 0 0.5 0 0
-0.5 0 0 0 -0.5 0 0 0.5 0 -0.5 0 0
-0.5 0 0 0 -0.5 0 0 -0.5 0 -0.5 0 0
0.5 0 0 0 0.5 0 0.5 0 0 0 0.5 0
0.5 0 0 0 0.5 0 -0.5 0 0 0 0.5 0
0.5 0 0 0 0.5 0 0.5 0 0 0 -0.5 0
0.5 0 0 0 0.5 0 -0.5 0 0 0 -0.5 0
-0.5 0 0 0 0.5 0 0.5 0 0 0 0.5 0
-0.5 0 0 0 0.5 0 -0.5 0 0 0 0.5 0
-0.5 0 0 0 0.5 0 0.5 0 0 0 -0.5 0
-0.5 0 0 0 0.5 0 -0.5 0 0 0 -0.5 0
0.5 0 0 0 -0.5 0 0.5 0 0 0 0.5 0
0.5 0 0 0 -0.5 0 -0.5 0 0 0 0.5 0
0.5 0 0 0 -0.5 0 0.5 0 0 0 -0.5 0
0.5 0 0 0 -0.5 0 -0.5 0 0 0 -0.5 0
-0.5 0 0 0 -0.5 0 0.5 0 0 0 0.5 0
-0.5 0 0 0 -0.5 0 -0.5 0 0 0 0.5 0
-0.5 0 0 0 -0.5 0 0.5 0 0 0 -0.5 0
-0.5 0 0 0 -0.5 0 -0.5 0 0 0 -0.5 0
0 0 0 0.5 0 0.5 0 0 0 0.5 0 0.5
0 0 0 0.5 0 0.5 0 0 0 0.5 0 -0.5
0 0 0 0.5 0 0.5 0 0 0 -0.5 0 0.5
0 0 0 0.5 0 0.5 0 0 0 -0.5 0 -0.5
0 0 0 0.5 0 -0.5 0 0 0 0.5 0 0.5
0 0 0 0.5 0 -0.5 0 0 0 0.5 0 -0.5
0 0 0 0.5 0 -0.5 0 0 0 -0.5 0 0.5
0 0 0 0.5 0 -0.5 0 0 0 -0.5 0 -0.5
0 0 0 -0.5 0 0.5 0 0 0 0.5 0 0.5
0 0 0 -0.5 0 0.5 0 0 0 0.5 0 -0.5
0 0 0 -0.5 0 0.5 0 0 0 -0.5 0 0.5
0 0 0 -0.5 0 0.5 0 0 0 -0.5 0 -0.5
0 0 0 -0.5 0 -0.5 0 0 0 0.5 0 0.5
0 0 0 -0.5 0 -0.5 0 0 0 0.5 0 -0.5
0 0 0 -0.5 0 -0.5 0 0 0 -0.5 0 0.5
0 0 0 -0.5 0 -0.5 0 0 0 -0.5 0 -0.5
0 0 0 0.5 0 0.5 0 0 0.5 0 0.5 0
0 0 0 0.5 0 0.5 0 0 -0.5 0 0.5 0
0 0 0 0.5 0 0.5 0 0 0.5 0 -0.5 0
0 0 0 0.5 0 0.5 0 0 -0.5 0 -0.5 0
0 0 0 0.5 0 -0.5 0 0 0.5 0 0.5 0
0 0 0 0.5 0 -0.5 0 0 -0.5 0 0.5 0
0 0 0 0.5 0 -0.5 0 0 0.5 0 -0.5 0
0 0 0 0.5 0 -0.5 0 0 -0.5 0 -0.5 0
0 0 0 -0.5 0 0.5 0 0 0.5 0 0.5 0
0 0 0 -0.5 0 0.5 0 0 -0.5 0 0.5 0
0 0 0 -0.5 0 0.5 0 0 0.5 0 -0.5 0
0 0 0 -0.5 0 0.5 0 0 -0.5 0 -0.5 0
0 0 0 -0.5 0 -0.5 0 0 0.5 0 0.5 0
0 0 0 -0.5 0 -0.5 0 0 -0.5 0 0.5 0
0 0 0 -0.5 0 -0.5 0 0 0.5 0 -0.5 0
0 0 0 -0.5 0 -0.5 0 0 -0.5 0 -0.5 0
0 0 0 0.5 0 0.5 0.5 0.5 0 0 0 0
0 0 0 0.5 0 0.5 0.5 -0.5 0 0 0 0
0 0 0 0.5 0 0.5 -0.5 0.5 0 0 0 0
0 0 0 0.5 0 0.5 -0.5 -0.5 0 0 0 0
0 0 0 0.5 0 -0.5 0.5 0.5 0 0 0 0
0 0 0 0.5 0 -0.5 0.5 -0.5 0 0 0 0
0 0 0 0.5 0 -0.5 -0.5 0.5 0 0 0 0
0 0 0 0.5 0 -0.5 -0.5 -0.5 0 0 0 0
0 0 0 -0.5 0 0.5 0.5 0.5 0 0 0 0
0 0 0 -0.5 0 0.5 0.5 -0.5 0 0 0 0
0 0 0 -0.5 0 0.5 -0.5 0.5 0 0 0 0
0 0 0 -0.5 0 0.5 -0.5 -0.5 0 0 0 0
0 0 0 -0.5 0 -0.5 0.5 0.5 0 0 0 0
0 0 0 -0.5 0 -0.5 0.5 -0.5 0 0 0 0
0 0 0 -0.5 0 -0.5 -0.5 0.5 0 0 0 0
0 0 0 -0.5 0 -0.5 -0.5 -0.5 0 0 0 0
0 0 0.5 0 0.5 0 0 0 0 0.5 0 0.5
0 0 0.5 0 0.5 0 0 0 0 0.5 0 -0.5
0 0 0.5 0 0.5 0 0 0 0 -0.5 0 0.5
0 0 0.5 0 0.5 0 0 0 0 -0.5 0 -0.5
0 0 -0.5 0 0.5 0 0 0 0 0.5 0 0.5
0 0 -0.5 0 0.5 0 0 0 0 0.5 0 -0.5
0 0 -0.5 0 0.5 0 0 0 0 -0.5 0 0.5
0 0 -0.5 0 0.5 0 0 0 0 -0.5 0 -0.5
0 0 0.5 0 -0.5 0 0 0 0 0.5 0 0.5
0 0 0.5 0 -0.5 0 0 0 0 0.5 0 -0.5
0 0 0.5 0 -0.5 0 0 0 0 -0.5 0 0.5
0 0 0.5 0 -0.5 0 0 0 0 -0.5 0 -0.5
0 0 -0.5 0 -0.5 0 0 0 0 0.5 0 0.5
0 0 -0.5 0 -0.5 0 0 0 0 0.5 0 -0.5
0 0 -0.5 0 -0.5 0 0 0 0 -0.5 0 0.5
0 0 -0.5 0 -0.5 0 0 0 0 -0.5 0 -0.5
0 0 0.5 0 0.5 0 0 0 0.5 0 0.5 0
0 0 0.5 0 0.5 0 0 0 -0.5 0 0.5 0
0 0 0.5 0 0.5 0 0 0 0.5 0 -0.5 0
0 0 0.5 0 0.5 0 0 0 -0.5 0 -0.5 0
0 0 -0.5 0 0.5 0 0 0 0.5 0 0.5 0
0 0 -0.5 0 0.5 0 0 0 -0.5 0 0.5 0
0 0 -0.5 0 0.5 0 0 0 0.5 0 -0.5 0
0 0 -0.5 0 0.5 0 0 0 -0.5 0 -0.5 0
0 0 0.5 0 -0.5 0 0 0 0.5 0 0.5 0
0 0 0.5 0 -0.5 0 0 0 -0.5 0 0.5 0
0 0 0.5 0 -0.5 0 0 0 0.5 0 -0.5 0
0 0 0.5 0 -0.5 0 0 0 -0.5 0 -0.5 0
0 0 -0.5 0 -0.5 0 0 0 0.5 0 0.5 0
0 0 -0.5 0 -0.5 0 0 0 -0.5 0 0.5 0
0 0 -0.5 0 -0.5 0 0 0 0.5 0 -0.5 0
0 0 -0.5 0 -0.5 0 0 0 -0.5 0 -0.5 0
0 0 0.5 0 0.5 0 0.5 0.5 0 0 0 0
0 0 0.5 0 0.5 0 0.5 -0.5 0 0 0 0
0 0 0.5 0 0.5 0 -0.5 0.5 0 0 0 0
0 0 0.5 0 0.5 0 -0.5 -0.5 0 0 0 0
0 0 -0.5 0 0.5 0 0.5 0.5 0 0 0 0
0 0 -0.5 0 0.5 0 0.5 -0.5 0 0 0 0
0 0 -0.5 0 0.5 0 -0.5 0.5 0 0 0 0
0 0 -0.5 0 0.5 0 -0.5 -0.5 0 0 0 0
0 0 0.5 0 -0.5 0 0.5 0.5 0 0 0 0
0 0 0.5 0 -0.5 0 0.5 -0.5 0 0 0 0
0 0 0.5 0 -0.5 0 -0.5 0.5 0 0 0 0
0 0 0.5 0 -0.5 0 -0.5 -0.5 0 0 0 0
0 0 -0.5 0 -0.5 0 0.5 0.5 0 0 0 0
0 0 -0.5 0 -0.5 0 0.5 -0.5 0 0 0 0
0 0 -0.5 0 -0.5 0 -0.5 0.5 0 0 0 0
0 0 -0.5 0 -0.5 0 -0.5 -0.5 0 0 0 0
0.5 0.5 0 0 0 0 0 0 0 0.5 0 0.5
0.5 0.5 0 0 0 0 0 0 0 0.5 0 -0.5
0.5 0.5 0 0 0 0 0 0 0 -0.5 0 0.5
0.5 0.5 0 0 0 0 0 0 0 -0.5 0 -0.5
0.5 -0.5 0 0 0 0 0 0 0 0.5 0 0.5
0.5 -0.5 0 0 0 0 0 0 0 0.5 0 -0.5
0.5 -0.5 0 0 0 0 0 0 0 -0.5 0 0.5
0.5 -0.5 0 0 0 0 0 0 0 -0.5 0 -0.5
-0.5 0.5 0 0 0 0 0 0 0 0.5 0 0.5
-0.5 0.5 0 0 0 0 0 0 0 0.5 0 -0.5
-0.5 0.5 0 0 0 0 0 0 0 -0.5 0 0.5
-0.5 0.5 0 0 0 0 0 0 0 -0.5 0 -0.5
-0.5 -0.5 0 0 0 0 0 0 0 0.5 0 0.5
-0.5 -0.5 0 0 0 0 0 0 0 0.5 0 -0.5
-0.5 -0.5 0 0 0 0 0 0 0 -0.5 0 0.5
-0.5 -0.5 0 0 0 0 0 0 0 -0.5 0 -0.5
0.5 0.5 0 0 0 0 0 0 0.5 0 0.5 0
0.5 0.5 0 0 0 0 0 0 -0.5 0 0.5 0
0.5 0.5 0 0 0 0 0 0 0.5 0 -0.5 0
0.5 0.5 0 0 0 0 0 0 -0.5 0 -0.5 0
0.5 -0.5 0 0 0 0 0 0 0.5 0 0.5 0
0.5 -0.5 0 0 0 0 0 0 -0.5 0 0.5 0
0.5 -0.5 0 0 0 0 0 0 0.5 0 -0.5 0
0.5 -0.5 0 0 0 0 0 0 -0.5 0 -0.5 0
-0.5 0.5 0 0 0 0 0 0 0.5 0 0.5 0
-0.5 0.5 0 0 0 0 0 0 -0.5 0 0.5 0
-0.5 0.5 0 0 0 0 0 0 0.5 0 -0.5 0
-0.5 0.5 0 0 0 0 0 0 -0.5 0 -0.5 0
-0.5 -0.5 0 0 0 0 0 0 0.5 0 0.5 0
-0.5 -0.5 0 0 0 0 0 0 -0.5 0 0.5 0
-0.5 -0.5 0 0 0 0 0 0 0.5 0 -0.5 0
-0.5 -0.5 0 0 0 0 0 0 -0.5 0 -0.5 0
0.5 0.5 0 0 0 0 0.5 0.5 0 0 0 0
0.5 0.5 0 0 0 0 0.5 -0.5 0 0 0 0
0.5 0.5 0 0 0 0 -0.5 0.5 0 0 0 0
0.5 0.5 0 0 0 0 -0.5 -0.5 0 0 0 0
0.5 -0.5 0 0 0 0 0.5 0.5 0 0 0 0
0.5 -0.5 0 0 0 0 0.5 -0.5 0 0 0 0
0.5 -0.5 0 0 0 0 -0.5 0.5 0 0 0 0
0.5 -0.5 0 0 0 0 -0.5 -0.5 0 0 0 0
-0.5 0.5 0 0 0 0 0.5 0.5 0 0 0 0
-0.5 0.5 0 0 0 0 0.5 -0.5 0 0 0 0
-0.5 0.5 0 0 0 0 -0.5 0.5 0 0 0 0
-0.5 0.5 0 0 0 0 -0.5 -0.5 0 0 0 0
-0.5 -0.5 0 0 0 0 0.5 0.5 0 0 0 0
-0.5 -0.5 0 0 0 0 0.5 -0.5 0 0 0 0
-0.5 -0.5 0 0 0 0 -0.5 0.5 0 0 0 0
-0.5 -0.5 0 0 0 0 -0.5 -0.5 0 0 0 0
0 0 0 0 0.5 0.5 0 0 0 0 0.5 0.5
0 0 0 0 0.5 0.5 0 0 0 0 0.5 -0.5
0 0 0 0 0.5 0.5 0 0 0 0 -0.5 0.5
0 0 0 0 0.5 0.5 0 0 0 0 -0.5 -0.5
0 0 0 0 0.5 -0.5 0 0 0 0 0.5 0.5
0 0 0 0 0.5 -0.5 0 0 0 0 0.5 -0.5
0 0 0 0 0.5 -0.5 0 0 0 0 -0.5 0.5
0 0 0 0 0.5 -0.5 0 0 0 0 -0.5 -0.5
0 0 0 0 -0.5 0.5 0 0 0 0 0.5 0.5
0 0 0 0 -0.5 0.5 0 0 0 0 0.5 -0.5
0 0 0 0 -0.5 0.5 0 0 0 0 -0.5 0.5
0 0 0 0 -0.5 0.5 0 0 0 0 -0.5 -0.5
0 0 0 0 -0.5 -0.5 0 0 0 0 0.5 0.5
0 0 0 0 -0.5 -0.5 0 0 0 0 0.5 -0.5
0 0 0 0 -0.5 -0.5 0 0 0 0 -0.5 0.5
0 0 0 0 -0.5 -0.5 0 0 0 0 -0.5 -0.5
0 0 0 0 0.5 0.5 0.5 0 0 0.5 0 0
0 0 0 0 0.5 0.5 0.5 0 0 -0.5 0 0
0 0 0 0 0.5 0.5 -0.5 0 0 0.5 0 0
0 0 0 0 0.5 0.5 -0.5 0 0 -0.5 0 0
0 0 0 0 0.5 -0.5 0.5 0 0 0.5 0 0
0 0 0 0 0.5 -0.5 0.5 0 0 -0.5 0 0
0 0 0 0 0.5 -0.5 -0.5 0 0 0.5 0 0
0 0 0 0 0.5 -0.5 -0.5 0 0 -0.5 0 0
0 0 0 0 -0.5 0.5 0.5 0 0 0.5 0 0
0 0 0 0 -0.5 0.5 0.5 0 0 -0.5 0 0
0 0 0 0 -0.5 0.5 -0.5 0 0 0.5 0 0
0 0 0 0 -0.5 0.5 -0.5 0 0 -0.5 0 0
0 0 0 0 -0.5 -0.5 0.5 0 0 0.5 0 0
0 0 0 0 -0.5 -0.5 0.5 0 0 -0.5 0 0
0 0 0 0 -0.5 -0.5 -0.5 0 0 0.5 0 0
0 0 0 0 -0.5 -0.5 -0.5 0 0 -0.5 0 0
0 0 0 0 0.5 0.5 0 0.5 0.5 0 0 0
0 0 0 0 0.5 0.5 0 0.5 -0.5 0 0 0
0 0 0 0 0.5 0.5 0 -0.5 0.5 0 0 0
0 0 0 0 0.5 0.5 0 -0.5 -0.5 0 0 0
0 0 0 0 0.5 -0.5 0 0.5 0.5 0 0 0
0 0 0 0 0.5 -0.5 0 0.5 -0.5 0 0 0
0 0 0 0 0.5 -0.5 0 -0.5 0.5 0 0 0
0 0 0 0 0.5 -0.5 0 -0.5 -0.5 0 0 0
0 0 0 0 -0.5 0.5 0 0.5 0.5 0 0 0
0 0 0 0 -0.5 0.5 0 0.5 -0.5 0 0 0
0 0 0 0 -0.5 0.5 0 -0.5 0.5 0 0 0
0 0 0 0 -0.5 0.5 0 -0.5 -0.5 0 0 0
0 0 0 0 -0.5 -0.5 0 0.5 0.5 0 0 0
0 0 0 0 -0.5 -0.5 0 0.5 -0.5 0 0 0
0 0 0 0 -0.5 -0.5 0 -0.5 0.5 0 0 0
0 0 0 0 -0.5 -0.5 0 -0.5 -0.5 0 0 0
0.5 0 0 0.5 0 0 0 0 0 0 0.5 0.5
0.5 0 0 0.5 0 0 0 0 0 0 0.5 -0.5
0.5 0 0 0.5 0 0 0 0 0 0 -0.5 0.5
0.5 0 0 0.5 0 0 0 0 0 0 -0.5 -0.5
0.5 0 0 -0.5 0 0 0 0 0 0 0.5 0.5
0.5 0 0 -0.5 0 0 0 0 0 0 0.5 -0.5
0.5 0 0 -0.5 0 0 0 0 0 0 -0.5 0.5
0.5 0 0 -0.5 0 0 0 0 0 0 -0.5 -0.5
-0.5 0 0 0.5 0 0 0 0 0 0 0.5 0.5
-0.5 0 0 0.5 0 0 0 0 0 0 0.5 -0.5
-0.5 0 0 0.5 0 0 0 0 0 0 -0.5 0.5
-0.5 0 0 0.5 0 0 0 0 0 0 -0.5 -0.5
-0.5 0 0 -0.5 0 0 0 0 0 0 0.5 0.5
-0.5 0 0 -0.5 0 0 0 0 0 0 0.5 -0.5
-0.5 0 0 -0.5 0 0 0 0 0 0 -0.5 0.5
-0.5 0 0 -0.5 0 0 0 0 0 0 -0.5 -0.5
0.5 0 0 0.5 0 0 0.5 0 0 0.5 0 0
0.5 0 0 0.5 0 0 0.5 0 0 -0.5 0 0
0.5 0 0 0.5 0 0 -0.5 0 0 0.5 0 0
0.5 0 0 0.5 0 0 -0.5 0 0 -0.5 0 0
0.5 0 0 -0.5 0 0 0.5 0 0 0.5 0 0
0.5 0 0 -0.5 0 0 0.5 0 0 -0.5 0 0
0.5 0 0 -0.5 0 0 -0.5 0 0 0.5 0 0
0.5 0 0 -0.5 0 0 -0.5 0 0 -0.5 0 0
-0.5 0 0 0.5 0 0 0.5 0 0 0.5 0 0
-0.5 0 0 0.5 0 0 0.5 0 0 -0.5 0 0
-0.5 0 0 0.5 0 0 -0.5 0 0 0.5 0 0
-0.5 0 0 0.5 0 0 -0.5 0 0 -0.5 0 0
-0.5 0 0 -0.5 0 0 0.5 0 0 0.5 0 0
-0.5 0 0 -0.5 0 0 0.5 0 0 -0.5 0 0
-0.5 0 0 -0.5 0 0 -0.5 0 0 0.5 0 0
-0.5 0 0 -0.5 0 0 -0.5 0 0 -0.5 0 0
0.5 0 0 0.5 0 0 0 0.5 0.5 0 0 0
0.5 0 0 0.5 0 0 0 0.5 -0.5 0 0 0
0.5 0 0 0.5 0 0 0 -0.5 0.5 0 0 0
0.5 0 0 0.5 0 0 0 -0.5 -0.5 0 0 0
0.5 0 0 -0.5 0 0 0 0.5 0.5 0 0 0
0.5 0 0 -0.5 0 0 0 0.5 -0.5 0 0 0
0.5 0 0 -0.5 0 0 0 -0.5 0.5 0 0 0
0.5 0 0 -0.5 0 0 0 -0.5 -0.5 0 0 0
-0.5 0 0 0.5 0 0 0 0.5 0.5 0 0 0
-0.5 0 0 0.5 0 0 0 0.5 -0.5 0 0 0
-0.5 0 0 0.5 0 0 0 -0.5 0.5 0 0 0
-0.5 0 0 0.5 0 0 0 -0.5 -0.5 0 0 0
-0.5 0 0 -0.5 0 0 0 0.5 0.5 0 0 0
-0.5 0 0 -0.5 0 0 0 0.5 -0.5 0 0 0
-0.5 0 0 -0.5 0 0 0 -0.5 0.5 0 0 0
-0.5 0 0 -0.5 0 0 0 -0.5 -0.5 0 0 0
0 0.5 0.5 0 0 0 0 0 0 0 0.5 0.5
0 0.5 0.5 0 0 0 0 0 0 0 0.5 -0.5
0 0.5 0.5 0 0 0 0 0 0 0 -0.5 0.5
0 0.5 0.5 0 0 0 0 0 0 0 -0.5 -0.5
0 0.5 -0.5 0 0 0 0 0 0 0 0.5 0.5
0 0.5 -0.5 0 0 0 0 0 0 0 0.5 -0.5
0 0.5 -0.5 0 0 0 0 0 0 0 -0.5 0.5
0 0.5 -0.5 0 0 0 0 0 0 0 -0.5 -0.5
0 -0.5 0.5 0 0 0 0 0 0 0 0.5 0.5
0 -0.5 0.5 0 0 0 0 0 0 0 0.5 -0.5
0 -0.5 0.5 0 0 0 0 0 0 0 -0.5 0.5
0 -0.5 0.5 0 0 0 0 0 0 0 -0.5 -0.5
0 -0.5 -0.5 0 0 0 0 0 0 0 0.5 0.5
0 -0.5 -0.5 0 0 0 0 0 0 0 0.5 -0.5
0 -0.5 -0.5 0 0 0 0 0 0 0 -0.5 0.5
0 -0.5 -0.5 0 0 0 0 0 0 0 -0.5 -0.5
0 0.5 0.5 0 0 0 0.5 0 0 0.5 0 0
0 0.5 0.5 0 0 0 0.5 0 0 -0.5 0 0
0 0.5 0.5 0 0 0 -0.5 0 0 0.5 0 0
0 0.5 0.5 0 0 0 -0.5 0 0 -0.5 0 0
0 0.5 -0.5 0 0 0 0.5 0 0 0.5 0 0
0 0.5 -0.5 0 0 0 0.5 0 0 -0.5 0 0
0 0.5 -0.5 0 0 0 -0.5 0 0 0.5 0 0
0 0.5 -0.5 0 0 0 -0.5 0 0 -0.5 0 0
0 -0.5 0.5 0 0 0 0.5 0 0 0.5 0 0
0 -0.5 0.5 0 0 0 0.5 0 0 -0.5 0 0
0 -0.5 0.5 0 0 0 -0.5 0 0 0.5 0 0
0 -0.5 0.5 0 0 0 -0.5 0 0 -0.5 0 0
0 -0.5 -0.5 0 0 0 0.5 0 0 0.5 0 0
0 -0.5 -0.5 0 0 0 0.5 0 0 -0.5 0 0
0 -0.5 -0.5 0 0 0 -0.5 0 0 0.5 0 0
0 -0.5 -0.5 0 0 0 -0.5 0 0 -0.5 0 0
0 0.5 0.5 0 0 0 0 0.5 0.5 0 0 0
0 0.5 0.5 0 0 0 0 0.5 -0.5 0 0 0
0 0.5 0.5 0 0 0 0 -0.5 0.5 0 0 0
0 0.5 0.5 0 0 0 0 -0.5 -0.5 0 0 0
0 0.5 -0.5 0 0 0 0 0.5 0.5 0 0 0
0 0.5 -0.5 0 0 0 0 0.5 -0.5 0 0 0
0 0.5 -0.5 0 0 0 0 -0.5 0.5 0 0 0
0 0.5 -0.5 0 0 0 0 -0.5 -0.5 0 0 0
0 -0.5 0.5 0 0 0 0 0.5 0.5 0 0 0
0 -0.5 0.5 0 0 0 0 0.5 -0.5 0 0 0
0 -0.5 0.5 0 0 0 0 -0.5 0.5 0 0 0
0 -0.5 0.5 0 0 0 0 -0.5 -0.5 0 0 0
0 -0.5 -0.5 0 0 0 0 0.5 0.5 0 0 0
0 -0.5 -0.5 0 0 0 0 0.5 -0.5 0 0 0
0 -0.5 -0.5 0 0 0 0 -0.5 0.5 0 0 0
0 -0.5 -0.5 0 0 0 0 -0.5 -0.5 0 0 0
0.37789458741705589 0.38225019612860772 -0.39010004051742109 -0.49767909209476108 0.38475954222551079 0.38397621793803832 0.042270464961694537 0.047514775816005848 -0.05049807677681712 -0.048682818306897538 -0.054708134206686368 -0.061504537484893484
0.44405542971536316 0.44298814946602993 -0.44444160250613884 -0.0030392745976008709 -0.4428697405274255 0.44342155486239787 -0.05249586875929084 -0.052428576405597983 0.052054413939099979 0.052547718771781472 0.051270205341429662 0.051752164960726259
0.38800056193913096 -0.38775022493053807 0.38080068169301756 -0.49783901851450557 0.3804667062525906 0.38017240043071515 0.049100451244388936 0.050888836485314316 -0.055641857572547866 -0.055581435265790929 -0.058228146840003533 -0.04888919631118812
0.38480247371445536 -0.38500739931027117 -0.38234811560088744 -0.49763627546536943 -0.38248775627767601 0.38476551116336399 0.050005878110517842 0.049858211681640209 -0.047203820026891663 -0.047449144793725702 -0.047404165206667154 -0.061723790311547504
0.38361765376263873 0.3817199875756952 0.38384102496263267 -0.49767850180560869 0.37956726818738235 -0.39011300639187046 0.051336085252353093 0.049133706085690058 -0.042572954881205681 -0.053293200559824914 -0.06119833434994764 -0.04901715826623574
0.44269903019656526 0.44315558205208999 0.44450155546751324 0.0039944054067625138 -0.4439594555038629 -0.44344872274739439 -0.052506248250397236 -0.052440841714894111 0.051617104953421707 0.052358691219582656 0.051055729381421257 0.052601799172193944
0.38153307028966471 -0.38386064241800499 -0.38280012652523848 -0.49786099395643879 0.38411630096322869 -0.38294403635706309 0.055676438966876407 0.056221812207204222 -0.056010422043245509 0.052859279400812184 -0.056375399500595197 -0.05585996035311018
0.38236660241892911 -0.38712375214848738 0.38229978711222451 0.49747617828095175 -0.38465763126166391 -0.3846173768817146 0.042174895623290846 0.047253544580203935 -0.044826679925964293 -0.044775858351372808 -0.064426505961001912 -0.047186694268022029
-0.44469145994995984 0.44364710187869605 -0.44409835645354756 0.0060853707519057509 0.44266925635546872 0.4426637572069308 -0.052298874838084333 -0.052014123865353916 0.052331783701985476 0.052047380150250289 0.052105622587303654 0.051535593248358928
-0.38233110255430447 0.3845270533382959 0.38308386755379387 -0.49789816276379167 -0.38426815681152032 -0.38112781222984699 0.055978663868240013 0.055335700290665528 0.053432301298489839 -0.055884234764834145 -0.05531787728440641 -0.056141259452604675
-0.38547752121721668 -0.38922346219673487 -0.37582314147776524 0.49741347398762631 0.38340677957756203 0.38827255265923372 0.041030465063472729 0.037013073040784661 -0.051013062713407477 -0.067368231775857379 -0.043125772013404451 -0.037928030420788718
-0.38212970540116198 -0.37770744096904474 0.38444494923799571 -0.49767818454182861 -0.39045776177264491 0.38427147486005897 0.054698724949328606 0.048202807726438104 -0.047790213063688296 -0.041900603002321041 -0.061603015286131643 -0.050603311460661403
-0.38107341946776296 0.38597848960528153 -0.38123010119672379 0.49764410126413794 0.38401741710972415 -0.3870202308466707 0.05118983281954962 0.048283366078711545 -0.04619165112411721 -0.045102467545100083 -0.051351159387746252 -0.061701312958504007
-0.38579536909350265 0.38095087291818108 0.38410242562733976 0.49764021797331742 -0.38124033027177412 -0.38727671188899049 0.051112707948659589 0.046318275236641442 -0.061780802375600942 -0.048091780393362649 -0.04472827482634921 -0.051402993171676153
-0.38590921330673345 -0.38260658692617272 -0.38558133472373896 -0.49751188681946684 -0.38081947841593283 -0.38592036217981057 0.043758985356251043 0.064136620204197484 -0.043784696784702364 -0.047250517601213689 -0.044126793552862718 -0.049112061448325195
-0.38233207961699722 -0.38386194157736486 -0.38228197918845197 0.49787631363949653 -0.38475906258852743 -0.3820996282328526 0.055926388579349874 -0.052556604510641966 -0.055442557279489942 -0.056168729522890155 -0.055500695857601923 -0.056684257754841039
0.44347648403647583 -0.44393997720837786 0.44370739383499375 0.00050095992846509998 -0.44292406729892891 0.44377332280710896 -0.052446230322619684 -0.052487731152752112 0.052443753472951021 0.052581329174390339 0.050206675165164694 0.052071953357395707
0.38018608005051774 0.38299701474370496 0.38451782135223767 -0.49785622233741583 -0.38674087625459108 0.38162141209903105 0.05623532230843984 0.055041090321428433 -0.053624963371585642 -0.057859348393371132 0.049303936261973789 -0.054840664785452395
0.38608980306807023 0.38423698911276133 -0.37909823314889085 0.49791882126044312 0.38299827489169147 0.3832902405969143 0.054703452696231149 0.055214749258973794 -0.05505589495987924 -0.055284790078333132 -0.056408669689350155 0.052423813701270909
0.4440645498069789 -0.44339548083754077 -0.44279173079272394 0.00027429029802209431 0.44363054691040055 0.44386557451750058 -0.05251629758062798 -0.052513207336259908 0.052593891860775246 0.051444748725612013 0.052203086794000125 0.051617635848334301
0.38337433061229054 0.38428350013413343 0.38329842188716368 0.49791149682196251 0.38549656972232121 -0.37912054161394643 0.055438094285223449 0.054909003917270306 -0.055004088875543325 -0.056173776886730274 0.053051952533440701 -0.055614307895615264
0.44357953095532637 -0.44352019374620449 0.44381055294294719 0.00077141582034541845 0.44379670405621174 -0.44303491513103227 -0.052498600774764918 -0.052478062144129485 0.052556015518183286 0.052065492943455541 0.05119686614663 0.052144658394047333
0.38383491664350056 0.38235801668901903 -0.38466451556470704 0.49787413532964775 -0.38241000248024326 -0.38204553629866717 0.0554952005858112 0.056144538145317939 0.052716678520883763 -0.056622230756251675 -0.055525173808248895 -0.05595856755878198
0.44322973369654967 -0.44321275475167998 -0.44416647840236334 -0.0026174329606639588 -0.44419997170090486 -0.44286717654400598 -0.052586686850617466 -0.052182143916430682 0.052253638288977396 0.052050482909628167 0.052051003561319253 0.052314974404721389
-0.4425063498972629 -0.44285526659811103 0.44783921775113095 -0.011843530636287054 0.4425824283630404 0.44252213878156188 -0.051488754108813935 -0.051021773762730031 0.051296447916929284 0.050568800932879104 0.050893572597952415 0.051274376051460846
0.44319561456734818 0.44246442030903738 0.44269088222574388 -0.011290132129192366 0.44746315842315104 0.44246778262879866 -0.051852888880874873 -0.051093008019193517 0.051755648425091325 0.051296117289878519 0.049859341525236196 0.051030114688266057
-0.3848844318136837 0.38485647255702427 -0.38108920440315386 -0.49790361582193815 -0.38142593391859275 0.38323154878782545 0.056171462400744075 0.055617109470133118 -0.054994577083476 -0.054891710937436208 0.053023622766274627 -0.056238867357965128
-0.38305134104689131 -0.38037409180766235 -0.38682139575448959 -0.49785803026264025 0.38450411213630742 0.38139093804024515 0.053572285614250363 0.054147844016719064 -0.05808447471159512 0.04853002636567981 -0.055729991673350195 -0.056165555220237813
-0.38436295765551859 -0.38333115600694928 0.38565816440802059 0.49791427602461524 0.38327507494553409 -0.37898596138839719 0.056138610654971617 0.055241035138989779 -0.055357100512985417 -0.054882779723438149 -0.055308521079854581 0.05294031930476787
-0.44313591231653632 0.44314998975864056 0.44394572865351567 -0.0018390659955461871 0.44398010853843867 -0.44352033226963661 -0.052461608815986688 -0.052134550020789518 0.052062560338854744 0.052485149621782058 0.052199921118304356 0.051658214588306821
-0.44306429152138221 -0.44258703886112333 -0.44400903033808531 0.0042879784361913682 0.44455235354851791 -0.4435080389372873 -0.052556229020188756 -0.051880392284189975 0.052546242853516924 0.05182196431630115 0.052409178630456757 0.051721245554545887
-0.44413351987787725 0.44415093014302381 -0.44312486040112814 0.0017859100955998628 -0.44315004186625839 -0.44317253094355635 -0.052575134112490901 -0.051965846905161893 0.051557748965316223 0.052541123121506106 0.052238701864774174 0.052119454748946407
-0.37910806079116582 0.3791083523488506 0.38720598167704606 0.49794281384290984 0.38749314680968716 0.38348980401874877 0.051844044210489999 -0.050056415016568989 -0.055789047508287629 -0.052453074066275696 -0.056019333613363323 -0.057163717195699959
-0.44355604078290251 0.44475380959641436 0.44269017574927799 0.0064629243525523017 -0.44409864924878123 0.44271536234516889 -0.052281299216631667 -0.052094394433752321 0.052133045463663229 0.052281965552281096 0.050816444938282364 0.052292394386401042
0.44390004548894613 0.4443182216351963 -0.44300858043678598 -0.0021744125351853124 0.44347763100178617 -0.44302440792580944 -0.052490619072734238 -0.052458912723105593 0.052113993956988736 0.05205330223605048 0.052209350672688365 0.051684314430674005
0.3825444729004786 0.38584320693003638 -0.38098208983823184 -0.49751768780568001 -0.38539627115543462 -0.38598916510489517 0.04449143019171823 0.047476729962137532 -0.063981488020357954 -0.049104914790174141 -0.043843909074028187 -0.043987304829837086
0.38932725815978064 0.38554980775280401 0.38298780086703965 0.49742974101508924 -0.37617191045957976 0.38790611009205445 0.041441375889791285 0.044195440956771324 -0.039041661885667329 -0.051252625806106102 -0.066769575829997291 -0.037460493354450446
-0.4443409609390449 -0.44397706732969006 0.44350846763080681 -0.0023629907254857207 -0.44295792464182426 -0.44295922794876302 -0.052513406345563396 -0.05206606234209938 0.052047065855217199 0.052528262698723516 0.051579147468535931 0.052138971125759985
-0.38049817221664389 0.38063778525765229 -0.38722654938199208 0.49765312282979363 -0.38697838818236618 0.38396578320651387 0.051670403649827133 0.044817607918761368 -0.048304496125444539 -0.045121110049821056 -0.061796106958960602 -0.051812587520394839
-0.38917701634879193 0.39000751921689136 0.3784874334531666 -0.49773849718014618 0.37826365631917747 0.3831347235481819 0.049703149412786959 0.061947487109855565 -0.04346632578368298 -0.042691546998680004 -0.052220260353911759 -0.053072464501363111
0.37975877557413806 -0.37994697421229601 0.38547128642226353 0.49792383817299718 0.38534173834969582 0.38542679702018368 0.054525296629643075 0.054898847916452047 -0.054773251224165063 -0.054730677788253412 0.053925453517163692 -0.054542043927802
-0.38163692029689661 -0.38352381842165578 0.37928296415961282 -0.49767872744455388 0.38406437221299894 -0.39033565737935594 0.053593387008917422 0.04856470309516351 -0.049416442637519382 -0.042364444978397649 -0.051386665246493761 -0.061217561268499171
0.38733719391597299 -0.38248484692631884 -0.38464288508665195 0.49747402619248304 0.38228806735759402 -0.3843278820672707 0.041918050575750779 0.047034897984447696 -0.044764697708498523 -0.064459740776075344 -0.047230866137896621 -0.045094359606528737
-0.38444271939060215 0.382242651279811 -0.3842491585138218 -0.49789744737933311 0.38312562337305972 -0.38126449118513506 0.056064219887450195 0.055465957080604929 -0.055713460732237659 -0.055314384031594825 -0.056140393389064465 0.053498858839754929
-0.38424413528217694 -0.38623713117223224 0.38307196462366777 0.49791345006124554 -0.37893260901936177 0.3832814602657838 0.056434550722647414 0.055146650652305361 -0.05519473440626866 -0.054680985117511613 0.052304611042796392 -0.054977599451979192
0.38391838759274455 -0.38158784001062857 0.38416523759095955 -0.49785591683111502 -0.38273679188436177 -0.38285335894668415 0.055652167598418796 0.056381855579728704 -0.055765637776410769 -0.056020837101660018 0.05292807555231193 -0.056251247840221924
0.38255367873397228 -0.38249082569331805 -0.38375132354479785 0.49789257134631343 -0.38359097887244287 0.38277069161502475 0.056108521079762885 0.056049715317369408 -0.055760404976802881 -0.055893446417515008 -0.0557598086085936 0.053886229177494291
-0.4430465092275514 -0.44396776093356299 -0.44291652854924962 -0.002842717721773011 -0.44437487161881206 0.44343150832338929 -0.052507956285223853 -0.052114348090386328 0.052547472376118932 0.05189291337442397 0.051685104693721617 0.052156537438961467
0.053689958310499331 -0.054917907616935747 0.054389391840307048 0.055145507057584982 -0.054447521591619898 -0.054908267170516022 0.37793296138075155 0.38534777764984568 0.3836446526423557 -0.38302003050170713 0.49788896896627971 0.38602526701299272
0.05159671492042512 0.051840108965726772 -0.051072979256655153 -0.051577530128430152 0.051541641713207825 0.051594816534346138 0.44273010909272614 0.44587146616713652 -0.44309520266051727 -0.44332759973153651 -0.0035718210518637448 0.44313241171734519
0.05412229843959062 -0.055723983186905357 0.05580393069553892 0.055832171349292199 -0.055446266323959985 -0.055463056054051676 0.38196112064627447 -0.38176299422972992 0.38380608117580278 0.38401396770140961 0.49788719692881273 0.38377218213816217
0.051172363187320893 0.052344434333692083 -0.051921871753068678 -0.052366959774101482 0.052416685826256436 0.051987961417433323 0.44306569150895353 -0.44317870603231557 0.44389571210516227 -0.44378734157228261 0.00072515331350826002 0.44390010928944523
0.051485433276048841 0.052380521847220501 -0.052406724711810106 -0.052388190353664814 0.052155685889450853 0.051549388032654915 0.44306380757262182 0.44354827407035857 0.44367144020772764 -0.44383771343933021 0.002987139688702459 -0.44367915669837799
-0.059682741185984302 -0.050287377418543402 0.049469808913374248 0.054754789404906516 -0.046357665932272786 -0.053631260230448959 0.38835826893725423 0.3809957837429086 0.38386264086905719 -0.38525988717507759 -0.49777242503292052 0.37934869016448103
0.052402868974180714 0.052315022931622407 -0.05143580550856796 -0.052427899300121886 0.052351603471778078 0.051157920766539404 0.44317667125840732 -0.44313373124738797 -0.44384209864355006 -0.44382026353428145 0.00073910468850267889 -0.44386831481619965
-0.05173729354297988 -0.050597378478988313 0.060853344902848994 0.047115110224600194 -0.050566572701056835 -0.047016847346765658 0.38602568976859492 -0.38594606241880508 -0.38265126416696155 0.38154363371014993 -0.49768876098028325 -0.38263664080180843
-0.054531666231813332 -0.054653046543769554 0.054545488239563858 0.054391117567607596 -0.054385343440088302 0.054951929826985713 -0.38381970109793867 0.38382518977891877 0.38501064768807791 0.37828652353812625 0.49790652040311895 0.38502483388436748
0.051937041566540117 0.051172245300490318 -0.051990141656526663 -0.051828589223220096 0.051442979593910337 0.05146005954021337 -0.44369436179945737 0.44547461370170466 -0.4430619202993164 0.44285712832186747 -0.0014049502689438358 0.44301202726464173
0.05351168965528174 -0.055260425767935231 0.054263059894971363 0.05430433420580099 -0.055129341915466229 -0.054843252030162791 -0.38543297935274845 -0.37777240438507254 0.38608884956675682 -0.38308257763387576 0.4978901889289381 0.38361470909299278
-0.05985476687546603 -0.054016060601814089 0.04956966774284819 0.051180265308601182 -0.051891484585708428 -0.046328631371700325 -0.38142894243518782 -0.3882721292631055 0.37952436962654867 -0.38517360468394629 -0.49777347152610935 0.38362073194018836
-0.054400735419608673 -0.054470469757753458 0.054906665894642416 0.054840199859356238 -0.05507027460869756 0.053678498713328034 -0.38538610022679165 -0.37769335192043973 -0.38366275039825309 -0.38317416529432968 0.49788607407809665 -0.38607307336089997
-0.052850509849551378 -0.054380830559497113 0.050793530967603549 0.054946101250475693 -0.05736159152205525 -0.050895240697449856 -0.37878610974666294 0.38272343113794416 0.38698645981458119 -0.38154973419904914 -0.49787222576776341 -0.38677926485371067
-0.068864798249096415 -0.043183118202716961 0.03598076876418585 0.043115188067333096 -0.039867409442975503 -0.038448612174126699 0.3849424376783725 0.38627754077675919 0.38178633317492233 0.38861670985714175 0.49717611108533816 -0.38185437137743511
-0.046096227919798213 -0.049121085194423833 0.053349287707224954 0.050727272963380012 -0.055085615293310596 -0.059730355988229893 -0.38104840169905591 -0.38858022941272169 -0.38367899075889705 -0.38528304709982536 -0.49776826727358897 -0.37923922824030709
-0.060793066344310899 -0.05071137315152878 0.051803692208900347 0.050591375091506276 -0.047171190349479412 -0.047095597988380221 0.38594597795858621 -0.38601224711162213 0.38258483276656002 0.38153832030415891 -0.49769187407940729 0.38268359637926336
-0.052868212297807068 -0.053268866776863717 0.049713115693885118 0.05135444541726622 -0.059153113376476774 -0.049816845168595685 0.3820353127498598 0.38167648258081494 -0.38520271400749045 0.38363380073428655 -0.49777435996518976 0.38511640216106197
-0.055827158930753254 -0.05572522236759829 -0.054095626808850321 0.055455686550050481 -0.055849368468421916 -0.055485146693658768 0.38186881766552788 -0.38190470479775357 -0.38377245423317702 0.38401792596423445 0.49788754776085559 -0.38374540086887043
-0.044899654613588892 -0.04406095980421882 0.064866904446084533 0.04821987013687519 -0.044123541787269349 -0.042413287054570106 0.38646844896671861 -0.3809644165034356 -0.38485861431815843 -0.38411187947333725 0.49744947560415309 0.38491322317481752
0.051784610979876626 -0.056367617475855863 0.055768962035016571 0.056304619211538634 -0.056048360416356247 -0.056017651129488991 0.38288984883095423 0.38321570182126646 0.38389676215426127 0.38168050180110941 -0.49771105537747584 -0.3838610790357917
0.051477940716500983 0.052140279037590713 -0.052122327409240589 -0.052493641106619193 0.052528122444303514 0.051972704010155885 0.44310783333554715 -0.44414549747582732 0.44333051859412781 0.44392103076394446 -0.00055233199014307645 -0.44326156804664602
0.050742475674212188 0.051442935755320489 -0.051158408710202788 -0.051620404051375184 0.051266664554019868 0.051251971304499037 0.44256761799479222 0.4432820082994896 -0.44682173818560794 0.44275130107484822 -0.0051759764394027248 -0.44291278457463129
-0.053395705278532532 -0.049252011938473499 0.046204739827936006 0.055065972137358331 -0.05073022046784692 -0.059685906218684047 0.38852639577671011 0.38104535517133964 -0.37928328369323316 -0.38520462333607375 -0.4977706166759559 -0.38374172977472298
-0.053467048821752683 -0.051211563886156497 0.053339988187845085 0.054256347997413516 -0.054197557824896783 -0.057502992231811531 -0.38390500213044099 0.38374523692340096 0.38125469606885193 0.38635162883421065 -0.49786601387323526 0.38124667305740495
0.051515783857281547 0.052093756803721428 -0.052073406180962685 -0.051948800856493865 0.051946624348213878 0.051917606526154514 -0.44339701557816552 0.44356879777602337 0.44356518079829599 -0.44364204978061927 -0.012822406343531913 0.44355519779013602
-0.043003398811144261 -0.068894294539338097 0.043174403925119106 0.038412047644002217 -0.039880919809928111 -0.035980752821717761 -0.38629893139516247 -0.38491206287553736 -0.38192820710457509 0.38858379537286863 0.49717734229508143 0.38176389998187821
-0.053984326712469208 -0.053780053207231844 0.052973584194313618 -0.054444997555981776 -0.053267983385324971 -0.053427087299087191 -0.38512938529987478 0.38767852386773494 -0.37902016429863511 -0.38608711404890528 0.49790519717907705 0.37879096743022361
-0.049594858541588481 -0.059153087770489117 0.049739695339443786 0.053262675952915124 -0.052993730313479523 -0.051389834904563871 -0.38172280037280931 -0.3819952485202881 0.38528683786902373 0.38350813675722573 -0.49777394091082172 -0.38515589159032448
-0.05542483289969545 0.054639265453800538 0.055415461010265551 0.0556690964705664 -0.055550507141221381 -0.05550498942577517 -0.38412386062056297 -0.3835499882436692 0.38236159842552903 0.3828916927870471 0.49791173284919843 -0.38238957413685609
-0.054462521357958447 -0.054592906875111882 0.054464210462737569 0.054276689382239181 -0.054269530293644626 0.054970380758576992 -0.38387430634557818 0.38389959636987941 -0.38511487347779555 0.37800378921495487 0.49790348015858105 -0.38513325644721214
-0.053426142269521942 -0.05126353305322813 0.053540255190081626 0.054238282553594447 -0.05424468806353 -0.05745173671671952 -0.3837461674969852 0.38387643980604191 -0.38119161566827925 0.38641639108823544 -0.4978689591340173 -0.38124236557944718
0.049581753132419019 0.051729363316713996 -0.051838391414071601 -0.051279556041947227 0.051197114786198837 0.051172733760980853 0.44256099805171711 0.44330423618900083 0.44290514897739219 0.44281051674292299 -0.0052302022737629079 0.44682967138229734
-0.053037418385588599 -0.053770111634167214 0.053972962993567089 0.053319227943411401 0.05440322367494637 -0.053465402058314314 -0.38765345702301995 0.38520515747366324 0.37877527152664248 -0.38605649278210868 0.49790509118483811 -0.37900330965082279
-0.055564736179653823 -0.055685884253450106 0.055490615664386705 0.05545099034965624 0.054631904355250102 -0.055436442582484848 0.38350356401448571 0.38411463556464909 -0.38246842056513719 0.3827903073608423 0.49791330771851555 0.3824298190282453
-0.054913768309365507 -0.05448026102982275 0.054401319846928205 0.055069778577386264 -0.054837991932663255 0.053683616528292427 0.37767009619116065 0.38540917849677686 -0.38605077322477876 -0.38322742446178171 0.49788854256010889 -0.38362568142068343
0.051240927346641291 0.051682365316183192 -0.051906708312981172 -0.051986882405058547 0.051659842623913314 0.051427220501895271 -0.44544474340584167 0.44369752412322533 0.44304605311867884 0.44285573506741116 -0.0013728860222619475 -0.44304791546544253
-0.05090468566095635 -0.054329901735211447 0.052944259846103577 0.05730869948887847 -0.054939880151580543 -0.051010792765772112 -0.38284975590431997 0.37872663146016822 -0.38672946548571424 -0.38154898308069035 -0.49787366553617801 0.38694161301856883
0.052096346601166021 0.052038066898130286 -0.0516087554355227 -0.052494071028423982 0.052152185555646921 0.052442986150254486 0.44413205397818345 -0.44311763631779089 -0.44332008306879994 0.44387545706935988 -0.00050729323834757954 0.44331016918761634
0.052082186508787667 0.052066872272246843 -0.052080995895048207 -0.051941317256272983 0.051936899737870135 0.051297963940068768 -0.4434301180746848 0.44341134322516496 -0.44357005114442494 -0.44373564634619339 -0.013206761946239402 -0.44357999486182204
0.050725646620097035 0.05019356874252115 -0.051683303273133835 -0.051542982420006447 0.05167464071652212 0.051536396979816976 -0.4432266566472372 -0.442608922293454 0.44674903454498172 0.44288179546201889 -0.0051183831090394812 0.44288338547568229
-0.042559895245970598 -0.045126764367747943 0.048094163840768193 0.044180816719168153 -0.044277228102709676 -0.0647763986038776 0.38116844618749818 -0.38641412918139095 0.38489440444101719 -0.38399092344162966 0.49745562842633018 -0.384799538512829
0.051659897394146642 0.050105708362306385 -0.050906803247115488 -0.051714340745224421 0.051553120664101212 0.051039721524188481 -0.44330469622987329 -0.44251747722168411 -0.44286738305487766 0.44280981563744692 -0.0052511872262759199 -0.44689106256399347
0.052035855191760405 0.051945941440373872 -0.05201485900634812 -0.052170871073937447 0.052435719979173685 0.052033268951330529 -0.44352064635323529 -0.44304245561216954 -0.4436546275806883 -0.44385652611172838 0.0030100645786036067 0.44369504362548956
-0.055761536940626119 -0.056099186692829338 0.056198695753640886 0.055923645160918058 -0.055995504720293819 0.053354234439339031 0.38376860512545025 -0.38204854019278434 0.38295008453753565 -0.38354595266840125 -0.49779083229360349 -0.38299113144026287
0.0516577607142783 0.051593823226462394 -0.051741116952944866 -0.051845180767141334 0.051786187071811714 0.050792434868212631 -0.445706053221888 -0.44275181289137422 0.4430973115428174 -0.44333938168540121 -0.0033556334210692166 -0.443241985575278
-0.056372025213465127 0.051713260175887954 0.056392156786200097 0.055995365863918053 -0.055895808454773682 -0.0558531604674549 -0.38325309552518688 -0.38288137074348694 -0.3838793812169487 0.38167444628151564 -0.49771215037609984 0.38386356172630437
-0.056112780886283097 -0.055994456737960691 -0.053318638232520123 0.056211865590103861 -0.055915058965181168 -0.055776278803854329 0.38207694451078744 -0.38379225926701471 -0.38298090278433522 -0.38350357337974056 -0.49778903878035857 0.38295333775940243
-0.35456054483717825 -0.0094408016045691833 -0.28787168070638575 -0.041958092106572191 0.0082658770590790867 -0.017400862250050737 0.86064394054175319 1.2061016910952407e-05 0.19374382990300992 0.056943977251615784 -0.017989328815829864 0.085936568901804594
-0.34408579609091189 -0.043960269479623726 -0.19919145184045411 -0.0062388155856934876 -0.076209593657763766 -0.0019086023700950296 -0.90684953266271529 0.075710357443043552 -0.044049558150758984 -0.034912368469263183 -0.049399257708460327 -0.020906950489187424
-0.1422438930986587 -0.066601963496760119 -0.58649608553828281 -0.01193498514141283 -0.033207138366507891 0.059887774189378004 0.72554911939280631 0.0010215724415200004 0.30198497142243697 -0.085136652700845097 0.040644160198903448 -0.001950117506841522
0.17990766095062896 0.059404817448850393 -0.84664866755316814 0.0096863308324017447 -0.040799023425503816 0.02198219237093476 -0.48749864772829998 -0.018389107437483794 0.075254260685537921 0.022773314254781896 0.002776337801054028 -0.029429685223545016
-0.41050869247892108 0.065596204477349776 -0.0040786063978993977 -0.12487447420446059 0.062567428630338276 0.030869679069226223 0.64773948470779363 -0.024964852388381035 0.61417463819963636 -0.07869033797940285 0.042272133325383994 -0.036367418784342728
0.49866459293713739 0.074364624615546743 -0.54424453423830965 -0.0037882795215365265 0.0028805878005453019 0.087972450843047667 0.52543822282329589 -0.090162230735868876 0.33838875973172733 0.055097303763901484 0.15704962185803475 -0.12416847094838201
-0.32850679699544105 0.081666751174271759 -0.82995785336191386 -0.073464951039808477 0.031670418083162462 0.062375824110175171 -0.40955559461221308 0.03308188430658484 0.071633142911663034 0.093020833632449521 -9.3001887977212715e-05 0.060650988674423513
-0.77425922486182952 -0.015849997118482492 -0.082906471883043398 0.097657778257594544 0.049691270975381681 -0.064449151428005461 0.58466326032850902 0.066067608849433634 -0.095715890822743371 -0.022089854857273074 -0.016615101675711556 -0.14531475519752363
0.098807299564968365 0.012280196206890236 -0.45310571755121326 0.038867192883700254 -0.071875062641341775 -0.028887499086146497 -0.24877802560946549 0.10404649226952505 -0.83717569391242275 0.02945379366518051 0.049320320705284491 0.0197740002823267
0.39860753966388784 -0.033820960867919241 -0.76909981491314605 0.025863711066854499 -0.040333636684184528 -0.011009018204540616 -0.39760851576709477 0.035494041183949547 0.29180325636482379 -0.024286755394181861 0.030473535315697124 0.0040905148916612804
-0.12770445018751767 0.0052603664355874748 -0.18575373235814313 0.056345195495233313 0.028433243676205262 -0.032017278296055884 0.92190555191095591 -0.056021818156381901 0.26288120060325826 0.038676785911031838 0.13548448735201615 -0.046307233620732705
0.80756161849480512 0.0081616365167003716 -0.089868559142909504 -0.031155335439878001 0.027162688913925103 0.0022671460714309317 -0.51129680461471205 -0.052254464237588838 -0.25736934676035511 -0.031319029329562161 0.050513179452625061 0.06372802024148036
0.64087894048944494 0.026405859629531559 -0.31598158765254314 0.0040201203843152986 0.065279351363637994 0.15723678488298554 0.67359552457934124 -0.020690604651384226 0.028057337230995637 -0.035605254549104445 -0.0577303798859755 -0.013594555391526535
0.11506513905528837 0.10799202707195925 0.030606716310957897 0.079842977990485342 0.10396784341999592 0.0046356633276685112 0.94574492585921499 0.042054173341953084 -0.24560403021589897 0.015598509544429295 0.0013457267881807336 -0.013666725381012785
-0.3282403671050193 0.023812768438326127 0.71694784660879485 -0.14611739104872232 -0.0015501511754719209 -0.25138106034392804 0.43064231533997022 0.10297275943659945 0.27073278257227995 0.047201912429191195 0.097415202615447394 -0.10982573252939348
-0.16173427418398739 0.034567663763223608 0.67784997000000835 0.026719360379615746 0.17271986443898527 -0.0061812199703034035 0.67634438595092938 0.085703517770131049 -0.090505217497875448 -0.055513778997573246 -0.080011854761356263 0.010979242008634149
0.60902192147921552 0.014901667043496727 0.094815727278479464 -0.020800796289649766 0.030773834258290313 -0.1171554855988771 0.12746233409516577 0.0015427959302090103 -0.75166468299590561 0.11933679449912198 -0.076102962712904385 -0.059104598636488759
-0.46090475384366153 0.042617163865449406 -0.34085694843186215 0.025663784446779608 0.022549299793236229 0.0099664421474752272 -0.50186347662225639 -0.023493330563508982 0.64216032499089715 -0.049540604168647841 -0.031919851844945904 -0.0062272038481114697
0.26852918334106157 0.0083526941411723073 0.24630773477449644 -0.03542684374887542 0.03136009896451443 0.018887851494719343 -0.52928599815026156 0.051114649736257969 0.76091876348418508 -0.025511493550133723 0.0018472915692373084 0.046384839319374344
-0.70656997234766972 -0.094918806732958619 -0.61865844199602815 -0.027049789466616694 -0.02759241138656731 0.028971213939641981 0.12809518209322146 -0.059439431967139321 0.27064728719346831 0.089396005824189023 0.057100974714170638 0.047277055266999615
0.018133876175159484 0.088398816031056052 -0.86826221569430717 0.067493580516565024 -0.0078410032708455361 0.10163433708970257 0.41880303143497649 -0.097947344094246089 0.11502708849044992 0.10948139331592786 -0.10148409150576887 -0.050249822744966983
-0.52699399521622392 -0.10253988639950372 0.65903525079086767 0.089880573257984916 0.054850106798586359 0.016630361448657364 -0.035672160720225436 0.016411657437295325 -0.50154691431213316 0.061281098587874297 0.071677835802835793 0.063934187532948467
-0.5091406121844021 0.0075184044930446513 -0.15897171295955645 0.17151127588219478 0.017231555018143205 -0.18047687046153324 0.38213785121044669 0.18049560359454961 0.65703353353416039 0.084335689062213906 0.0034580124514741041 -0.18904187194801275
-0.82468566239016805 -0.056760716180397137 -0.057779927882768742 0.014122370963279895 0.031407127821738462 -0.015509993860535949 0.43594114571057047 -0.012744306140416045 -0.32093904932054901 0.038797608276961347 -0.041658690035837775 -0.12432689261263125
-0.29201614809016868 0.0025940782538119173 -0.84858333798775398 -0.0098390878402467939 -0.0091490286339711985 -0.0392986010006766 -0.40842699252362719 -0.012740742071051223 -0.15072509591317079 0.03471052445434121 0.010327408318966329 -0.043552278334648392
