1 0 0 0 0 0 0 0 0 0 0 0
-1 0 0 0 0 0 0 0 0 0 0 0
0 1 0 0 0 0 0 0 0 0 0 0
0 -1 0 0 0 0 0 0 0 0 0 0
0 0 1 0 0 0 0 0 0 0 0 0
0 0 -1 0 0 0 0 0 0 0 0 0
0 0 0 1 0 0 0 0 0 0 0 0
0 0 0 -1 0 0 0 0 0 0 0 0
0 0 0 0 1 0 0 0 0 0 0 0
0 0 0 0 -1 0 0 0 0 0 0 0
0 0 0 0 0 1 0 0 0 0 0 0
0 0 0 0 0 -1 0 0 0 0 0 0
0 0 0 0 0 0 1 0 0 0 0 0
0 0 0 0 0 0 -1 0 0 0 0 0
0 0 0 0 0 0 0 1 0 0 0 0
0 0 0 0 0 0 0 -1 0 0 0 0
0 0 0 0 0 0 0 0 1 0 0 0
0 0 0 0 0 0 0 0 -1 0 0 0
0 0 0 0 0 0 0 0 0 1 0 0
0 0 0 0 0 0 0 0 0 -1 0 0
0 0 0 0 0 0 0 0 0 0 1 0
0 0 0 0 0 0 0 0 0 0 -1 0
0 0 0 0 0 0 0 0 0 0 0 1
0 0 0 0 0 0 0 0 0 0 0 -1
0.5 0 0 0 0 0.5 0.5 0 0 0 0 0.5
0.5 0 0 0 0 0.5 0.5 0 0 0 0 -0.5
0.5 0 0 0 0 0.5 -0.5 0 0 0 0 0.5
0.5 0 0 0 0 0.5 -0.5 0 0 0 0 -0.5
0.5 0 0 0 0 -0.5 0.5 0 0 0 0 0.5
0.5 0 0 0 0 -0.5 0.5 0 0 0 0 -0.5
0.5 0 0 0 0 -0.5 -0.5 0 0 0 0 0.5
0.5 0 0 0 0 -0.5 -0.5 0 0 0 0 -0.5
-0.5 0 0 0 0 0.5 0.5 0 0 0 0 0.5
-0.5 0 0 0 0 0.5 0.5 0 0 0 0 -0.5
-0.5 0 0 0 0 0.5 -0.5 0 0 0 0 0.5
-0.5 0 0 0 0 0.5 -0.5 0 0 0 0 -0.5
-0.5 0 0 0 0 -0.5 0.5 0 0 0 0 0.5
-0.5 0 0 0 0 -0.5 0.5 0 0 0 0 -0.5
-0.5 0 0 0 0 -0.5 -0.5 0 0 0 0 0.5
-0.5 0 0 0 0 -0.5 -0.5 0 0 0 0 -0.5
0.5 0 0 0 0 0.5 0 0.5 0 0 0.5 0
0.5 0 0 0 0 0.5 0 0.5 0 0 -0.5 0
0.5 0 0 0 0 0.5 0 -0.5 0 0 0.5 0
0.5 0 0 0 0 0.5 0 -0.5 0 0 -0.5 0
0.5 0 0 0 0 -0.5 0 0.5 0 0 0.5 0
0.5 0 0 0 0 -0.5 0 0.5 0 0 -0.5 0
0.5 0 0 0 0 -0.5 0 -0.5 0 0 0.5 0
0.5 0 0 0 0 -0.5 0 -0.5 0 0 -0.5 0
-0.5 0 0 0 0 0.5 0 0.5 0 0 0.5 0
-0.5 0 0 0 0 0.5 0 0.5 0 0 -0.5 0
-0.5 0 0 0 0 0.5 0 -0.5 0 0 0.5 0
-0.5 0 0 0 0 0.5 0 -0.5 0 0 -0.5 0
-0.5 0 0 0 0 -0.5 0 0.5 0 0 0.5 0
-0.5 0 0 0 0 -0.5 0 0.5 0 0 -0.5 0
-0.5 0 0 0 0 -0.5 0 -0.5 0 0 0.5 0
-0.5 0 0 0 0 -0.5 0 -0.5 0 0 -0.5 0
0.5 0 0 0 0 0.5 0 0 0.5 0.5 0 0
0.5 0 0 0 0 0.5 0 0 0.5 -0.5 0 0
0.5 0 0 0 0 0.5 0 0 -0.5 0.5 0 0
0.5 0 0 0 0 0.5 0 0 -0.5 -0.5 0 0
0.5 0 0 0 0 -0.5 0 0 0.5 0.5 0 0
0.5 0 0 0 0 -0.5 0 0 0.5 -0.5 0 0
0.5 0 0 0 0 -0.5 0 0 -0.5 0.5 0 0
0.5 0 0 0 0 -0.5 0 0 -0.5 -0.5 0 0
-0.5 0 0 0 0 0.5 0 0 0.5 0.5 0 0
-0.5 0 0 0 0 0.5 0 0 0.5 -0.5 0 0
-0.5 0 0 0 0 0.5 0 0 -0.5 0.5 0 0
-0.5 0 0 0 0 0.5 0 0 -0.5 -0.5 0 0
-0.5 0 0 0 0 -0.5 0 0 0.5 0.5 0 0
-0.5 0 0 0 0 -0.5 0 0 0.5 -0.5 0 0
-0.5 0 0 0 0 -0.5 0 0 -0.5 0.5 0 0
-0.5 0 0 0 0 -0.5 0 0 -0.5 -0.5 0 0
0 0.5 0 0 0.5 0 0.5 0 0 0 0 0.5
0 0.5 0 0 0.5 0 0.5 0 0 0 0 -0.5
0 0.5 0 0 0.5 0 -0.5 0 0 0 0 0.5
0 0.5 0 0 0.5 0 -0.5 0 0 0 0 -0.5
0 0.5 0 0 -0.5 0 0.5 0 0 0 0 0.5
0 0.5 0 0 -0.5 0 0.5 0 0 0 0 -0.5
0 0.5 0 0 -0.5 0 -0.5 0 0 0 0 0.5
0 0.5 0 0 -0.5 0 -0.5 0 0 0 0 -0.5
0 -0.5 0 0 0.5 0 0.5 0 0 0 0 0.5
0 -0.5 0 0 0.5 0 0.5 0 0 0 0 -0.5
0 -0.5 0 0 0.5 0 -0.5 0 0 0 0 0.5
0 -0.5 0 0 0.5 0 -0.5 0 0 0 0 -0.5
0 -0.5 0 0 -0.5 0 0.5 0 0 0 0 0.5
0 -0.5 0 0 -0.5 0 0.5 0 0 0 0 -0.5
0 -0.5 0 0 -0.5 0 -0.5 0 0 0 0 0.5
0 -0.5 0 0 -0.5 0 -0.5 0 0 0 0 -0.5
0 0.5 0 0 0.5 0 0 0.5 0 0 0.5 0
0 0.5 0 0 0.5 0 0 0.5 0 0 -0.5 0
0 0.5 0 0 0.5 0 0 -0.5 0 0 0.5 0
0 0.5 0 0 0.5 0 0 -0.5 0 0 -0.5 0
0 0.5 0 0 -0.5 0 0 0.5 0 0 0.5 0
0 0.5 0 0 -0.5 0 0 0.5 0 0 -0.5 0
0 0.5 0 0 -0.5 0 0 -0.5 0 0 0.5 0
0 0.5 0 0 -0.5 0 0 -0.5 0 0 -0.5 0
0 -0.5 0 0 0.5 0 0 0.5 0 0 0.5 0
0 -0.5 0 0 0.5 0 0 0.5 0 0 -0.5 0
0 -0.5 0 0 0.5 0 0 -0.5 0 0 0.5 0
0 -0.5 0 0 0.5 0 0 -0.5 0 0 -0.5 0
0 -0.5 0 0 -0.5 0 0 0.5 0 0 0.5 0
0 -0.5 0 0 -0.5 0 0 0.5 0 0 -0.5 0
0 -0.5 0 0 -0.5 0 0 -0.5 0 0 0.5 0
0 -0.5 0 0 -0.5 0 0 -0.5 0 0 -0.5 0
0 0.5 0 0 0.5 0 0 0 0.5 0.5 0 0
0 0.5 0 0 0.5 0 0 0 0.5 -0.5 0 0
0 0.5 0 0 0.5 0 0 0 -0.5 0.5 0 0
0 0.5 0 0 0.5 0 0 0 -0.5 -0.5 0 0
0 0.5 0 0 -0.5 0 0 0 0.5 0.5 0 0
0 0.5 0 0 -0.5 0 0 0 0.5 -0.5 0 0
0 0.5 0 0 -0.5 0 0 0 -0.5 0.5 0 0
0 0.5 0 0 -0.5 0 0 0 -0.5 -0.5 0 0
0 -0.5 0 0 0.5 0 0 0 0.5 0.5 0 0
0 -0.5 0 0 0.5 0 0 0 0.5 -0.5 0 0
0 -0.5 0 0 0.5 0 0 0 -0.5 0.5 0 0
0 -0.5 0 0 0.5 0 0 0 -0.5 -0.5 0 0
0 -0.5 0 0 -0.5 0 0 0 0.5 0.5 0 0
0 -0.5 0 0 -0.5 0 0 0 0.5 -0.5 0 0
0 -0.5 0 0 -0.5 0 0 0 -0.5 0.5 0 0
0 -0.5 0 0 -0.5 0 0 0 -0.5 -0.5 0 0
0 0 0.5 0.5 0 0 0.5 0 0 0 0 0.5
0 0 0.5 0.5 0 0 0.5 0 0 0 0 -0.5
0 0 0.5 0.5 0 0 -0.5 0 0 0 0 0.5
0 0 0.5 0.5 0 0 -0.5 0 0 0 0 -0.5
0 0 0.5 -0.5 0 0 0.5 0 0 0 0 0.5
0 0 0.5 -0.5 0 0 0.5 0 0 0 0 -0.5
0 0 0.5 -0.5 0 0 -0.5 0 0 0 0 0.5
0 0 0.5 -0.5 0 0 -0.5 0 0 0 0 -0.5
0 0 -0.5 0.5 0 0 0.5 0 0 0 0 0.5
0 0 -0.5 0.5 0 0 0.5 0 0 0 0 -0.5
0 0 -0.5 0.5 0 0 -0.5 0 0 0 0 0.5
0 0 -0.5 0.5 0 0 -0.5 0 0 0 0 -0.5
0 0 -0.5 -0.5 0 0 0.5 0 0 0 0 0.5
0 0 -0.5 -0.5 0 0 0.5 0 0 0 0 -0.5
0 0 -0.5 -0.5 0 0 -0.5 0 0 0 0 0.5
0 0 -0.5 -0.5 0 0 -0.5 0 0 0 0 -0.5
0 0 0.5 0.5 0 0 0 0.5 0 0 0.5 0
0 0 0.5 0.5 0 0 0 0.5 0 0 -0.5 0
0 0 0.5 0.5 0 0 0 -0.5 0 0 0.5 0
0 0 0.5 0.5 0 0 0 -0.5 0 0 -0.5 0
0 0 0.5 -0.5 0 0 0 0.5 0 0 0.5 0
0 0 0.5 -0.5 0 0 0 0.5 0 0 -0.5 0
0 0 0.5 -0.5 0 0 0 -0.5 0 0 0.5 0
0 0 0.5 -0.5 0 0 0 -0.5 0 0 -0.5 0
0 0 -0.5 0.5 0 0 0 0.5 0 0 0.5 0
0 0 -0.5 0.5 0 0 0 0.5 0 0 -0.5 0
0 0 -0.5 0.5 0 0 0 -0.5 0 0 0.5 0
0 0 -0.5 0.5 0 0 0 -0.5 0 0 -0.5 0
0 0 -0.5 -0.5 0 0 0 0.5 0 0 0.5 0
0 0 -0.5 -0.5 0 0 0 0.5 0 0 -0.5 0
0 0 -0.5 -0.5 0 0 0 -0.5 0 0 0.5 0
0 0 -0.5 -0.5 0 0 0 -0.5 0 0 -0.5 0
0 0 0.5 0.5 0 0 0 0 0.5 0.5 0 0
0 0 0.5 0.5 0 0 0 0 0.5 -0.5 0 0
0 0 0.5 0.5 0 0 0 0 -0.5 0.5 0 0
0 0 0.5 0.5 0 0 0 0 -0.5 -0.5 0 0
0 0 0.5 -0.5 0 0 0 0 0.5 0.5 0 0
0 0 0.5 -0.5 0 0 0 0 0.5 -0.5 0 0
0 0 0.5 -0.5 0 0 0 0 -0.5 0.5 0 0
0 0 0.5 -0.5 0 0 0 0 -0.5 -0.5 0 0
0 0 -0.5 0.5 0 0 0 0 0.5 0.5 0 0
0 0 -0.5 0.5 0 0 0 0 0.5 -0.5 0 0
0 0 -0.5 0.5 0 0 0 0 -0.5 0.5 0 0
0 0 -0.5 0.5 0 0 0 0 -0.5 -0.5 0 0
0 0 -0.5 -0.5 0 0 0 0 0.5 0.5 0 0
0 0 -0.5 -0.5 0 0 0 0 0.5 -0.5 0 0
0 0 -0.5 -0.5 0 0 0 0 -0.5 0.5 0 0
0 0 -0.5 -0.5 0 0 0 0 -0.5 -0.5 0 0
0 0.5 0 0 0 0.5 0 0.5 0 0 0 0.5
0 0.5 0 0 0 0.5 0 0.5 0 0 0 -0.5
0 0.5 0 0 0 0.5 0 -0.5 0 0 0 0.5
0 0.5 0 0 0 0.5 0 -0.5 0 0 0 -0.5
0 0.5 0 0 0 -0.5 0 0.5 0 0 0 0.5
0 0.5 0 0 0 -0.5 0 0.5 0 0 0 -0.5
0 0.5 0 0 0 -0.5 0 -0.5 0 0 0 0.5
0 0.5 0 0 0 -0.5 0 -0.5 0 0 0 -0.5
0 -0.5 0 0 0 0.5 0 0.5 0 0 0 0.5
0 -0.5 0 0 0 0.5 0 0.5 0 0 0 -0.5
0 -0.5 0 0 0 0.5 0 -0.5 0 0 0 0.5
0 -0.5 0 0 0 0.5 0 -0.5 0 0 0 -0.5
0 -0.5 0 0 0 -0.5 0 0.5 0 0 0 0.5
0 -0.5 0 0 0 -0.5 0 0.5 0 0 0 -0.5
0 -0.5 0 0 0 -0.5 0 -0.5 0 0 0 0.5
0 -0.5 0 0 0 -0.5 0 -0.5 0 0 0 -0.5
0 0.5 0 0 0 0.5 0.5 0 0.5 0 0 0
0 0.5 0 0 0 0.5 -0.5 0 0.5 0 0 0
0 0.5 0 0 0 0.5 0.5 0 -0.5 0 0 0
0 0.5 0 0 0 0.5 -0.5 0 -0.5 0 0 0
0 0.5 0 0 0 -0.5 0.5 0 0.5 0 0 0
0 0.5 0 0 0 -0.5 -0.5 0 0.5 0 0 0
0 0.5 0 0 0 -0.5 0.5 0 -0.5 0 0 0
0 0.5 0 0 0 -0.5 -0.5 0 -0.5 0 0 0
0 -0.5 0 0 0 0.5 0.5 0 0.5 0 0 0
0 -0.5 0 0 0 0.5 -0.5 0 0.5 0 0 0
0 -0.5 0 0 0 0.5 0.5 0 -0.5 0 0 0
0 -0.5 0 0 0 0.5 -0.5 0 -0.5 0 0 0
0 -0.5 0 0 0 -0.5 0.5 0 0.5 0 0 0
0 -0.5 0 0 0 -0.5 -0.5 0 0.5 0 0 0
0 -0.5 0 0 0 -0.5 0.5 0 -0.5 0 0 0
0 -0.5 0 0 0 -0.5 -0.5 0 -0.5 0 0 0
0 0.5 0 0 0 0.5 0 0 0 0.5 0.5 0
0 0.5 0 0 0 0.5 0 0 0 0.5 -0.5 0
0 0.5 0 0 0 0.5 0 0 0 -0.5 0.5 0
0 0.5 0 0 0 0.5 0 0 0 -0.5 -0.5 0
0 0.5 0 0 0 -0.5 0 0 0 0.5 0.5 0
0 0.5 0 0 0 -0.5 0 0 0 0.5 -0.5 0
0 0.5 0 0 0 -0.5 0 0 0 -0.5 0.5 0
0 0.5 0 0 0 -0.5 0 0 0 -0.5 -0.5 0
0 -0.5 0 0 0 0.5 0 0 0 0.5 0.5 0
0 -0.5 0 0 0 0.5 0 0 0 0.5 -0.5 0
0 -0.5 0 0 0 0.5 0 0 0 -0.5 0.5 0
0 -0.5 0 0 0 0.5 0 0 0 -0.5 -0.5 0
0 -0.5 0 0 0 -0.5 0 0 0 0.5 0.5 0
0 -0.5 0 0 0 -0.5 0 0 0 0.5 -0.5 0
0 -0.5 0 0 0 -0.5 0 0 0 -0.5 0.5 0
0 -0.5 0 0 0 -0.5 0 0 0 -0.5 -0.5 0
0.5 0 0.5 0 0 0 0 0.5 0 0 0 0.5
0.5 0 0.5 0 0 0 0 0.5 0 0 0 -0.5
0.5 0 0.5 0 0 0 0 -0.5 0 0 0 0.5
0.5 0 0.5 0 0 0 0 -0.5 0 0 0 -0.5
-0.5 0 0.5 0 0 0 0 0.5 0 0 0 0.5
-0.5 0 0.5 0 0 0 0 0.5 0 0 0 -0.5
-0.5 0 0.5 0 0 0 0 -0.5 0 0 0 0.5
-0.5 0 0.5 0 0 0 0 -0.5 0 0 0 -0.5
0.5 0 -0.5 0 0 0 0 0.5 0 0 0 0.5
0.5 0 -0.5 0 0 0 0 0.5 0 0 0 -0.5
0.5 0 -0.5 0 0 0 0 -0.5 0 0 0 0.5
0.5 0 -0.5 0 0 0 0 -0.5 0 0 0 -0.5
-0.5 0 -0.5 0 0 0 0 0.5 0 0 0 0.5
-0.5 0 -0.5 0 0 0 0 0.5 0 0 0 -0.5
-0.5 0 -0.5 0 0 0 0 -0.5 0 0 0 0.5
-0.5 0 -0.5 0 0 0 0 -0.5 0 0 0 -0.5
0.5 0 0.5 0 0 0 0.5 0 0.5 0 0 0
0.5 0 0.5 0 0 0 -0.5 0 0.5 0 0 0
0.5 0 0.5 0 0 0 0.5 0 -0.5 0 0 0
0.5 0 0.5 0 0 0 -0.5 0 -0.5 0 0 0
-0.5 0 0.5 0 0 0 0.5 0 0.5 0 0 0
-0.5 0 0.5 0 0 0 -0.5 0 0.5 0 0 0
-0.5 0 0.5 0 0 0 0.5 0 -0.5 0 0 0
-0.5 0 0.5 0 0 0 -0.5 0 -0.5 0 0 0
0.5 0 -0.5 0 0 0 0.5 0 0.5 0 0 0
0.5 0 -0.5 0 0 0 -0.5 0 0.5 0 0 0
0.5 0 -0.5 0 0 0 0.5 0 -0.5 0 0 0
0.5 0 -0.5 0 0 0 -0.5 0 -0.5 0 0 0
-0.5 0 -0.5 0 0 0 0.5 0 0.5 0 0 0
-0.5 0 -0.5 0 0 0 -0.5 0 0.5 0 0 0
-0.5 0 -0.5 0 0 0 0.5 0 -0.5 0 0 0
-0.5 0 -0.5 0 0 0 -0.5 0 -0.5 0 0 0
0.5 0 0.5 0 0 0 0 0 0 0.5 0.5 0
0.5 0 0.5 0 0 0 0 0 0 0.5 -0.5 0
0.5 0 0.5 0 0 0 0 0 0 -0.5 0.5 0
0.5 0 0.5 0 0 0 0 0 0 -0.5 -0.5 0
-0.5 0 0.5 0 0 0 0 0 0 0.5 0.5 0
-0.5 0 0.5 0 0 0 0 0 0 0.5 -0.5 0
-0.5 0 0.5 0 0 0 0 0 0 -0.5 0.5 0
-0.5 0 0.5 0 0 0 0 0 0 -0.5 -0.5 0
0.5 0 -0.5 0 0 0 0 0 0 0.5 0.5 0
0.5 0 -0.5 0 0 0 0 0 0 0.5 -0.5 0
0.5 0 -0.5 0 0 0 0 0 0 -0.5 0.5 0
0.5 0 -0.5 0 0 0 0 0 0 -0.5 -0.5 0
-0.5 0 -0.5 0 0 0 0 0 0 0.5 0.5 0
-0.5 0 -0.5 0 0 0 0 0 0 0.5 -0.5 0
-0.5 0 -0.5 0 0 0 0 0 0 -0.5 0.5 0
-0.5 0 -0.5 0 0 0 0 0 0 -0.5 -0.5 0
0 0 0 0.5 0.5 0 0 0.5 0 0 0 0.5
0 0 0 0.5 0.5 0 0 0.5 0 0 0 -0.5
0 0 0 0.5 0.5 0 0 -0.5 0 0 0 0.5
0 0 0 0.5 0.5 0 0 -0.5 0 0 0 -0.5
0 0 0 0.5 -0.5 0 0 0.5 0 0 0 0.5
0 0 0 0.5 -0.5 0 0 0.5 0 0 0 -0.5
0 0 0 0.5 -0.5 0 0 -0.5 0 0 0 0.5
0 0 0 0.5 -0.5 0 0 -0.5 0 0 0 -0.5
0 0 0 -0.5 0.5 0 0 0.5 0 0 0 0.5
0 0 0 -0.5 0.5 0 0 0.5 0 0 0 -0.5
0 0 0 -0.5 0.5 0 0 -0.5 0 0 0 0.5
0 0 0 -0.5 0.5 0 0 -0.5 0 0 0 -0.5
0 0 0 -0.5 -0.5 0 0 0.5 0 0 0 0.5
0 0 0 -0.5 -0.5 0 0 0.5 0 0 0 -0.5
0 0 0 -0.5 -0.5 0 0 -0.5 0 0 0 0.5
0 0 0 -0.5 -0.5 0 0 -0.5 0 0 0 -0.5
0 0 0 0.5 0.5 0 0.5 0 0.5 0 0 0
0 0 0 0.5 0.5 0 -0.5 0 0.5 0 0 0
0 0 0 0.5 0.5 0 0.5 0 -0.5 0 0 0
0 0 0 0.5 0.5 0 -0.5 0 -0.5 0 0 0
0 0 0 0.5 -0.5 0 0.5 0 0.5 0 0 0
0 0 0 0.5 -0.5 0 -0.5 0 0.5 0 0 0
0 0 0 0.5 -0.5 0 0.5 0 -0.5 0 0 0
0 0 0 0.5 -0.5 0 -0.5 0 -0.5 0 0 0
0 0 0 -0.5 0.5 0 0.5 0 0.5 0 0 0
0 0 0 -0.5 0.5 0 -0.5 0 0.5 0 0 0
0 0 0 -0.5 0.5 0 0.5 0 -0.5 0 0 0
0 0 0 -0.5 0.5 0 -0.5 0 -0.5 0 0 0
0 0 0 -0.5 -0.5 0 0.5 0 0.5 0 0 0
0 0 0 -0.5 -0.5 0 -0.5 0 0.5 0 0 0
0 0 0 -0.5 -0.5 0 0.5 0 -0.5 0 0 0
0 0 0 -0.5 -0.5 0 -0.5 0 -0.5 0 0 0
0 0 0 0.5 0.5 0 0 0 0 0.5 0.5 0
0 0 0 0.5 0.5 0 0 0 0 0.5 -0.5 0
0 0 0 0.5 0.5 0 0 0 0 -0.5 0.5 0
0 0 0 0.5 0.5 0 0 0 0 -0.5 -0.5 0
0 0 0 0.5 -0.5 0 0 0 0 0.5 0.5 0
0 0 0 0.5 -0.5 0 0 0 0 0.5 -0.5 0
0 0 0 0.5 -0.5 0 0 0 0 -0.5 0.5 0
0 0 0 0.5 -0.5 0 0 0 0 -0.5 -0.5 0
0 0 0 -0.5 0.5 0 0 0 0 0.5 0.5 0
0 0 0 -0.5 0.5 0 0 0 0 0.5 -0.5 0
0 0 0 -0.5 0.5 0 0 0 0 -0.5 0.5 0
0 0 0 -0.5 0.5 0 0 0 0 -0.5 -0.5 0
0 0 0 -0.5 -0.5 0 0 0 0 0.5 0.5 0
0 0 0 -0.5 -0.5 0 0 0 0 0.5 -0.5 0
0 0 0 -0.5 -0.5 0 0 0 0 -0.5 0.5 0
0 0 0 -0.5 -0.5 0 0 0 0 -0.5 -0.5 0
0 0 0.5 0 0 0.5 0 0 0.5 0 0 0.5
0 0 0.5 0 0 0.5 0 0 0.5 0 0 -0.5
0 0 0.5 0 0 0.5 0 0 -0.5 0 0 0.5
0 0 0.5 0 0 0.5 0 0 -0.5 0 0 -0.5
0 0 0.5 0 0 -0.5 0 0 0.5 0 0 0.5
0 0 0.5 0 0 -0.5 0 0 0.5 0 0 -0.5
0 0 0.5 0 0 -0.5 0 0 -0.5 0 0 0.5
0 0 0.5 0 0 -0.5 0 0 -0.5 0 0 -0.5
0 0 -0.5 0 0 0.5 0 0 0.5 0 0 0.5
0 0 -0.5 0 0 0.5 0 0 0.5 0 0 -0.5
0 0 -0.5 0 0 0.5 0 0 -0.5 0 0 0.5
0 0 -0.5 0 0 0.5 0 0 -0.5 0 0 -0.5
0 0 -0.5 0 0 -0.5 0 0 0.5 0 0 0.5
0 0 -0.5 0 0 -0.5 0 0 0.5 0 0 -0.5
0 0 -0.5 0 0 -0.5 0 0 -0.5 0 0 0.5
0 0 -0.5 0 0 -0.5 0 0 -0.5 0 0 -0.5
0 0 0.5 0 0 0.5 0 0.5 0 0.5 0 0
0 0 0.5 0 0 0.5 0 -0.5 0 0.5 0 0
0 0 0.5 0 0 0.5 0 0.5 0 -0.5 0 0
0 0 0.5 0 0 0.5 0 -0.5 0 -0.5 0 0
0 0 0.5 0 0 -0.5 0 0.5 0 0.5 0 0
0 0 0.5 0 0 -0.5 0 -0.5 0 0.5 0 0
0 0 0.5 0 0 -0.5 0 0.5 0 -0.5 0 0
0 0 0.5 0 0 -0.5 0 -0.5 0 -0.5 0 0
0 0 -0.5 0 0 0.5 0 0.5 0 0.5 0 0
0 0 -0.5 0 0 0.5 0 -0.5 0 0.5 0 0
0 0 -0.5 0 0 0.5 0 0.5 0 -0.5 0 0
0 0 -0.5 0 0 0.5 0 -0.5 0 -0.5 0 0
0 0 -0.5 0 0 -0.5 0 0.5 0 0.5 0 0
0 0 -0.5 0 0 -0.5 0 -0.5 0 0.5 0 0
0 0 -0.5 0 0 -0.5 0 0.5 0 -0.5 0 0
0 0 -0.5 0 0 -0.5 0 -0.5 0 -0.5 0 0
0 0 0.5 0 0 0.5 0.5 0 0 0 0.5 0
0 0 0.5 0 0 0.5 -0.5 0 0 0 0.5 0
0 0 0.5 0 0 0.5 0.5 0 0 0 -0.5 0
0 0 0.5 0 0 0.5 -0.5 0 0 0 -0.5 0
0 0 0.5 0 0 -0.5 0.5 0 0 0 0.5 0
0 0 0.5 0 0 -0.5 -0.5 0 0 0 0.5 0
0 0 0.5 0 0 -0.5 0.5 0 0 0 -0.5 0
0 0 0.5 0 0 -0.5 -0.5 0 0 0 -0.5 0
0 0 -0.5 0 0 0.5 0.5 0 0 0 0.5 0
0 0 -0.5 0 0 0.5 -0.5 0 0 0 0.5 0
0 0 -0.5 0 0 0.5 0.5 0 0 0 -0.5 0
0 0 -0.5 0 0 0.5 -0.5 0 0 0 -0.5 0
0 0 -0.5 0 0 -0.5 0.5 0 0 0 0.5 0
0 0 -0.5 0 0 -0.5 -0.5 0 0 0 0.5 0
0 0 -0.5 0 0 -0.5 0.5 0 0 0 -0.5 0
0 0 -0.5 0 0 -0.5 -0.5 0 0 0 -0.5 0
0 0.5 0 0.5 0 0 0 0 0.5 0 0 0.5
0 0.5 0 0.5 0 0 0 0 0.5 0 0 -0.5
0 0.5 0 0.5 0 0 0 0 -0.5 0 0 0.5
0 0.5 0 0.5 0 0 0 0 -0.5 0 0 -0.5
0 -0.5 0 0.5 0 0 0 0 0.5 0 0 0.5
0 -0.5 0 0.5 0 0 0 0 0.5 0 0 -0.5
0 -0.5 0 0.5 0 0 0 0 -0.5 0 0 0.5
0 -0.5 0 0.5 0 0 0 0 -0.5 0 0 -0.5
0 0.5 0 -0.5 0 0 0 0 0.5 0 0 0.5
0 0.5 0 -0.5 0 0 0 0 0.5 0 0 -0.5
0 0.5 0 -0.5 0 0 0 0 -0.5 0 0 0.5
0 0.5 0 -0.5 0 0 0 0 -0.5 0 0 -0.5
0 -0.5 0 -0.5 0 0 0 0 0.5 0 0 0.5
0 -0.5 0 -0.5 0 0 0 0 0.5 0 0 -0.5
0 -0.5 0 -0.5 0 0 0 0 -0.5 0 0 0.5
0 -0.5 0 -0.5 0 0 0 0 -0.5 0 0 -0.5
0 0.5 0 0.5 0 0 0 0.5 0 0.5 0 0
0 0.5 0 0.5 0 0 0 -0.5 0 0.5 0 0
0 0.5 0 0.5 0 0 0 0.5 0 -0.5 0 0
0 0.5 0 0.5 0 0 0 -0.5 0 -0.5 0 0
0 -0.5 0 0.5 0 0 0 0.5 0 0.5 0 0
0 -0.5 0 0.5 0 0 0 -0.5 0 0.5 0 0
0 -0.5 0 0.5 0 0 0 0.5 0 -0.5 0 0
0 -0.5 0 0.5 0 0 0 -0.5 0 -0.5 0 0
0 0.5 0 -0.5 0 0 0 0.5 0 0.5 0 0
0 0.5 0 -0.5 0 0 0 -0.5 0 0.5 0 0
0 0.5 0 -0.5 0 0 0 0.5 0 -0.5 0 0
0 0.5 0 -0.5 0 0 0 -0.5 0 -0.5 0 0
0 -0.5 0 -0.5 0 0 0 0.5 0 0.5 0 0
0 -0.5 0 -0.5 0 0 0 -0.5 0 0.5 0 0
0 -0.5 0 -0.5 0 0 0 0.5 0 -0.5 0 0
0 -0.5 0 -0.5 0 0 0 -0.5 0 -0.5 0 0
0 0.5 0 0.5 0 0 0.5 0 0 0 0.5 0
0 0.5 0 0.5 0 0 -0.5 0 0 0 0.5 0
0 0.5 0 0.5 0 0 0.5 0 0 0 -0.5 0
0 0.5 0 0.5 0 0 -0.5 0 0 0 -0.5 0
0 -0.5 0 0.5 0 0 0.5 0 0 0 0.5 0
0 -0.5 0 0.5 0 0 -0.5 0 0 0 0.5 0
0 -0.5 0 0.5 0 0 0.5 0 0 0 -0.5 0
0 -0.5 0 0.5 0 0 -0.5 0 0 0 -0.5 0
0 0.5 0 -0.5 0 0 0.5 0 0 0 0.5 0
0 0.5 0 -0.5 0 0 -0.5 0 0 0 0.5 0
0 0.5 0 -0.5 0 0 0.5 0 0 0 -0.5 0
0 0.5 0 -0.5 0 0 -0.5 0 0 0 -0.5 0
0 -0.5 0 -0.5 0 0 0.5 0 0 0 0.5 0
0 -0.5 0 -0.5 0 0 -0.5 0 0 0 0.5 0
0 -0.5 0 -0.5 0 0 0.5 0 0 0 -0.5 0
0 -0.5 0 -0.5 0 0 -0.5 0 0 0 -0.5 0
0.5 0 0 0 0.5 0 0 0 0.5 0 0 0.5
0.5 0 0 0 0.5 0 0 0 0.5 0 0 -0.5
0.5 0 0 0 0.5 0 0 0 -0.5 0 0 0.5
0.5 0 0 0 0.5 0 0 0 -0.5 0 0 -0.5
-0.5 0 0 0 0.5 0 0 0 0.5 0 0 0.5
-0.5 0 0 0 0.5 0 0 0 0.5 0 0 -0.5
-0.5 0 0 0 0.5 0 0 0 -0.5 0 0 0.5
-0.5 0 0 0 0.5 0 0 0 -0.5 0 0 -0.5
0.5 0 0 0 -0.5 0 0 0 0.5 0 0 0.5
0.5 0 0 0 -0.5 0 0 0 0.5 0 0 -0.5
0.5 0 0 0 -0.5 0 0 0 -0.5 0 0 0.5
0.5 0 0 0 -0.5 0 0 0 -0.5 0 0 -0.5
-0.5 0 0 0 -0.5 0 0 0 0.5 0 0 0.5
-0.5 0 0 0 -0.5 0 0 0 0.5 0 0 -0.5
-0.5 0 0 0 -0.5 0 0 0 -0.5 0 0 0.5
-0.5 0 0 0 -0.5 0 0 0 -0.5 0 0 -0.5
0.5 0 0 0 0.5 0 0 0.5 0 0.5 0 0
0.5 0 0 0 0.5 0 0 -0.5 0 0.5 0 0
0.5 0 0 0 0.5 0 0 0.5 0 -0.5 0 0
0.5 0 0 0 0.5 0 0 -0.5 0 -0.5 0 0
-0.5 0 0 0 0.5 0 0 0.5 0 0.5 0 0
-0.5 0 0 0 0.5 0 0 -0.5 0 0.5 0 0
-0.5 0 0 0 0.5 0 0 0.5 0 -0.5 0 0
-0.5 0 0 0 0.5 0 0 -0.5 0 -0.5 0 0
0.5 0 0 0 -0.5 0 0 0.5 0 0.5 0 0
0.5 0 0 0 -0.5 0 0 -0.5 0 0.5 0 0
0.5 0 0 0 -0.5 0 0 0.5 0 -0.5 0 0
0.5 0 0 0 -0.5 0 0 -0.5 0 -0.5 0 0
-0.5 0 0 0 -0.5 0 0 0.5 0 0.5 0 0
-0.5 0 0 0 -0.5 0 0 -0.5 0 0.5 0 0
-0.5 0 0 0 -0.5 0 0 0.5 0 -0.5 0 0
-0.5 0 0 0 -0.5 0 0 -0.5 0 -0.5 0 0
0.5 0 0 0 0.5 0 0.5 0 0 0 0.5 0
0.5 0 0 0 0.5 0 -0.5 0 0 0 0.5 0
0.5 0 0 0 0.5 0 0.5 0 0 0 -0.5 0
0.5 0 0 0 0.5 0 -0.5 0 0 0 -0.5 0
-0.5 0 0 0 0.5 0 0.5 0 0 0 0.5 0
-0.5 0 0 0 0.5 0 -0.5 0 0 0 0.5 0
-0.5 0 0 0 0.5 0 0.5 0 0 0 -0.5 0
-0.5 0 0 0 0.5 0 -0.5 0 0 0 -0.5 0
0.5 0 0 0 -0.5 0 0.5 0 0 0 0.5 0
0.5 0 0 0 -0.5 0 -0.5 0 0 0 0.5 0
0.5 0 0 0 -0.5 0 0.5 0 0 0 -0.5 0
0.5 0 0 0 -0.5 0 -0.5 0 0 0 -0.5 0
-0.5 0 0 0 -0.5 0 0.5 0 0 0 0.5 0
-0.5 0 0 0 -0.5 0 -0.5 0 0 0 0.5 0
-0.5 0 0 0 -0.5 0 0.5 0 0 0 -0.5 0
-0.5 0 0 0 -0.5 0 -0.5 0 0 0 -0.5 0
0 0 0 0.5 0 0.5 0 0 0 0.5 0 0.5
0 0 0 0.5 0 0.5 0 0 0 0.5 0 -0.5
0 0 0 0.5 0 0.5 0 0 0 -0.5 0 0.5
0 0 0 0.5 0 0.5 0 0 0 -0.5 0 -0.5
0 0 0 0.5 0 -0.5 0 0 0 0.5 0 0.5
0 0 0 0.5 0 -0.5 0 0 0 0.5 0 -0.5
0 0 0 0.5 0 -0.5 0 0 0 -0.5 0 0.5
0 0 0 0.5 0 -0.5 0 0 0 -0.5 0 -0.5
0 0 0 -0.5 0 0.5 0 0 0 0.5 0 0.5
0 0 0 -0.5 0 0.5 0 0 0 0.5 0 -0.5
0 0 0 -0.5 0 0.5 0 0 0 -0.5 0 0.5
0 0 0 -0.5 0 0.5 0 0 0 -0.5 0 -0.5
0 0 0 -0.5 0 -0.5 0 0 0 0.5 0 0.5
0 0 0 -0.5 0 -0.5 0 0 0 0.5 0 -0.5
0 0 0 -0.5 0 -0.5 0 0 0 -0.5 0 0.5
0 0 0 -0.5 0 -0.5 0 0 0 -0.5 0 -0.5
0 0 0 0.5 0 0.5 0 0 0.5 0 0.5 0
0 0 0 0.5 0 0.5 0 0 -0.5 0 0.5 0
0 0 0 0.5 0 0.5 0 0 0.5 0 -0.5 0
0 0 0 0.5 0 0.5 0 0 -0.5 0 -0.5 0
0 0 0 0.5 0 -0.5 0 0 0.5 0 0.5 0
0 0 0 0.5 0 -0.5 0 0 -0.5 0 0.5 0
0 0 0 0.5 0 -0.5 0 0 0.5 0 -0.5 0
0 0 0 0.5 0 -0.5 0 0 -0.5 0 -0.5 0
0 0 0 -0.5 0 0.5 0 0 0.5 0 0.5 0
0 0 0 -0.5 0 0.5 0 0 -0.5 0 0.5 0
0 0 0 -0.5 0 0.5 0 0 0.5 0 -0.5 0
0 0 0 -0.5 0 0.5 0 0 -0.5 0 -0.5 0
0 0 0 -0.5 0 -0.5 0 0 0.5 0 0.5 0
0 0 0 -0.5 0 -0.5 0 0 -0.5 0 0.5 0
0 0 0 -0.5 0 -0.5 0 0 0.5 0 -0.5 0
0 0 0 -0.5 0 -0.5 0 0 -0.5 0 -0.5 0
0 0 0 0.5 0 0.5 0.5 0.5 0 0 0 0
0 0 0 0.5 0 0.5 0.5 -0.5 0 0 0 0
0 0 0 0.5 0 0.5 -0.5 0.5 0 0 0 0
0 0 0 0.5 0 0.5 -0.5 -0.5 0 0 0 0
0 0 0 0.5 0 -0.5 0.5 0.5 0 0 0 0
0 0 0 0.5 0 -0.5 0.5 -0.5 0 0 0 0
0 0 0 0.5 0 -0.5 -0.5 0.5 0 0 0 0
0 0 0 0.5 0 -0.5 -0.5 -0.5 0 0 0 0
0 0 0 -0.5 0 0.5 0.5 0.5 0 0 0 0
0 0 0 -0.5 0 0.5 0.5 -0.5 0 0 0 0
0 0 0 -0.5 0 0.5 -0.5 0.5 0 0 0 0
0 0 0 -0.5 0 0.5 -0.5 -0.5 0 0 0 0
0 0 0 -0.5 0 -0.5 0.5 0.5 0 0 0 0
0 0 0 -0.5 0 -0.5 0.5 -0.5 0 0 0 0
0 0 0 -0.5 0 -0.5 -0.5 0.5 0 0 0 0
0 0 0 -0.5 0 -0.5 -0.5 -0.5 0 0 0 0
0 0 0.5 0 0.5 0 0 0 0 0.5 0 0.5
0 0 0.5 0 0.5 0 0 0 0 0.5 0 -0.5
0 0 0.5 0 0.5 0 0 0 0 -0.5 0 0.5
0 0 0.5 0 0.5 0 0 0 0 -0.5 0 -0.5
0 0 -0.5 0 0.5 0 0 0 0 0.5 0 0.5
0 0 -0.5 0 0.5 0 0 0 0 0.5 0 -0.5
0 0 -0.5 0 0.5 0 0 0 0 -0.5 0 0.5
0 0 -0.5 0 0.5 0 0 0 0 -0.5 0 -0.5
0 0 0.5 0 -0.5 0 0 0 0 0.5 0 0.5
0 0 0.5 0 -0.5 0 0 0 0 0.5 0 -0.5
0 0 0.5 0 -0.5 0 0 0 0 -0.5 0 0.5
0 0 0.5 0 -0.5 0 0 0 0 -0.5 0 -0.5
0 0 -0.5 0 -0.5 0 0 0 0 0.5 0 0.5
0 0 -0.5 0 -0.5 0 0 0 0 0.5 0 -0.5
0 0 -0.5 0 -0.5 0 0 0 0 -0.5 0 0.5
0 0 -0.5 0 -0.5 0 0 0 0 -0.5 0 -0.5
0 0 0.5 0 0.5 0 0 0 0.5 0 0.5 0
0 0 0.5 0 0.5 0 0 0 -0.5 0 0.5 0
0 0 0.5 0 0.5 0 0 0 0.5 0 -0.5 0
0 0 0.5 0 0.5 0 0 0 -0.5 0 -0.5 0
0 0 -0.5 0 0.5 0 0 0 0.5 0 0.5 0
0 0 -0.5 0 0.5 0 0 0 -0.5 0 0.5 0
0 0 -0.5 0 0.5 0 0 0 0.5 0 -0.5 0
0 0 -0.5 0 0.5 0 0 0 -0.5 0 -0.5 0
0 0 0.5 0 -0.5 0 0 0 0.5 0 0.5 0
0 0 0.5 0 -0.5 0 0 0 -0.5 0 0.5 0
0 0 0.5 0 -0.5 0 0 0 0.5 0 -0.5 0
0 0 0.5 0 -0.5 0 0 0 -0.5 0 -0.5 0
0 0 -0.5 0 -0.5 0 0 0 0.5 0 0.5 0
0 0 -0.5 0 -0.5 0 0 0 -0.5 0 0.5 0
0 0 -0.5 0 -0.5 0 0 0 0.5 0 -0.5 0
0 0 -0.5 0 -0.5 0 0 0 -0.5 0 -0.5 0
0 0 0.5 0 0.5 0 0.5 0.5 0 0 0 0
0 0 0.5 0 0.5 0 0.5 -0.5 0 0 0 0
0 0 0.5 0 0.5 0 -0.5 0.5 0 0 0 0
0 0 0.5 0 0.5 0 -0.5 -0.5 0 0 0 0
0 0 -0.5 0 0.5 0 0.5 0.5 0 0 0 0
0 0 -0.5 0 0.5 0 0.5 -0.5 0 0 0 0
0 0 -0.5 0 0.5 0 -0.5 0.5 0 0 0 0
0 0 -0.5 0 0.5 0 -0.5 -0.5 0 0 0 0
0 0 0.5 0 -0.5 0 0.5 0.5 0 0 0 0
0 0 0.5 0 -0.5 0 0.5 -0.5 0 0 0 0
0 0 0.5 0 -0.5 0 -0.5 0.5 0 0 0 0
0 0 0.5 0 -0.5 0 -0.5 -0.5 0 0 0 0
0 0 -0.5 0 -0.5 0 0.5 0.5 0 0 0 0
0 0 -0.5 0 -0.5 0 0.5 -0.5 0 0 0 0
0 0 -0.5 0 -0.5 0 -0.5 0.5 0 0 0 0
0 0 -0.5 0 -0.5 0 -0.5 -0.5 0 0 0 0
0.5 0.5 0 0 0 0 0 0 0 0.5 0 0.5
0.5 0.5 0 0 0 0 0 0 0 0.5 0 -0.5
0.5 0.5 0 0 0 0 0 0 0 -0.5 0 0.5
0.5 0.5 0 0 0 0 0 0 0 -0.5 0 -0.5
0.5 -0.5 0 0 0 0 0 0 0 0.5 0 0.5
0.5 -0.5 0 0 0 0 0 0 0 0.5 0 -0.5
0.5 -0.5 0 0 0 0 0 0 0 -0.5 0 0.5
0.5 -0.5 0 0 0 0 0 0 0 -0.5 0 -0.5
-0.5 0.5 0 0 0 0 0 0 0 0.5 0 0.5
-0.5 0.5 0 0 0 0 0 0 0 0.5 0 -0.5
-0.5 0.5 0 0 0 0 0 0 0 -0.5 0 0.5
-0.5 0.5 0 0 0 0 0 0 0 -0.5 0 -0.5
-0.5 -0.5 0 0 0 0 0 0 0 0.5 0 0.5
-0.5 -0.5 0 0 0 0 0 0 0 0.5 0 -0.5
-0.5 -0.5 0 0 0 0 0 0 0 -0.5 0 0.5
-0.5 -0.5 0 0 0 0 0 0 0 -0.5 0 -0.5
0.5 0.5 0 0 0 0 0 0 0.5 0 0.5 0
0.5 0.5 0 0 0 0 0 0 -0.5 0 0.5 0
0.5 0.5 0 0 0 0 0 0 0.5 0 -0.5 0
0.5 0.5 0 0 0 0 0 0 -0.5 0 -0.5 0
0.5 -0.5 0 0 0 0 0 0 0.5 0 0.5 0
0.5 -0.5 0 0 0 0 0 0 -0.5 0 0.5 0
0.5 -0.5 0 0 0 0 0 0 0.5 0 -0.5 0
0.5 -0.5 0 0 0 0 0 0 -0.5 0 -0.5 0
-0.5 0.5 0 0 0 0 0 0 0.5 0 0.5 0
-0.5 0.5 0 0 0 0 0 0 -0.5 0 0.5 0
-0.5 0.5 0 0 0 0 0 0 0.5 0 -0.5 0
-0.5 0.5 0 0 0 0 0 0 -0.5 0 -0.5 0
-0.5 -0.5 0 0 0 0 0 0 0.5 0 0.5 0
-0.5 -0.5 0 0 0 0 0 0 -0.5 0 0.5 0
-0.5 -0.5 0 0 0 0 0 0 0.5 0 -0.5 0
-0.5 -0.5 0 0 0 0 0 0 -0.5 0 -0.5 0
0.5 0.5 0 0 0 0 0.5 0.5 0 0 0 0
0.5 0.5 0 0 0 0 0.5 -0.5 0 0 0 0
0.5 0.5 0 0 0 0 -0.5 0.5 0 0 0 0
0.5 0.5 0 0 0 0 -0.5 -0.5 0 0 0 0
0.5 -0.5 0 0 0 0 0.5 0.5 0 0 0 0
0.5 -0.5 0 0 0 0 0.5 -0.5 0 0 0 0
0.5 -0.5 0 0 0 0 -0.5 0.5 0 0 0 0
0.5 -0.5 0 0 0 0 -0.5 -0.5 0 0 0 0
-0.5 0.5 0 0 0 0 0.5 0.5 0 0 0 0
-0.5 0.5 0 0 0 0 0.5 -0.5 0 0 0 0
-0.5 0.5 0 0 0 0 -0.5 0.5 0 0 0 0
-0.5 0.5 0 0 0 0 -0.5 -0.5 0 0 0 0
-0.5 -0.5 0 0 0 0 0.5 0.5 0 0 0 0
-0.5 -0.5 0 0 0 0 0.5 -0.5 0 0 0 0
-0.5 -0.5 0 0 0 0 -0.5 0.5 0 0 0 0
-0.5 -0.5 0 0 0 0 -0.5 -0.5 0 0 0 0
0 0 0 0 0.5 0.5 0 0 0 0 0.5 0.5
0 0 0 0 0.5 0.5 0 0 0 0 0.5 -0.5
0 0 0 0 0.5 0.5 0 0 0 0 -0.5 0.5
0 0 0 0 0.5 0.5 0 0 0 0 -0.5 -0.5
0 0 0 0 0.5 -0.5 0 0 0 0 0.5 0.5
0 0 0 0 0.5 -0.5 0 0 0 0 0.5 -0.5
0 0 0 0 0.5 -0.5 0 0 0 0 -0.5 0.5
0 0 0 0 0.5 -0.5 0 0 0 0 -0.5 -0.5
0 0 0 0 -0.5 0.5 0 0 0 0 0.5 0.5
0 0 0 0 -0.5 0.5 0 0 0 0 0.5 -0.5
0 0 0 0 -0.5 0.5 0 0 0 0 -0.5 0.5
0 0 0 0 -0.5 0.5 0 0 0 0 -0.5 -0.5
0 0 0 0 -0.5 -0.5 0 0 0 0 0.5 0.5
0 0 0 0 -0.5 -0.5 0 0 0 0 0.5 -0.5
0 0 0 0 -0.5 -0.5 0 0 0 0 -0.5 0.5
0 0 0 0 -0.5 -0.5 0 0 0 0 -0.5 -0.5
0 0 0 0 0.5 0.5 0.5 0 0 0.5 0 0
0 0 0 0 0.5 0.5 0.5 0 0 -0.5 0 0
0 0 0 0 0.5 0.5 -0.5 0 0 0.5 0 0
0 0 0 0 0.5 0.5 -0.5 0 0 -0.5 0 0
0 0 0 0 0.5 -0.5 0.5 0 0 0.5 0 0
0 0 0 0 0.5 -0.5 0.5 0 0 -0.5 0 0
0 0 0 0 0.5 -0.5 -0.5 0 0 0.5 0 0
0 0 0 0 0.5 -0.5 -0.5 0 0 -0.5 0 0
0 0 0 0 -0.5 0.5 0.5 0 0 0.5 0 0
0 0 0 0 -0.5 0.5 0.5 0 0 -0.5 0 0
0 0 0 0 -0.5 0.5 -0.5 0 0 0.5 0 0
0 0 0 0 -0.5 0.5 -0.5 0 0 -0.5 0 0
0 0 0 0 -0.5 -0.5 0.5 0 0 0.5 0 0
0 0 0 0 -0.5 -0.5 0.5 0 0 -0.5 0 0
0 0 0 0 -0.5 -0.5 -0.5 0 0 0.5 0 0
0 0 0 0 -0.5 -0.5 -0.5 0 0 -0.5 0 0
0 0 0 0 0.5 0.5 0 0.5 0.5 0 0 0
0 0 0 0 0.5 0.5 0 0.5 -0.5 0 0 0
0 0 0 0 0.5 0.5 0 -0.5 0.5 0 0 0
0 0 0 0 0.5 0.5 0 -0.5 -0.5 0 0 0
0 0 0 0 0.5 -0.5 0 0.5 0.5 0 0 0
0 0 0 0 0.5 -0.5 0 0.5 -0.5 0 0 0
0 0 0 0 0.5 -0.5 0 -0.5 0.5 0 0 0
0 0 0 0 0.5 -0.5 0 -0.5 -0.5 0 0 0
0 0 0 0 -0.5 0.5 0 0.5 0.5 0 0 0
0 0 0 0 -0.5 0.5 0 0.5 -0.5 0 0 0
0 0 0 0 -0.5 0.5 0 -0.5 0.5 0 0 0
0 0 0 0 -0.5 0.5 0 -0.5 -0.5 0 0 0
0 0 0 0 -0.5 -0.5 0 0.5 0.5 0 0 0
0 0 0 0 -0.5 -0.5 0 0.5 -0.5 0 0 0
0 0 0 0 -0.5 -0.5 0 -0.5 0.5 0 0 0
0 0 0 0 -0.5 -0.5 0 -0.5 -0.5 0 0 0
0.5 0 0 0.5 0 0 0 0 0 0 0.5 0.5
0.5 0 0 0.5 0 0 0 0 0 0 0.5 -0.5
0.5 0 0 0.5 0 0 0 0 0 0 -0.5 0.5
0.5 0 0 0.5 0 0 0 0 0 0 -0.5 -0.5
0.5 0 0 -0.5 0 0 0 0 0 0 0.5 0.5
0.5 0 0 -0.5 0 0 0 0 0 0 0.5 -0.5
0.5 0 0 -0.5 0 0 0 0 0 0 -0.5 0.5
0.5 0 0 -0.5 0 0 0 0 0 0 -0.5 -0.5
-0.5 0 0 0.5 0 0 0 0 0 0 0.5 0.5
-0.5 0 0 0.5 0 0 0 0 0 0 0.5 -0.5
-0.5 0 0 0.5 0 0 0 0 0 0 -0.5 0.5
-0.5 0 0 0.5 0 0 0 0 0 0 -0.5 -0.5
-0.5 0 0 -0.5 0 0 0 0 0 0 0.5 0.5
-0.5 0 0 -0.5 0 0 0 0 0 0 0.5 -0.5
-0.5 0 0 -0.5 0 0 0 0 0 0 -0.5 0.5
-0.5 0 0 -0.5 0 0 0 0 0 0 -0.5 -0.5
0.5 0 0 0.5 0 0 0.5 0 0 0.5 0 0
0.5 0 0 0.5 0 0 0.5 0 0 -0.5 0 0
0.5 0 0 0.5 0 0 -0.5 0 0 0.5 0 0
0.5 0 0 0.5 0 0 -0.5 0 0 -0.5 0 0
0.5 0 0 -0.5 0 0 0.5 0 0 0.5 0 0
0.5 0 0 -0.5 0 0 0.5 0 0 -0.5 0 0
0.5 0 0 -0.5 0 0 -0.5 0 0 0.5 0 0
0.5 0 0 -0.5 0 0 -0.5 0 0 -0.5 0 0
-0.5 0 0 0.5 0 0 0.5 0 0 0.5 0 0
-0.5 0 0 0.5 0 0 0.5 0 0 -0.5 0 0
-0.5 0 0 0.5 0 0 -0.5 0 0 0.5 0 0
-0.5 0 0 0.5 0 0 -0.5 0 0 -0.5 0 0
-0.5 0 0 -0.5 0 0 0.5 0 0 0.5 0 0
-0.5 0 0 -0.5 0 0 0.5 0 0 -0.5 0 0
-0.5 0 0 -0.5 0 0 -0.5 0 0 0.5 0 0
-0.5 0 0 -0.5 0 0 -0.5 0 0 -0.5 0 0
0.5 0 0 0.5 0 0 0 0.5 0.5 0 0 0
0.5 0 0 0.5 0 0 0 0.5 -0.5 0 0 0
0.5 0 0 0.5 0 0 0 -0.5 0.5 0 0 0
0.5 0 0 0.5 0 0 0 -0.5 -0.5 0 0 0
0.5 0 0 -0.5 0 0 0 0.5 0.5 0 0 0
0.5 0 0 -0.5 0 0 0 0.5 -0.5 0 0 0
0.5 0 0 -0.5 0 0 0 -0.5 0.5 0 0 0
0.5 0 0 -0.5 0 0 0 -0.5 -0.5 0 0 0
-0.5 0 0 0.5 0 0 0 0.5 0.5 0 0 0
-0.5 0 0 0.5 0 0 0 0.5 -0.5 0 0 0
-0.5 0 0 0.5 0 0 0 -0.5 0.5 0 0 0
-0.5 0 0 0.5 0 0 0 -0.5 -0.5 0 0 0
-0.5 0 0 -0.5 0 0 0 0.5 0.5 0 0 0
-0.5 0 0 -0.5 0 0 0 0.5 -0.5 0 0 0
-0.5 0 0 -0.5 0 0 0 -0.5 0.5 0 0 0
-0.5 0 0 -0.5 0 0 0 -0.5 -0.5 0 0 0
0 0.5 0.5 0 0 0 0 0 0 0 0.5 0.5
0 0.5 0.5 0 0 0 0 0 0 0 0.5 -0.5
0 0.5 0.5 0 0 0 0 0 0 0 -0.5 0.5
0 0.5 0.5 0 0 0 0 0 0 0 -0.5 -0.5
0 0.5 -0.5 0 0 0 0 0 0 0 0.5 0.5
0 0.5 -0.5 0 0 0 0 0 0 0 0.5 -0.5
0 0.5 -0.5 0 0 0 0 0 0 0 -0.5 0.5
0 0.5 -0.5 0 0 0 0 0 0 0 -0.5 -0.5
0 -0.5 0.5 0 0 0 0 0 0 0 0.5 0.5
0 -0.5 0.5 0 0 0 0 0 0 0 0.5 -0.5
0 -0.5 0.5 0 0 0 0 0 0 0 -0.5 0.5
0 -0.5 0.5 0 0 0 0 0 0 0 -0.5 -0.5
0 -0.5 -0.5 0 0 0 0 0 0 0 0.5 0.5
0 -0.5 -0.5 0 0 0 0 0 0 0 0.5 -0.5
0 -0.5 -0.5 0 0 0 0 0 0 0 -0.5 0.5
0 -0.5 -0.5 0 0 0 0 0 0 0 -0.5 -0.5
0 0.5 0.5 0 0 0 0.5 0 0 0.5 0 0
0 0.5 0.5 0 0 0 0.5 0 0 -0.5 0 0
0 0.5 0.5 0 0 0 -0.5 0 0 0.5 0 0
0 0.5 0.5 0 0 0 -0.5 0 0 -0.5 0 0
0 0.5 -0.5 0 0 0 0.5 0 0 0.5 0 0
0 0.5 -0.5 0 0 0 0.5 0 0 -0.5 0 0
0 0.5 -0.5 0 0 0 -0.5 0 0 0.5 0 0
0 0.5 -0.5 0 0 0 -0.5 0 0 -0.5 0 0
0 -0.5 0.5 0 0 0 0.5 0 0 0.5 0 0
0 -0.5 0.5 0 0 0 0.5 0 0 -0.5 0 0
0 -0.5 0.5 0 0 0 -0.5 0 0 0.5 0 0
0 -0.5 0.5 0 0 0 -0.5 0 0 -0.5 0 0
0 -0.5 -0.5 0 0 0 0.5 0 0 0.5 0 0
0 -0.5 -0.5 0 0 0 0.5 0 0 -0.5 0 0
0 -0.5 -0.5 0 0 0 -0.5 0 0 0.5 0 0
0 -0.5 -0.5 0 0 0 -0.5 0 0 -0.5 0 0
0 0.5 0.5 0 0 0 0 0.5 0.5 0 0 0
0 0.5 0.5 0 0 0 0 0.5 -0.5 0 0 0
0 0.5 0.5 0 0 0 0 -0.5 0.5 0 0 0
0 0.5 0.5 0 0 0 0 -0.5 -0.5 0 0 0
0 0.5 -0.5 0 0 0 0 0.5 0.5 0 0 0
0 0.5 -0.5 0 0 0 0 0.5 -0.5 0 0 0
0 0.5 -0.5 0 0 0 0 -0.5 0.5 0 0 0
0 0.5 -0.5 0 0 0 0 -0.5 -0.5 0 0 0
0 -0.5 0.5 0 0 0 0 0.5 0.5 0 0 0
0 -0.5 0.5 0 0 0 0 0.5 -0.5 0 0 0
0 -0.5 0.5 0 0 0 0 -0.5 0.5 0 0 0
0 -0.5 0.5 0 0 0 0 -0.5 -0.5 0 0 0
0 -0.5 -0.5 0 0 0 0 0.5 0.5 0 0 0
0 -0.5 -0.5 0 0 0 0 0.5 -0.5 0 0 0
0 -0.5 -0.5 0 0 0 0 -0.5 0.5 0 0 0
0 -0.5 -0.5 0 0 0 0 -0.5 -0.5 0 0 0
0.50000114729004463 0.3344933206652827 0.41265333910084073 -0.49402300526230064 0.33449332066544901 0.33449332066527754 0 0 0 0 0 0
0.50000114729006029 0.41265333910103202 -0.33449332066517506 -0.49402300526222559 -0.33449332066558107 0.33449332066510462 0 0 0 0 0 0
6.260883445884104e-14 -0.49617364363183375 0.49617364363209698 -0.32750728072591934 0.39265013328236847 0.49617364363175437 0 0 0 0 0 0
1.0866093333740679e-13 -0.4961736436318443 0.49617364363186017 0.3275072807258535 -0.39265013328270043 0.49617364363176142 0 0 0 0 0 0
0.50000114729007861 0.33449332066514015 -0.3344933206651477 -0.49402300526250575 0.41265333910115098 -0.33449332066498477 0 0 0 0 0 0
0.5000011472900423 0.33449332066522403 -0.33449332066539655 0.4940230052622801 -0.412653339100922 -0.33449332066532211 0 0 0 0 0 0
0.50000114729005507 -0.33449332066496928 0.41265333910110241 0.49402300526244947 -0.33449332066514204 -0.33449332066533954 0 0 0 0 0 0
0.50000114729005518 -0.33449332066516374 -0.41265333910089735 -0.49402300526241838 -0.33449332066520088 -0.33449332066538506 0 0 0 0 0 0
-0.50000114729002587 0.33449332066542709 -0.41265333910095708 0.4940230052623506 0.33449332066497656 0.33449332066541637 0 0 0 0 0 0
2.2176048016576023e-14 0.4961736436318761 -0.49617364363185679 -0.32750728072579205 -0.39265013328244192 -0.49617364363197813 0 0 0 0 0 0
8.5305965726514355e-14 -0.49617364363165095 -0.49617364363199845 0.32750728072578666 0.49617364363175864 0.39265013328282916 0 0 0 0 0 0
-0.50000114728999812 0.41265333910111929 -0.33449332066494358 -0.49402300526221232 -0.33449332066576881 0.33449332066515297 0 0 0 0 0 0
2.4257973991466855e-14 0.49617364363169364 -0.49617364363209748 0.32750728072570556 0.39265013328279863 -0.49617364363169447 0 0 0 0 0 0
-0.50000114729004774 0.33449332066547371 0.3344933206651543 -0.49402300526234671 -0.33449332066499204 -0.41265333910109714 0 0 0 0 0 0
-0.5000011472899577 -0.33449332066558907 -0.33449332066546339 0.49402300526216697 0.33449332066558313 -0.41265333910059837 0 0 0 0 0 0
-0.50000114729001721 -0.33449332066510712 0.41265333910100643 0.49402300526252391 -0.33449332066527615 -0.33449332066513293 0 0 0 0 0 0
0.50000114729004785 -0.33449332066537046 0.33449332066526344 0.49402300526234094 0.41265333910090513 0.33449332066523141 0 0 0 0 0 0
0.5000011472901007 0.33449332066534726 0.33449332066535831 0.49402300526242643 -0.33449332066519133 0.41265333910071317 0 0 0 0 0 0
0.5000011472900221 -0.41265333910067498 -0.3344933206653492 0.49402300526246062 -0.33449332066536819 0.3344933206652938 0 0 0 0 0 0
-1.9966317703294371e-14 -0.39265013328249959 -0.49617364363181055 -0.32750728072591889 -0.49617364363203259 0.4961736436317386 0 0 0 0 0 0
0.50000114729003409 0.41265333910124058 0.33449332066493698 0.49402300526242054 0.3344933206653577 -0.33449332066505993 0 0 0 0 0 0
-1.0301918558785917e-13 -0.4961736436316968 0.39265013328262627 -0.32750728072568591 -0.49617364363197147 -0.49617364363196687 0 0 0 0 0 0
0.50000114729009426 -0.33449332066551946 -0.33449332066526172 0.49402300526186349 0.33449332066545973 -0.41265333910111607 0 0 0 0 0 0
-1.0432001672430686e-14 -0.49617364363189442 -0.49617364363184863 -0.32750728072593083 0.49617364363188177 -0.3926501332824352 0 0 0 0 0 0
-7.866090454394806e-14 0.49617364363167965 0.39265013328266213 0.32750728072584689 0.49617364363189864 0.49617364363192218 0 0 0 0 0 0
-0.50000114729005662 0.33449332066536108 0.41265333910090224 -0.49402300526216564 0.33449332066557308 0.33449332066518034 0 0 0 0 0 0
-0.50000114729008505 -0.41265333910098639 -0.33449332066516035 0.49402300526242771 -0.33449332066520832 0.33449332066521253 0 0 0 0 0 0
-0.50000114729007183 -0.33449332066560805 -0.33449332066524262 -0.49402300526169057 0.33449332066540255 0.41265333910134033 0 0 0 0 0 0
-0.50000114729001321 0.33449332066524085 0.33449332066559639 0.49402300526217213 -0.33449332066533599 0.41265333910089946 0 0 0 0 0 0
-0.50000114729004974 -0.41265333910106144 0.33449332066536702 -0.49402300526212561 0.33449332066518739 -0.3344933206654333 0 0 0 0 0 0
-0.50000114729002842 0.33449332066526855 -0.33449332066538112 0.4940230052623299 -0.41265333910080781 -0.33449332066538123 0 0 0 0 0 0
-0.50000114729002521 0.33449332066523063 -0.33449332066518517 -0.49402300526258547 0.41265333910092461 -0.33449332066509835 0 0 0 0 0 0
-0.50000114729005651 0.41265333910115726 0.33449332066492515 0.49402300526241893 0.33449332066534215 -0.33449332066515891 0 0 0 0 0 0
6.8321904281410771e-14 0.39265013328239484 0.49617364363187177 -0.32750728072574109 0.49617364363203553 -0.49617364363187461 0 0 0 0 0 0
0.50000114729005252 0.33449332066552023 -0.41265333910087248 0.49402300526220672 0.33449332066507792 0.33449332066549864 0 0 0 0 0 0
-1.1284529865609301e-13 0.4961736436319385 -0.392650133282683 -0.32750728072586294 0.49617364363156263 0.49617364363197236 0 0 0 0 0 0
-1.8976567393522557e-14 0.49617364363204974 0.49617364363167699 0.32750728072578245 -0.49617364363172811 -0.39265013328277359 0 0 0 0 0 0
1.0272397038071185e-13 0.49617364363182104 0.49617364363221583 -0.32750728072583885 -0.49617364363163574 0.39265013328245152 0 0 0 0 0 0
-5.4667827870644799e-14 0.39265013328279458 -0.4961736436315774 0.32750728072576973 -0.49617364363212946 0.49617364363173977 0 0 0 0 0 0
0.50000114729005052 0.33449332066534693 0.33449332066535792 -0.4940230052621955 -0.33449332066511595 -0.41265333910111218 0 0 0 0 0 0
-3.3817071075392817e-14 -0.39265013328253584 0.49617364363188199 0.3275072807258706 0.49617364363187072 -0.49617364363183203 0 0 0 0 0 0
0.50000114729004119 -0.41265333910103802 0.33449332066523313 -0.49402300526231246 0.33449332066500392 -0.33449332066551618 0 0 0 0 0 0
-0.50000114729005118 -0.33449332066562937 0.33449332066526449 0.49402300526207188 0.41265333910085911 0.33449332066542065 0 0 0 0 0 0
0.50000114728993172 -0.33449332066523979 -0.3344933206651039 -0.49402300526203791 0.3344933206652172 0.4126533391016553 0 0 0 0 0 0
-0.50000114729003742 -0.33449332066516313 0.33449332066525439 -0.49402300526237158 -0.41265333910118068 0.33449332066507836 0 0 0 0 0 0
0.50000114729005729 -0.3344933206652746 0.33449332066527032 -0.49402300526237286 -0.41265333910111324 0.33449332066500248 0 0 0 0 0 0
-7.6844207449093206e-15 -0.49617364363188715 -0.39265013328257664 0.32750728072589369 -0.49617364363180105 -0.49617364363184918 0 0 0 0 0 0
-0.50000114729001366 -0.33449332066518755 -0.41265333910087304 -0.49402300526245962 -0.33449332066521753 -0.3344933206653754 0 0 0 0 0 0
-0.065087815680722444 -0.065091688880607165 -0.06508879953128234 0.065087973962968906 -0.065085220847282008 -0.065086615034757295 0.43912015043769848 0.4391401247579923 0.10867655467063705 0.4375495719516489 0.43912235687103041 -0.43911510704269918
-0.019180390636557607 0.089178797888197284 0.018572708693838886 0.071246159750142257 0.00065002455664282702 0.037116844808166002 0.32744599497794002 0.45960175448521889 0.44107243944242414 0.38840955768469465 -0.45899521223391426 -0.33217777257258946
-0.030583696886980181 -0.075733158055902403 0.040818409394792393 -6.9766405317704764e-06 -0.075734064359056399 2.0409876272892437e-06 0.31938745740780516 -0.46123106637072436 -0.43065796279908825 -0.40329749701507034 0.31748133710044674 0.47146085647701025
0.071362333815494089 -0.01313386338927228 1.26358816621306e-06 -2.8866541427567466e-06 0.071359994168051735 2.6617330382285521e-05 0.47509621185893214 -0.17695203442055041 0.46198708718362114 0.46194995113776616 -0.39062413870794116 0.39140412954976711
0.0082242298821182079 0.005832759835722125 0.090472921654455779 -0.088089853215437261 0.046968326080066271 0.049345146326477636 0.39627825842543285 0.43550327667000455 -0.47662701596013929 -0.31024394821960949 0.39437701154698362 -0.39198825615686084
-0.062650086582409933 -0.062651242511139488 -0.062652465834865084 0.062656066850643621 -0.062653570284330759 -0.062656463225402248 0.44157974194182781 0.44154538276838884 -0.040119404142924184 -0.44154435445217449 -0.44155352917465968 -0.44153355005015643
-0.06658900774320882 0.066586168407113483 -0.066591436989867622 0.066590399248577056 -0.066588929890821255 -0.066589915237070058 0.43762162021323475 -0.43763293594006808 -0.12580988459860187 -0.437611350941078 0.43762540362693786 -0.43762095304553211
0.058332668193513258 2.3956819663958052e-06 0.0053509136944702171 -0.063152416219746738 0.00053844558228265777 0.057797722411532179 0.44052572548130076 -0.33947019793251604 0.50422376743436792 -0.38808993339078646 -0.28381320896189693 -0.44105702749523529
-0.03901688951602704 2.3594905746879921e-07 -1.7732145693953052e-06 2.4462024461274757e-06 -0.039014762948803926 -0.039008374863968361 -0.45949249297319222 0.50421863380818588 -0.21546920206330483 0.41292512927265212 0.31099284909322172 0.46520254072604261
7.0388194147002631e-06 -0.037546831608334365 0.028853800968471861 -0.066405912210440329 0.066407541795557967 5.9406393971887497e-07 -0.3549566642960123 0.44814166288392948 0.4938709050172036 0.41059517423768416 -0.35310740385710299 0.353455933099312
-0.040251972327602761 0.044416203717982931 0.04441117349913444 -0.040258790404048027 -0.040253335212363878 0.044416309152803389 -0.3700509807937104 -0.45980222729176207 -0.45980269405526375 0.27805107738959439 0.4639593826313711 0.3699671243254582
0.069770330044448894 -1.5600692011331689e-06 -0.010805911402711194 0.015254351826608049 0.069770028761272321 -8.4945420132068367e-07 -0.42272411692420747 -0.10806933759699663 -0.43799018802586293 0.50069547286462068 -0.41777323738345756 0.42717008459415229
1.3236870441810947e-06 0.091687144106884957 0.013721207394345245 0.072394029684515818 0.037173381904239987 0.016953098192942911 -0.45627798414124027 0.46043551695423357 0.44255690860312957 0.38388723313051354 0.32971969291027964 -0.33520660432962335
-0.049810509315005844 -5.8860039560985332e-06 -6.4769695837375517e-06 0.049815120853889373 -0.040167981188323224 -4.1034912706190105e-06 -0.45923000866532299 -0.49938315352715418 0.22352798772242433 -0.41781223152039176 -0.45922542661610527 -0.31261533975543199
0.063536274609421309 2.4103225006313478e-06 0.057095113692145351 -0.056560689540307532 0.00054517233068559481 0.0069772045407351761 -0.28395804798768665 -0.33783520503437503 0.50422064240388775 -0.39056322582069453 0.44067334170522088 -0.44013556677594345
-0.088474455559161391 0.088471662812021401 5.5541766527654473e-06 -1.8715436344301518e-06 0.0042235068484195726 0.0066746032188373166 -0.37272452684994828 -0.45876079626585003 -0.46119891028467586 0.28103716792814171 -0.36961196918508449 -0.45453082815634593
-0.062278392372785506 -0.062259410672339172 -0.062262202793817327 0.06228112869340998 -0.062264101125832194 -0.062281382465240613 0.44192225789144385 -0.44189130686008671 0.04425022791460604 0.44191543682202189 0.44197615310655963 0.43997771859719031
-0.043910165255641231 0.039637648471591277 0.045220834721237994 -0.047352787165796238 -0.041777703086613958 0.049484766103934201 0.45686533969430149 0.45472090840176116 0.4624384150068821 -0.28367567954801953 -0.3740920691661489 0.37182835705231598
-0.03942579120272241 0.0022385039965374582 1.3989048439644326e-07 1.626199534698907e-06 -0.039425482259754237 -0.0022529777710048652 0.30720434685647541 0.50422352234046575 -0.21747490998460384 0.41352869086307253 -0.46252921869620656 0.46479101489656693
0.069253149831422306 0.016430310587776161 -1.2383650316596872e-06 -2.4809758478063586e-07 0.069250807358774438 1.893882195933051e-07 0.4778059908597434 0.18417919187718357 -0.46137790737064638 -0.46138013462406674 -0.38799769229194225 0.38940264627970617
0.061963093037756038 0.089225016677269037 0.033547678279163211 -0.060806998683645995 0.088069994695504014 0.034701766455009241 0.40172117983613487 -0.42784060728127887 0.45783453773599742 0.31685606126185462 0.39940276906409833 -0.40056922763288583
0.056897872060740547 0.0064011522204039037 1.9355825932522079e-06 -0.0026867574629926105 0.063310511865406593 0.0595827844931043 0.43820778620706119 -0.34200872405901522 0.50422191790097637 -0.38773814678037727 0.44090143356867811 0.28493050259121644
0.078717301351173455 -0.026538049676618981 0.057751967907149773 0.0055694174990861336 0.052180434763683253 9.9893399892666861e-07 0.32807787300374414 -0.47767244907370704 -0.44646252570220485 -0.37471477973061357 -0.45203595285158693 -0.32730367760180601
9.8650994842981851e-05 0.050481260056309034 0.046332022068231282 0.0139504310260746 0.010162926143381936 0.060736200735509394 0.35560516978662948 0.40508182198570747 0.50222896553036722 -0.44105904490054931 0.35556653278432621 -0.35717964287455078
-0.096533513346452146 9.0403462652319285e-07 -3.2847337355422253e-07 4.4594715207431331e-07 -0.096532776832656431 -1.8538124394392806e-07 -0.40768076819407106 -0.50422687742567962 0.40769342472061426 0.24961887415465769 -0.40765951893662855 0.40768193098142591
-0.047825850450777571 0.042408369518288136 0.047831303953155387 -0.042415626770342281 -0.04241002174298257 0.047824867902022394 -0.37455013715676833 0.45638816442182722 0.46180458585352285 -0.28326547486064951 0.45638545622484789 0.37063866497139741
0.066500365548068624 -1.0990880605799089e-06 1.0215146070746431e-06 -8.7859284429400978e-06 0.066515708965919018 0.052695281419207401 0.43767870147517307 0.33848775915568513 -0.50422215810110682 0.38501849206699174 0.43769335576083196 0.29696003540098481
0.050352611594765409 0.099076261266855412 -1.2521722159859174e-05 -0.047110173549293671 0.025171505426019387 0.073899949162922973 -0.36156076337508386 -0.4436963460224595 -0.46563032933036469 -0.41855400856450159 -0.35887572107832211 0.36187132414074746
-0.040133807100313348 1.2587072476358237e-07 -3.7089993406299995e-06 0.040132442452484991 -0.040125654958420298 -1.0753215898599656e-06 -0.46407549895978739 0.50422052466512801 -0.21857987497664727 0.41353670271317056 -0.46408155972668458 -0.30232884388901654
-0.062509226107152802 -0.062508456485364003 -0.062517961863119753 0.062524271403650619 -0.062508867771519899 -0.062521486160466266 -0.44138943678311254 0.44137491871997875 -0.043434576904589572 -0.44139228009373666 0.44201434345658569 -0.44138914086106568
-0.061529191529547236 -0.061527641622184367 -0.06152750364439951 0.061529454592159083 -0.061526392770756763 -0.061525756669894939 -0.44087131331829615 -0.44088582822954364 0.047030240940717463 0.44087349132187936 0.44450273420938535 -0.44087900449474038
-0.096151903634926275 -1.8255330105762552e-06 -3.08042498687751e-07 3.2652009171942966e-07 -0.096151176773122876 -4.5977344381091021e-07 -0.4080547957378724 0.50422662020487508 -0.40807399822681334 -0.2474022960047394 -0.40805706006681886 0.40806091875265477
-0.018614704586972845 0.08611595038496922 0.033324923893384845 -2.1401984312524368e-06 -0.090870766125805552 -0.0047554357288444203 0.32835219877152133 0.45379821277720578 0.43519209897483907 0.39625384754966336 0.32806041222150006 0.46375206939401781
-0.062177488245136713 -0.062178652605963794 -0.062185169863592141 0.062182185739722402 -0.062178870952399178 -0.062184584168386896 0.44146315837382871 0.44146877919986544 -0.036542952345113504 -0.44146762978178666 0.44146571772956084 0.4426009290420112
0.065946195788818274 0.0028753652385063804 0.056457738694847041 -0.05933126788264876 9.8063953801213642e-06 0.00948739104826948 -0.29664904478543241 0.33774974608016867 -0.50422196369111094 0.38843382123261838 0.435397611620086 -0.43826692339699191
0.070209692209117727 4.5331262959372386e-06 -7.4093825753652893e-07 -3.7304026354438682e-07 0.070211306540002946 0.016686260040852968 -0.38795480170342755 0.18362587336226896 -0.46076329578389252 -0.46077098300370106 0.47745882064100714 0.3912230972193787
0.066195181524146302 2.0094881207890803e-06 0.028742997332671865 -0.066182490650538175 1.3689372058330095e-05 7.595500293981167e-07 -0.39178117124757966 -0.17722930738913414 0.45676008116701761 0.45676247200245856 -0.39058142687022157 -0.48548287678492236
-0.092636681879451344 0.015566707896840634 0.0018035723773172558 -1.577169904028985e-06 2.2604731226536425e-06 0.092626189420446037 -0.37394838578054157 0.45102412409688336 0.46478060223370071 -0.28864629793773167 -0.37174272502065669 -0.44922461647961098
0.064332427588159838 2.2956414422712918e-06 0.0047600053211819373 -0.064789081991376909 0.00045534243716511657 0.052976742583473804 0.43510962606920395 0.33789186439462304 -0.50422205449956481 0.38691220314235525 -0.29716186339117301 -0.43942793312146872
0.065066885760568877 4.4869032022544605e-07 0.028825343189715833 -0.065060848235766924 0.0023514494706765288 1.7592700267750554e-06 -0.3901123406392456 0.17878192281437386 -0.45610281640298145 -0.45845289557860081 -0.39139059841450979 -0.48492360770508003
0.071024380036062193 1.9104456483388635e-06 1.9191954830894518e-06 -0.00074768319000789512 0.071028369435852709 0.016470981922786173 -0.38982684858597733 -0.17924806399480295 0.4608493479528285 0.46009510351675537 0.4765614107714593 0.39289109374393616
-0.045258249938972345 -0.0068715928871829358 -0.0034291290833968076 4.4886371735846295e-06 -0.048694600794419993 -0.041808723857681036 -0.45896288869236185 -0.49732839306628052 0.21744022391717968 -0.41498006312451108 0.32013503736448118 0.46240238956674934
-1.3597862920086712e-06 -0.06055412449203499 0.027924680208284362 0.03262711843672237 -1.4071557324356144e-06 0.060549635500310721 0.35918980280663482 -0.38841491572441322 -0.50421681119630235 0.44364771746125431 0.35943146453165165 -0.3615111260076872
-4.0390030867307357e-07 -0.077658714062094084 0.011565174593420097 0.044597746631351229 0.066097938143316062 0.033043209196714565 -0.4596061610024898 -0.47116057602153377 -0.43811908225952279 -0.39057816376080068 0.32016593032414026 -0.32580616007969421
-0.062784805312560379 -0.062782332177432107 -0.062781576037400144 0.06278617814773832 -0.062782938442332473 -0.062782562293617991 0.4414394416560829 -0.44143333337530993 0.045355832889646806 0.44142318289402371 -0.44142040169236313 -0.44142241852488445
0.074597669047945542 -5.6373899149775201e-07 -2.8649184496767994e-06 0.0074413622744018675 0.074597520123838634 -1.8040274178785477e-06 -0.42217518072986793 0.098491468664687484 0.42963139269742784 -0.50422421415677932 -0.42129241300917064 0.42961620344610085
-0.061621624919291108 0.02968289845366168 0.024715933866629663 -0.040687344829344128 -0.045648342224139042 0.056656453267506769 0.46352267632621708 -0.44754566040186694 -0.45857650441559278 0.28422002888986186 -0.37538824692112871 0.37499530377994134
-0.049022662882414116 -0.0028612443491314752 -1.7516936053968333e-06 7.4421836615707202e-06 -0.049023704790511755 -0.0028694275986929228 0.32088512004867592 -0.49616691053415435 0.21890973246250839 -0.41421780881709064 -0.46037555691584131 0.46323282872529142
