1 0 0 0 0 0 0 0 0 0 0 0
-1 0 0 0 0 0 0 0 0 0 0 0
0 1 0 0 0 0 0 0 0 0 0 0
0 -1 0 0 0 0 0 0 0 0 0 0
0 0 1 0 0 0 0 0 0 0 0 0
0 0 -1 0 0 0 0 0 0 0 0 0
0 0 0 1 0 0 0 0 0 0 0 0
0 0 0 -1 0 0 0 0 0 0 0 0
0 0 0 0 1 0 0 0 0 0 0 0
0 0 0 0 -1 0 0 0 0 0 0 0
0 0 0 0 0 1 0 0 0 0 0 0
0 0 0 0 0 -1 0 0 0 0 0 0
0 0 0 0 0 0 1 0 0 0 0 0
0 0 0 0 0 0 -1 0 0 0 0 0
0 0 0 0 0 0 0 1 0 0 0 0
0 0 0 0 0 0 0 -1 0 0 0 0
0 0 0 0 0 0 0 0 1 0 0 0
0 0 0 0 0 0 0 0 -1 0 0 0
0 0 0 0 0 0 0 0 0 1 0 0
0 0 0 0 0 0 0 0 0 -1 0 0
0 0 0 0 0 0 0 0 0 0 1 0
0 0 0 0 0 0 0 0 0 0 -1 0
0 0 0 0 0 0 0 0 0 0 0 1
0 0 0 0 0 0 0 0 0 0 0 -1
0.5 0 0 0 0 0.5 0.5 0 0 0 0 0.5
0.5 0 0 0 0 0.5 0.5 0 0 0 0 -0.5
0.5 0 0 0 0 0.5 -0.5 0 0 0 0 0.5
0.5 0 0 0 0 0.5 -0.5 0 0 0 0 -0.5
0.5 0 0 0 0 -0.5 0.5 0 0 0 0 0.5
0.5 0 0 0 0 -0.5 0.5 0 0 0 0 -0.5
0.5 0 0 0 0 -0.5 -0.5 0 0 0 0 0.5
0.5 0 0 0 0 -0.5 -0.5 0 0 0 0 -0.5
-0.5 0 0 0 0 0.5 0.5 0 0 0 0 0.5
-0.5 0 0 0 0 0.5 0.5 0 0 0 0 -0.5
-0.5 0 0 0 0 0.5 -0.5 0 0 0 0 0.5
-0.5 0 0 0 0 0.5 -0.5 0 0 0 0 -0.5
-0.5 0 0 0 0 -0.5 0.5 0 0 0 0 0.5
-0.5 0 0 0 0 -0.5 0.5 0 0 0 0 -0.5
-0.5 0 0 0 0 -0.5 -0.5 0 0 0 0 0.5
-0.5 0 0 0 0 -0.5 -0.5 0 0 0 0 -0.5
0.5 0 0 0 0 0.5 0 0.5 0 0 0.5 0
0.5 0 0 0 0 0.5 0 0.5 0 0 -0.5 0
0.5 0 0 0 0 0.5 0 -0.5 0 0 0.5 0
0.5 0 0 0 0 0.5 0 -0.5 0 0 -0.5 0
0.5 0 0 0 0 -0.5 0 0.5 0 0 0.5 0
0.5 0 0 0 0 -0.5 0 0.5 0 0 -0.5 0
0.5 0 0 0 0 -0.5 0 -0.5 0 0 0.5 0
0.5 0 0 0 0 -0.5 0 -0.5 0 0 -0.5 0
-0.5 0 0 0 0 0.5 0 0.5 0 0 0.5 0
-0.5 0 0 0 0 0.5 0 0.5 0 0 -0.5 0
-0.5 0 0 0 0 0.5 0 -0.5 0 0 0.5 0
-0.5 0 0 0 0 0.5 0 -0.5 0 0 -0.5 0
-0.5 0 0 0 0 -0.5 0 0.5 0 0 0.5 0
-0.5 0 0 0 0 -0.5 0 0.5 0 0 -0.5 0
-0.5 0 0 0 0 -0.5 0 -0.5 0 0 0.5 0
-0.5 0 0 0 0 -0.5 0 -0.5 0 0 -0.5 0
0.5 0 0 0 0 0.5 0 0 0.5 0.5 0 0
0.5 0 0 0 0 0.5 0 0 0.5 -0.5 0 0
0.5 0 0 0 0 0.5 0 0 -0.5 0.5 0 0
0.5 0 0 0 0 0.5 0 0 -0.5 -0.5 0 0
0.5 0 0 0 0 -0.5 0 0 0.5 0.5 0 0
0.5 0 0 0 0 -0.5 0 0 0.5 -0.5 0 0
0.5 0 0 0 0 -0.5 0 0 -0.5 0.5 0 0
0.5 0 0 0 0 -0.5 0 0 -0.5 -0.5 0 0
-0.5 0 0 0 0 0.5 0 0 0.5 0.5 0 0
-0.5 0 0 0 0 0.5 0 0 0.5 -0.5 0 0
-0.5 0 0 0 0 0.5 0 0 -0.5 0.5 0 0
-0.5 0 0 0 0 0.5 0 0 -0.5 -0.5 0 0
-0.5 0 0 0 0 -0.5 0 0 0.5 0.5 0 0
-0.5 0 0 0 0 -0.5 0 0 0.5 -0.5 0 0
-0.5 0 0 0 0 -0.5 0 0 -0.5 0.5 0 0
-0.5 0 0 0 0 -0.5 0 0 -0.5 -0.5 0 0
0 0.5 0 0 0.5 0 0.5 0 0 0 0 0.5
0 0.5 0 0 0.5 0 0.5 0 0 0 0 -0.5
0 0.5 0 0 0.5 0 -0.5 0 0 0 0 0.5
0 0.5 0 0 0.5 0 -0.5 0 0 0 0 -0.5
0 0.5 0 0 -0.5 0 0.5 0 0 0 0 0.5
0 0.5 0 0 -0.5 0 0.5 0 0 0 0 -0.5
0 0.5 0 0 -0.5 0 -0.5 0 0 0 0 0.5
0 0.5 0 0 -0.5 0 -0.5 0 0 0 0 -0.5
0 -0.5 0 0 0.5 0 0.5 0 0 0 0 0.5
0 -0.5 0 0 0.5 0 0.5 0 0 0 0 -0.5
0 -0.5 0 0 0.5 0 -0.5 0 0 0 0 0.5
0 -0.5 0 0 0.5 0 -0.5 0 0 0 0 -0.5
0 -0.5 0 0 -0.5 0 0.5 0 0 0 0 0.5
0 -0.5 0 0 -0.5 0 0.5 0 0 0 0 -0.5
0 -0.5 0 0 -0.5 0 -0.5 0 0 0 0 0.5
0 -0.5 0 0 -0.5 0 -0.5 0 0 0 0 -0.5
0 0.5 0 0 0.5 0 0 0.5 0 0 0.5 0
0 0.5 0 0 0.5 0 0 0.5 0 0 -0.5 0
0 0.5 0 0 0.5 0 0 -0.5 0 0 0.5 0
0 0.5 0 0 0.5 0 0 -0.5 0 0 -0.5 0
0 0.5 0 0 -0.5 0 0 0.5 0 0 0.5 0
0 0.5 0 0 -0.5 0 0 0.5 0 0 -0.5 0
0 0.5 0 0 -0.5 0 0 -0.5 0 0 0.5 0
0 0.5 0 0 -0.5 0 0 -0.5 0 0 -0.5 0
0 -0.5 0 0 0.5 0 0 0.5 0 0 0.5 0
0 -0.5 0 0 0.5 0 0 0.5 0 0 -0.5 0
0 -0.5 0 0 0.5 0 0 -0.5 0 0 0.5 0
0 -0.5 0 0 0.5 0 0 -0.5 0 0 -0.5 0
0 -0.5 0 0 -0.5 0 0 0.5 0 0 0.5 0
0 -0.5 0 0 -0.5 0 0 0.5 0 0 -0.5 0
0 -0.5 0 0 -0.5 0 0 -0.5 0 0 0.5 0
0 -0.5 0 0 -0.5 0 0 -0.5 0 0 -0.5 0
0 0.5 0 0 0.5 0 0 0 0.5 0.5 0 0
0 0.5 0 0 0.5 0 0 0 0.5 -0.5 0 0
0 0.5 0 0 0.5 0 0 0 -0.5 0.5 0 0
0 0.5 0 0 0.5 0 0 0 -0.5 -0.5 0 0
0 0.5 0 0 -0.5 0 0 0 0.5 0.5 0 0
0 0.5 0 0 -0.5 0 0 0 0.5 -0.5 0 0
0 0.5 0 0 -0.5 0 0 0 -0.5 0.5 0 0
0 0.5 0 0 -0.5 0 0 0 -0.5 -0.5 0 0
0 -0.5 0 0 0.5 0 0 0 0.5 0.5 0 0
0 -0.5 0 0 0.5 0 0 0 0.5 -0.5 0 0
0 -0.5 0 0 0.5 0 0 0 -0.5 0.5 0 0
0 -0.5 0 0 0.5 0 0 0 -0.5 -0.5 0 0
0 -0.5 0 0 -0.5 0 0 0 0.5 0.5 0 0
0 -0.5 0 0 -0.5 0 0 0 0.5 -0.5 0 0
0 -0.5 0 0 -0.5 0 0 0 -0.5 0.5 0 0
0 -0.5 0 0 -0.5 0 0 0 -0.5 -0.5 0 0
0 0 0.5 0.5 0 0 0.5 0 0 0 0 0.5
0 0 0.5 0.5 0 0 0.5 0 0 0 0 -0.5
0 0 0.5 0.5 0 0 -0.5 0 0 0 0 0.5
0 0 0.5 0.5 0 0 -0.5 0 0 0 0 -0.5
0 0 0.5 -0.5 0 0 0.5 0 0 0 0 0.5
0 0 0.5 -0.5 0 0 0.5 0 0 0 0 -0.5
0 0 0.5 -0.5 0 0 -0.5 0 0 0 0 0.5
0 0 0.5 -0.5 0 0 -0.5 0 0 0 0 -0.5
0 0 -0.5 0.5 0 0 0.5 0 0 0 0 0.5
0 0 -0.5 0.5 0 0 0.5 0 0 0 0 -0.5
0 0 -0.5 0.5 0 0 -0.5 0 0 0 0 0.5
0 0 -0.5 0.5 0 0 -0.5 0 0 0 0 -0.5
0 0 -0.5 -0.5 0 0 0.5 0 0 0 0 0.5
0 0 -0.5 -0.5 0 0 0.5 0 0 0 0 -0.5
0 0 -0.5 -0.5 0 0 -0.5 0 0 0 0 0.5
0 0 -0.5 -0.5 0 0 -0.5 0 0 0 0 -0.5
0 0 0.5 0.5 0 0 0 0.5 0 0 0.5 0
0 0 0.5 0.5 0 0 0 0.5 0 0 -0.5 0
0 0 0.5 0.5 0 0 0 -0.5 0 0 0.5 0
0 0 0.5 0.5 0 0 0 -0.5 0 0 -0.5 0
0 0 0.5 -0.5 0 0 0 0.5 0 0 0.5 0
0 0 0.5 -0.5 0 0 0 0.5 0 0 -0.5 0
0 0 0.5 -0.5 0 0 0 -0.5 0 0 0.5 0
0 0 0.5 -0.5 0 0 0 -0.5 0 0 -0.5 0
0 0 -0.5 0.5 0 0 0 0.5 0 0 0.5 0
0 0 -0.5 0.5 0 0 0 0.5 0 0 -0.5 0
0 0 -0.5 0.5 0 0 0 -0.5 0 0 0.5 0
0 0 -0.5 0.5 0 0 0 -0.5 0 0 -0.5 0
0 0 -0.5 -0.5 0 0 0 0.5 0 0 0.5 0
0 0 -0.5 -0.5 0 0 0 0.5 0 0 -0.5 0
0 0 -0.5 -0.5 0 0 0 -0.5 0 0 0.5 0
0 0 -0.5 -0.5 0 0 0 -0.5 0 0 -0.5 0
0 0 0.5 0.5 0 0 0 0 0.5 0.5 0 0
0 0 0.5 0.5 0 0 0 0 0.5 -0.5 0 0
0 0 0.5 0.5 0 0 0 0 -0.5 0.5 0 0
0 0 0.5 0.5 0 0 0 0 -0.5 -0.5 0 0
0 0 0.5 -0.5 0 0 0 0 0.5 0.5 0 0
0 0 0.5 -0.5 0 0 0 0 0.5 -0.5 0 0
0 0 0.5 -0.5 0 0 0 0 -0.5 0.5 0 0
0 0 0.5 -0.5 0 0 0 0 -0.5 -0.5 0 0
0 0 -0.5 0.5 0 0 0 0 0.5 0.5 0 0
0 0 -0.5 0.5 0 0 0 0 0.5 -0.5 0 0
0 0 -0.5 0.5 0 0 0 0 -0.5 0.5 0 0
0 0 -0.5 0.5 0 0 0 0 -0.5 -0.5 0 0
0 0 -0.5 -0.5 0 0 0 0 0.5 0.5 0 0
0 0 -0.5 -0.5 0 0 0 0 0.5 -0.5 0 0
0 0 -0.5 -0.5 0 0 0 0 -0.5 0.5 0 0
0 0 -0.5 -0.5 0 0 0 0 -0.5 -0.5 0 0
0 0.5 0 0 0 0.5 0 0.5 0 0 0 0.5
0 0.5 0 0 0 0.5 0 0.5 0 0 0 -0.5
0 0.5 0 0 0 0.5 0 -0.5 0 0 0 0.5
0 0.5 0 0 0 0.5 0 -0.5 0 0 0 -0.5
0 0.5 0 0 0 -0.5 0 0.5 0 0 0 0.5
0 0.5 0 0 0 -0.5 0 0.5 0 0 0 -0.5
0 0.5 0 0 0 -0.5 0 -0.5 0 0 0 0.5
0 0.5 0 0 0 -0.5 0 -0.5 0 0 0 -0.5
0 -0.5 0 0 0 0.5 0 0.5 0 0 0 0.5
0 -0.5 0 0 0 0.5 0 0.5 0 0 0 -0.5
0 -0.5 0 0 0 0.5 0 -0.5 0 0 0 0.5
0 -0.5 0 0 0 0.5 0 -0.5 0 0 0 -0.5
0 -0.5 0 0 0 -0.5 0 0.5 0 0 0 0.5
0 -0.5 0 0 0 -0.5 0 0.5 0 0 0 -0.5
0 -0.5 0 0 0 -0.5 0 -0.5 0 0 0 0.5
0 -0.5 0 0 0 -0.5 0 -0.5 0 0 0 -0.5
0 0.5 0 0 0 0.5 0.5 0 0.5 0 0 0
0 0.5 0 0 0 0.5 -0.5 0 0.5 0 0 0
0 0.5 0 0 0 0.5 0.5 0 -0.5 0 0 0
0 0.5 0 0 0 0.5 -0.5 0 -0.5 0 0 0
0 0.5 0 0 0 -0.5 0.5 0 0.5 0 0 0
0 0.5 0 0 0 -0.5 -0.5 0 0.5 0 0 0
0 0.5 0 0 0 -0.5 0.5 0 -0.5 0 0 0
0 0.5 0 0 0 -0.5 -0.5 0 -0.5 0 0 0
0 -0.5 0 0 0 0.5 0.5 0 0.5 0 0 0
0 -0.5 0 0 0 0.5 -0.5 0 0.5 0 0 0
0 -0.5 0 0 0 0.5 0.5 0 -0.5 0 0 0
0 -0.5 0 0 0 0.5 -0.5 0 -0.5 0 0 0
0 -0.5 0 0 0 -0.5 0.5 0 0.5 0 0 0
0 -0.5 0 0 0 -0.5 -0.5 0 0.5 0 0 0
0 -0.5 0 0 0 -0.5 0.5 0 -0.5 0 0 0
0 -0.5 0 0 0 -0.5 -0.5 0 -0.5 0 0 0
0 0.5 0 0 0 0.5 0 0 0 0.5 0.5 0
0 0.5 0 0 0 0.5 0 0 0 0.5 -0.5 0
0 0.5 0 0 0 0.5 0 0 0 -0.5 0.5 0
0 0.5 0 0 0 0.5 0 0 0 -0.5 -0.5 0
0 0.5 0 0 0 -0.5 0 0 0 0.5 0.5 0
0 0.5 0 0 0 -0.5 0 0 0 0.5 -0.5 0
0 0.5 0 0 0 -0.5 0 0 0 -0.5 0.5 0
0 0.5 0 0 0 -0.5 0 0 0 -0.5 -0.5 0
0 -0.5 0 0 0 0.5 0 0 0 0.5 0.5 0
0 -0.5 0 0 0 0.5 0 0 0 0.5 -0.5 0
0 -0.5 0 0 0 0.5 0 0 0 -0.5 0.5 0
0 -0.5 0 0 0 0.5 0 0 0 -0.5 -0.5 0
0 -0.5 0 0 0 -0.5 0 0 0 0.5 0.5 0
0 -0.5 0 0 0 -0.5 0 0 0 0.5 -0.5 0
0 -0.5 0 0 0 -0.5 0 0 0 -0.5 0.5 0
0 -0.5 0 0 0 -0.5 0 0 0 -0.5 -0.5 0
0.5 0 0.5 0 0 0 0 0.5 0 0 0 0.5
0.5 0 0.5 0 0 0 0 0.5 0 0 0 -0.5
0.5 0 0.5 0 0 0 0 -0.5 0 0 0 0.5
0.5 0 0.5 0 0 0 0 -0.5 0 0 0 -0.5
-0.5 0 0.5 0 0 0 0 0.5 0 0 0 0.5
-0.5 0 0.5 0 0 0 0 0.5 0 0 0 -0.5
-0.5 0 0.5 0 0 0 0 -0.5 0 0 0 0.5
-0.5 0 0.5 0 0 0 0 -0.5 0 0 0 -0.5
0.5 0 -0.5 0 0 0 0 0.5 0 0 0 0.5
0.5 0 -0.5 0 0 0 0 0.5 0 0 0 -0.5
0.5 0 -0.5 0 0 0 0 -0.5 0 0 0 0.5
0.5 0 -0.5 0 0 0 0 -0.5 0 0 0 -0.5
-0.5 0 -0.5 0 0 0 0 0.5 0 0 0 0.5
-0.5 0 -0.5 0 0 0 0 0.5 0 0 0 -0.5
-0.5 0 -0.5 0 0 0 0 -0.5 0 0 0 0.5
-0.5 0 -0.5 0 0 0 0 -0.5 0 0 0 -0.5
0.5 0 0.5 0 0 0 0.5 0 0.5 0 0 0
0.5 0 0.5 0 0 0 -0.5 0 0.5 0 0 0
0.5 0 0.5 0 0 0 0.5 0 -0.5 0 0 0
0.5 0 0.5 0 0 0 -0.5 0 -0.5 0 0 0
-0.5 0 0.5 0 0 0 0.5 0 0.5 0 0 0
-0.5 0 0.5 0 0 0 -0.5 0 0.5 0 0 0
-0.5 0 0.5 0 0 0 0.5 0 -0.5 0 0 0
-0.5 0 0.5 0 0 0 -0.5 0 -0.5 0 0 0
0.5 0 -0.5 0 0 0 0.5 0 0.5 0 0 0
0.5 0 -0.5 0 0 0 -0.5 0 0.5 0 0 0
0.5 0 -0.5 0 0 0 0.5 0 -0.5 0 0 0
0.5 0 -0.5 0 0 0 -0.5 0 -0.5 0 0 0
-0.5 0 -0.5 0 0 0 0.5 0 0.5 0 0 0
-0.5 0 -0.5 0 0 0 -0.5 0 0.5 0 0 0
-0.5 0 -0.5 0 0 0 0.5 0 -0.5 0 0 0
-0.5 0 -0.5 0 0 0 -0.5 0 -0.5 0 0 0
0.5 0 0.5 0 0 0 0 0 0 0.5 0.5 0
0.5 0 0.5 0 0 0 0 0 0 0.5 -0.5 0
0.5 0 0.5 0 0 0 0 0 0 -0.5 0.5 0
0.5 0 0.5 0 0 0 0 0 0 -0.5 -0.5 0
-0.5 0 0.5 0 0 0 0 0 0 0.5 0.5 0
-0.5 0 0.5 0 0 0 0 0 0 0.5 -0.5 0
-0.5 0 0.5 0 0 0 0 0 0 -0.5 0.5 0
-0.5 0 0.5 0 0 0 0 0 0 -0.5 -0.5 0
0.5 0 -0.5 0 0 0 0 0 0 0.5 0.5 0
0.5 0 -0.5 0 0 0 0 0 0 0.5 -0.5 0
0.5 0 -0.5 0 0 0 0 0 0 -0.5 0.5 0
0.5 0 -0.5 0 0 0 0 0 0 -0.5 -0.5 0
-0.5 0 -0.5 0 0 0 0 0 0 0.5 0.5 0
-0.5 0 -0.5 0 0 0 0 0 0 0.5 -0.5 0
-0.5 0 -0.5 0 0 0 0 0 0 -0.5 0.5 0
-0.5 0 -0.5 0 0 0 0 0 0 -0.5 -0.5 0
0 0 0 0.5 0.5 0 0 0.5 0 0 0 0.5
0 0 0 0.5 0.5 0 0 0.5 0 0 0 -0.5
0 0 0 0.5 0.5 0 0 -0.5 0 0 0 0.5
0 0 0 0.5 0.5 0 0 -0.5 0 0 0 -0.5
0 0 0 0.5 -0.5 0 0 0.5 0 0 0 0.5
0 0 0 0.5 -0.5 0 0 0.5 0 0 0 -0.5
0 0 0 0.5 -0.5 0 0 -0.5 0 0 0 0.5
0 0 0 0.5 -0.5 0 0 -0.5 0 0 0 -0.5
0 0 0 -0.5 0.5 0 0 0.5 0 0 0 0.5
0 0 0 -0.5 0.5 0 0 0.5 0 0 0 -0.5
0 0 0 -0.5 0.5 0 0 -0.5 0 0 0 0.5
0 0 0 -0.5 0.5 0 0 -0.5 0 0 0 -0.5
0 0 0 -0.5 -0.5 0 0 0.5 0 0 0 0.5
0 0 0 -0.5 -0.5 0 0 0.5 0 0 0 -0.5
0 0 0 -0.5 -0.5 0 0 -0.5 0 0 0 0.5
0 0 0 -0.5 -0.5 0 0 -0.5 0 0 0 -0.5
0 0 0 0.5 0.5 0 0.5 0 0.5 0 0 0
0 0 0 0.5 0.5 0 -0.5 0 0.5 0 0 0
0 0 0 0.5 0.5 0 0.5 0 -0.5 0 0 0
0 0 0 0.5 0.5 0 -0.5 0 -0.5 0 0 0
0 0 0 0.5 -0.5 0 0.5 0 0.5 0 0 0
0 0 0 0.5 -0.5 0 -0.5 0 0.5 0 0 0
0 0 0 0.5 -0.5 0 0.5 0 -0.5 0 0 0
0 0 0 0.5 -0.5 0 -0.5 0 -0.5 0 0 0
0 0 0 -0.5 0.5 0 0.5 0 0.5 0 0 0
0 0 0 -0.5 0.5 0 -0.5 0 0.5 0 0 0
0 0 0 -0.5 0.5 0 0.5 0 -0.5 0 0 0
0 0 0 -0.5 0.5 0 -0.5 0 -0.5 0 0 0
0 0 0 -0.5 -0.5 0 0.5 0 0.5 0 0 0
0 0 0 -0.5 -0.5 0 -0.5 0 0.5 0 0 0
0 0 0 -0.5 -0.5 0 0.5 0 -0.5 0 0 0
0 0 0 -0.5 -0.5 0 -0.5 0 -0.5 0 0 0
0 0 0 0.5 0.5 0 0 0 0 0.5 0.5 0
0 0 0 0.5 0.5 0 0 0 0 0.5 -0.5 0
0 0 0 0.5 0.5 0 0 0 0 -0.5 0.5 0
0 0 0 0.5 0.5 0 0 0 0 -0.5 -0.5 0
0 0 0 0.5 -0.5 0 0 0 0 0.5 0.5 0
0 0 0 0.5 -0.5 0 0 0 0 0.5 -0.5 0
0 0 0 0.5 -0.5 0 0 0 0 -0.5 0.5 0
0 0 0 0.5 -0.5 0 0 0 0 -0.5 -0.5 0
0 0 0 -0.5 0.5 0 0 0 0 0.5 0.5 0
0 0 0 -0.5 0.5 0 0 0 0 0.5 -0.5 0
0 0 0 -0.5 0.5 0 0 0 0 -0.5 0.5 0
0 0 0 -0.5 0.5 0 0 0 0 -0.5 -0.5 0
0 0 0 -0.5 -0.5 0 0 0 0 0.5 0.5 0
0 0 0 -0.5 -0.5 0 0 0 0 0.5 -0.5 0
0 0 0 -0.5 -0.5 0 0 0 0 -0.5 0.5 0
0 0 0 -0.5 -0.5 0 0 0 0 -0.5 -0.5 0
0 0 0.5 0 0 0.5 0 0 0.5 0 0 0.5
0 0 0.5 0 0 0.5 0 0 0.5 0 0 -0.5
0 0 0.5 0 0 0.5 0 0 -0.5 0 0 0.5
0 0 0.5 0 0 0.5 0 0 -0.5 0 0 -0.5
0 0 0.5 0 0 -0.5 0 0 0.5 0 0 0.5
0 0 0.5 0 0 -0.5 0 0 0.5 0 0 -0.5
0 0 0.5 0 0 -0.5 0 0 -0.5 0 0 0.5
0 0 0.5 0 0 -0.5 0 0 -0.5 0 0 -0.5
0 0 -0.5 0 0 0.5 0 0 0.5 0 0 0.5
0 0 -0.5 0 0 0.5 0 0 0.5 0 0 -0.5
0 0 -0.5 0 0 0.5 0 0 -0.5 0 0 0.5
0 0 -0.5 0 0 0.5 0 0 -0.5 0 0 -0.5
0 0 -0.5 0 0 -0.5 0 0 0.5 0 0 0.5
0 0 -0.5 0 0 -0.5 0 0 0.5 0 0 -0.5
0 0 -0.5 0 0 -0.5 0 0 -0.5 0 0 0.5
0 0 -0.5 0 0 -0.5 0 0 -0.5 0 0 -0.5
0 0 0.5 0 0 0.5 0 0.5 0 0.5 0 0
0 0 0.5 0 0 0.5 0 -0.5 0 0.5 0 0
0 0 0.5 0 0 0.5 0 0.5 0 -0.5 0 0
0 0 0.5 0 0 0.5 0 -0.5 0 -0.5 0 0
0 0 0.5 0 0 -0.5 0 0.5 0 0.5 0 0
0 0 0.5 0 0 -0.5 0 -0.5 0 0.5 0 0
0 0 0.5 0 0 -0.5 0 0.5 0 -0.5 0 0
0 0 0.5 0 0 -0.5 0 -0.5 0 -0.5 0 0
0 0 -0.5 0 0 0.5 0 0.5 0 0.5 0 0
0 0 -0.5 0 0 0.5 0 -0.5 0 0.5 0 0
0 0 -0.5 0 0 0.5 0 0.5 0 -0.5 0 0
0 0 -0.5 0 0 0.5 0 -0.5 0 -0.5 0 0
0 0 -0.5 0 0 -0.5 0 0.5 0 0.5 0 0
0 0 -0.5 0 0 -0.5 0 -0.5 0 0.5 0 0
0 0 -0.5 0 0 -0.5 0 0.5 0 -0.5 0 0
0 0 -0.5 0 0 -0.5 0 -0.5 0 -0.5 0 0
0 0 0.5 0 0 0.5 0.5 0 0 0 0.5 0
0 0 0.5 0 0 0.5 -0.5 0 0 0 0.5 0
0 0 0.5 0 0 0.5 0.5 0 0 0 -0.5 0
0 0 0.5 0 0 0.5 -0.5 0 0 0 -0.5 0
0 0 0.5 0 0 -0.5 0.5 0 0 0 0.5 0
0 0 0.5 0 0 -0.5 -0.5 0 0 0 0.5 0
0 0 0.5 0 0 -0.5 0.5 0 0 0 -0.5 0
0 0 0.5 0 0 -0.5 -0.5 0 0 0 -0.5 0
0 0 -0.5 0 0 0.5 0.5 0 0 0 0.5 0
0 0 -0.5 0 0 0.5 -0.5 0 0 0 0.5 0
0 0 -0.5 0 0 0.5 0.5 0 0 0 -0.5 0
0 0 -0.5 0 0 0.5 -0.5 0 0 0 -0.5 0
0 0 -0.5 0 0 -0.5 0.5 0 0 0 0.5 0
0 0 -0.5 0 0 -0.5 -0.5 0 0 0 0.5 0
0 0 -0.5 0 0 -0.5 0.5 0 0 0 -0.5 0
0 0 -0.5 0 0 -0.5 -0.5 0 0 0 -0.5 0
0 0.5 0 0.5 0 0 0 0 0.5 0 0 0.5
0 0.5 0 0.5 0 0 0 0 0.5 0 0 -0.5
0 0.5 0 0.5 0 0 0 0 -0.5 0 0 0.5
0 0.5 0 0.5 0 0 0 0 -0.5 0 0 -0.5
0 -0.5 0 0.5 0 0 0 0 0.5 0 0 0.5
0 -0.5 0 0.5 0 0 0 0 0.5 0 0 -0.5
0 -0.5 0 0.5 0 0 0 0 -0.5 0 0 0.5
0 -0.5 0 0.5 0 0 0 0 -0.5 0 0 -0.5
0 0.5 0 -0.5 0 0 0 0 0.5 0 0 0.5
0 0.5 0 -0.5 0 0 0 0 0.5 0 0 -0.5
0 0.5 0 -0.5 0 0 0 0 -0.5 0 0 0.5
0 0.5 0 -0.5 0 0 0 0 -0.5 0 0 -0.5
0 -0.5 0 -0.5 0 0 0 0 0.5 0 0 0.5
0 -0.5 0 -0.5 0 0 0 0 0.5 0 0 -0.5
0 -0.5 0 -0.5 0 0 0 0 -0.5 0 0 0.5
0 -0.5 0 -0.5 0 0 0 0 -0.5 0 0 -0.5
0 0.5 0 0.5 0 0 0 0.5 0 0.5 0 0
0 0.5 0 0.5 0 0 0 -0.5 0 0.5 0 0
0 0.5 0 0.5 0 0 0 0.5 0 -0.5 0 0
0 0.5 0 0.5 0 0 0 -0.5 0 -0.5 0 0
0 -0.5 0 0.5 0 0 0 0.5 0 0.5 0 0
0 -0.5 0 0.5 0 0 0 -0.5 0 0.5 0 0
0 -0.5 0 0.5 0 0 0 0.5 0 -0.5 0 0
0 -0.5 0 0.5 0 0 0 -0.5 0 -0.5 0 0
0 0.5 0 -0.5 0 0 0 0.5 0 0.5 0 0
0 0.5 0 -0.5 0 0 0 -0.5 0 0.5 0 0
0 0.5 0 -0.5 0 0 0 0.5 0 -0.5 0 0
0 0.5 0 -0.5 0 0 0 -0.5 0 -0.5 0 0
0 -0.5 0 -0.5 0 0 0 0.5 0 0.5 0 0
0 -0.5 0 -0.5 0 0 0 -0.5 0 0.5 0 0
0 -0.5 0 -0.5 0 0 0 0.5 0 -0.5 0 0
0 -0.5 0 -0.5 0 0 0 -0.5 0 -0.5 0 0
0 0.5 0 0.5 0 0 0.5 0 0 0 0.5 0
0 0.5 0 0.5 0 0 -0.5 0 0 0 0.5 0
0 0.5 0 0.5 0 0 0.5 0 0 0 -0.5 0
0 0.5 0 0.5 0 0 -0.5 0 0 0 -0.5 0
0 -0.5 0 0.5 0 0 0.5 0 0 0 0.5 0
0 -0.5 0 0.5 0 0 -0.5 0 0 0 0.5 0
0 -0.5 0 0.5 0 0 0.5 0 0 0 -0.5 0
0 -0.5 0 0.5 0 0 -0.5 0 0 0 -0.5 0
0 0.5 0 -0.5 0 0 0.5 0 0 0 0.5 0
0 0.5 0 -0.5 0 0 -0.5 0 0 0 0.5 0
0 0.5 0 -0.5 0 0 0.5 0 0 0 -0.5 0
0 0.5 0 -0.5 0 0 -0.5 0 0 0 -0.5 0
0 -0.5 0 -0.5 0 0 0.5 0 0 0 0.5 0
0 -0.5 0 -0.5 0 0 -0.5 0 0 0 0.5 0
0 -0.5 0 -0.5 0 0 0.5 0 0 0 -0.5 0
0 -0.5 0 -0.5 0 0 -0.5 0 0 0 -0.5 0
0.5 0 0 0 0.5 0 0 0 0.5 0 0 0.5
0.5 0 0 0 0.5 0 0 0 0.5 0 0 -0.5
0.5 0 0 0 0.5 0 0 0 -0.5 0 0 0.5
0.5 0 0 0 0.5 0 0 0 -0.5 0 0 -0.5
-0.5 0 0 0 0.5 0 0 0 0.5 0 0 0.5
-0.5 0 0 0 0.5 0 0 0 0.5 0 0 -0.5
-0.5 0 0 0 0.5 0 0 0 -0.5 0 0 0.5
-0.5 0 0 0 0.5 0 0 0 -0.5 0 0 -0.5
0.5 0 0 0 -0.5 0 0 0 0.5 0 0 0.5
0.5 0 0 0 -0.5 0 0 0 0.5 0 0 -0.5
0.5 0 0 0 -0.5 0 0 0 -0.5 0 0 0.5
0.5 0 0 0 -0.5 0 0 0 -0.5 0 0 -0.5
-0.5 0 0 0 -0.5 0 0 0 0.5 0 0 0.5
-0.5 0 0 0 -0.5 0 0 0 0.5 0 0 -0.5
-0.5 0 0 0 -0.5 0 0 0 -0.5 0 0 0.5
-0.5 0 0 0 -0.5 0 0 0 -0.5 0 0 -0.5
0.5 0 0 0 0.5 0 0 0.5 0 0.5 0 0
0.5 0 0 0 0.5 0 0 -0.5 0 0.5 0 0
0.5 0 0 0 0.5 0 0 0.5 0 -0.5 0 0
0.5 0 0 0 0.5 0 0 -0.5 0 -0.5 0 0
-0.5 0 0 0 0.5 0 0 0.5 0 0.5 0 0
-0.5 0 0 0 0.5 0 0 -0.5 0 0.5 0 0
-0.5 0 0 0 0.5 0 0 0.5 0 -0.5 0 0
-0.5 0 0 0 0.5 0 0 -0.5 0 -0.5 0 0
0.5 0 0 0 -0.5 0 0 0.5 0 0.5 0 0
0.5 0 0 0 -0.5 0 0 -0.5 0 0.5 0 0
0.5 0 0 0 -0.5 0 0 0.5 0 -0.5 0 0
0.5 0 0 0 -0.5 0 0 -0.5 0 -0.5 0 0
-0.5 0 0 0 -0.5 0 0 0.5 0 0.5 0 0
-0.5 0 0 0 -0.5 0 0 -0.5 0 0.5 0 0
-0.5 0 0 0 -0.5 0 0 0.5 0 -0.5 0 0
-0.5 0 0 0 -0.5 0 0 -0.5 0 -0.5 0 0
0.5 0 0 0 0.5 0 0.5 0 0 0 0.5 0
0.5 0 0 0 0.5 0 -0.5 0 0 0 0.5 0
0.5 0 0 0 0.5 0 0.5 0 0 0 -0.5 0
0.5 0 0 0 0.5 0 -0.5 0 0 0 -0.5 0
-0.5 0 0 0 0.5 0 0.5 0 0 0 0.5 0
-0.5 0 0 0 0.5 0 -0.5 0 0 0 0.5 0
-0.5 0 0 0 0.5 0 0.5 0 0 0 -0.5 0
-0.5 0 0 0 0.5 0 -0.5 0 0 0 -0.5 0
0.5 0 0 0 -0.5 0 0.5 0 0 0 0.5 0
0.5 0 0 0 -0.5 0 -0.5 0 0 0 0.5 0
0.5 0 0 0 -0.5 0 0.5 0 0 0 -0.5 0
0.5 0 0 0 -0.5 0 -0.5 0 0 0 -0.5 0
-0.5 0 0 0 -0.5 0 0.5 0 0 0 0.5 0
-0.5 0 0 0 -0.5 0 -0.5 0 0 0 0.5 0
-0.5 0 0 0 -0.5 0 0.5 0 0 0 -0.5 0
-0.5 0 0 0 -0.5 0 -0.5 0 0 0 -0.5 0
0 0 0 0.5 0 0.5 0 0 0 0.5 0 0.5
0 0 0 0.5 0 0.5 0 0 0 0.5 0 -0.5
0 0 0 0.5 0 0.5 0 0 0 -0.5 0 0.5
0 0 0 0.5 0 0.5 0 0 0 -0.5 0 -0.5
0 0 0 0.5 0 -0.5 0 0 0 0.5 0 0.5
0 0 0 0.5 0 -0.5 0 0 0 0.5 0 -0.5
0 0 0 0.5 0 -0.5 0 0 0 -0.5 0 0.5
0 0 0 0.5 0 -0.5 0 0 0 -0.5 0 -0.5
0 0 0 -0.5 0 0.5 0 0 0 0.5 0 0.5
0 0 0 -0.5 0 0.5 0 0 0 0.5 0 -0.5
0 0 0 -0.5 0 0.5 0 0 0 -0.5 0 0.5
0 0 0 -0.5 0 0.5 0 0 0 -0.5 0 -0.5
0 0 0 -0.5 0 -0.5 0 0 0 0.5 0 0.5
0 0 0 -0.5 0 -0.5 0 0 0 0.5 0 -0.5
0 0 0 -0.5 0 -0.5 0 0 0 -0.5 0 0.5
0 0 0 -0.5 0 -0.5 0 0 0 -0.5 0 -0.5
0 0 0 0.5 0 0.5 0 0 0.5 0 0.5 0
0 0 0 0.5 0 0.5 0 0 -0.5 0 0.5 0
0 0 0 0.5 0 0.5 0 0 0.5 0 -0.5 0
0 0 0 0.5 0 0.5 0 0 -0.5 0 -0.5 0
0 0 0 0.5 0 -0.5 0 0 0.5 0 0.5 0
0 0 0 0.5 0 -0.5 0 0 -0.5 0 0.5 0
0 0 0 0.5 0 -0.5 0 0 0.5 0 -0.5 0
0 0 0 0.5 0 -0.5 0 0 -0.5 0 -0.5 0
0 0 0 -0.5 0 0.5 0 0 0.5 0 0.5 0
0 0 0 -0.5 0 0.5 0 0 -0.5 0 0.5 0
0 0 0 -0.5 0 0.5 0 0 0.5 0 -0.5 0
0 0 0 -0.5 0 0.5 0 0 -0.5 0 -0.5 0
0 0 0 -0.5 0 -0.5 0 0 0.5 0 0.5 0
0 0 0 -0.5 0 -0.5 0 0 -0.5 0 0.5 0
0 0 0 -0.5 0 -0.5 0 0 0.5 0 -0.5 0
0 0 0 -0.5 0 -0.5 0 0 -0.5 0 -0.5 0
0 0 0 0.5 0 0.5 0.5 0.5 0 0 0 0
0 0 0 0.5 0 0.5 0.5 -0.5 0 0 0 0
0 0 0 0.5 0 0.5 -0.5 0.5 0 0 0 0
0 0 0 0.5 0 0.5 -0.5 -0.5 0 0 0 0
0 0 0 0.5 0 -0.5 0.5 0.5 0 0 0 0
0 0 0 0.5 0 -0.5 0.5 -0.5 0 0 0 0
0 0 0 0.5 0 -0.5 -0.5 0.5 0 0 0 0
0 0 0 0.5 0 -0.5 -0.5 -0.5 0 0 0 0
0 0 0 -0.5 0 0.5 0.5 0.5 0 0 0 0
0 0 0 -0.5 0 0.5 0.5 -0.5 0 0 0 0
0 0 0 -0.5 0 0.5 -0.5 0.5 0 0 0 0
0 0 0 -0.5 0 0.5 -0.5 -0.5 0 0 0 0
0 0 0 -0.5 0 -0.5 0.5 0.5 0 0 0 0
0 0 0 -0.5 0 -0.5 0.5 -0.5 0 0 0 0
0 0 0 -0.5 0 -0.5 -0.5 0.5 0 0 0 0
0 0 0 -0.5 0 -0.5 -0.5 -0.5 0 0 0 0
0 0 0.5 0 0.5 0 0 0 0 0.5 0 0.5
0 0 0.5 0 0.5 0 0 0 0 0.5 0 -0.5
0 0 0.5 0 0.5 0 0 0 0 -0.5 0 0.5
0 0 0.5 0 0.5 0 0 0 0 -0.5 0 -0.5
0 0 -0.5 0 0.5 0 0 0 0 0.5 0 0.5
0 0 -0.5 0 0.5 0 0 0 0 0.5 0 -0.5
0 0 -0.5 0 0.5 0 0 0 0 -0.5 0 0.5
0 0 -0.5 0 0.5 0 0 0 0 -0.5 0 -0.5
0 0 0.5 0 -0.5 0 0 0 0 0.5 0 0.5
0 0 0.5 0 -0.5 0 0 0 0 0.5 0 -0.5
0 0 0.5 0 -0.5 0 0 0 0 -0.5 0 0.5
0 0 0.5 0 -0.5 0 0 0 0 -0.5 0 -0.5
0 0 -0.5 0 -0.5 0 0 0 0 0.5 0 0.5
0 0 -0.5 0 -0.5 0 0 0 0 0.5 0 -0.5
0 0 -0.5 0 -0.5 0 0 0 0 -0.5 0 0.5
0 0 -0.5 0 -0.5 0 0 0 0 -0.5 0 -0.5
0 0 0.5 0 0.5 0 0 0 0.5 0 0.5 0
0 0 0.5 0 0.5 0 0 0 -0.5 0 0.5 0
0 0 0.5 0 0.5 0 0 0 0.5 0 -0.5 0
0 0 0.5 0 0.5 0 0 0 -0.5 0 -0.5 0
0 0 -0.5 0 0.5 0 0 0 0.5 0 0.5 0
0 0 -0.5 0 0.5 0 0 0 -0.5 0 0.5 0
0 0 -0.5 0 0.5 0 0 0 0.5 0 -0.5 0
0 0 -0.5 0 0.5 0 0 0 -0.5 0 -0.5 0
0 0 0.5 0 -0.5 0 0 0 0.5 0 0.5 0
0 0 0.5 0 -0.5 0 0 0 -0.5 0 0.5 0
0 0 0.5 0 -0.5 0 0 0 0.5 0 -0.5 0
0 0 0.5 0 -0.5 0 0 0 -0.5 0 -0.5 0
0 0 -0.5 0 -0.5 0 0 0 0.5 0 0.5 0
0 0 -0.5 0 -0.5 0 0 0 -0.5 0 0.5 0
0 0 -0.5 0 -0.5 0 0 0 0.5 0 -0.5 0
0 0 -0.5 0 -0.5 0 0 0 -0.5 0 -0.5 0
0 0 0.5 0 0.5 0 0.5 0.5 0 0 0 0
0 0 0.5 0 0.5 0 0.5 -0.5 0 0 0 0
0 0 0.5 0 0.5 0 -0.5 0.5 0 0 0 0
0 0 0.5 0 0.5 0 -0.5 -0.5 0 0 0 0
0 0 -0.5 0 0.5 0 0.5 0.5 0 0 0 0
0 0 -0.5 0 0.5 0 0.5 -0.5 0 0 0 0
0 0 -0.5 0 0.5 0 -0.5 0.5 0 0 0 0
0 0 -0.5 0 0.5 0 -0.5 -0.5 0 0 0 0
0 0 0.5 0 -0.5 0 0.5 0.5 0 0 0 0
0 0 0.5 0 -0.5 0 0.5 -0.5 0 0 0 0
0 0 0.5 0 -0.5 0 -0.5 0.5 0 0 0 0
0 0 0.5 0 -0.5 0 -0.5 -0.5 0 0 0 0
0 0 -0.5 0 -0.5 0 0.5 0.5 0 0 0 0
0 0 -0.5 0 -0.5 0 0.5 -0.5 0 0 0 0
0 0 -0.5 0 -0.5 0 -0.5 0.5 0 0 0 0
0 0 -0.5 0 -0.5 0 -0.5 -0.5 0 0 0 0
0.5 0.5 0 0 0 0 0 0 0 0.5 0 0.5
0.5 0.5 0 0 0 0 0 0 0 0.5 0 -0.5
0.5 0.5 0 0 0 0 0 0 0 -0.5 0 0.5
0.5 0.5 0 0 0 0 0 0 0 -0.5 0 -0.5
0.5 -0.5 0 0 0 0 0 0 0 0.5 0 0.5
0.5 -0.5 0 0 0 0 0 0 0 0.5 0 -0.5
0.5 -0.5 0 0 0 0 0 0 0 -0.5 0 0.5
0.5 -0.5 0 0 0 0 0 0 0 -0.5 0 -0.5
-0.5 0.5 0 0 0 0 0 0 0 0.5 0 0.5
-0.5 0.5 0 0 0 0 0 0 0 0.5 0 -0.5
-0.5 0.5 0 0 0 0 0 0 0 -0.5 0 0.5
-0.5 0.5 0 0 0 0 0 0 0 -0.5 0 -0.5
-0.5 -0.5 0 0 0 0 0 0 0 0.5 0 0.5
-0.5 -0.5 0 0 0 0 0 0 0 0.5 0 -0.5
-0.5 -0.5 0 0 0 0 0 0 0 -0.5 0 0.5
-0.5 -0.5 0 0 0 0 0 0 0 -0.5 0 -0.5
0.5 0.5 0 0 0 0 0 0 0.5 0 0.5 0
0.5 0.5 0 0 0 0 0 0 -0.5 0 0.5 0
0.5 0.5 0 0 0 0 0 0 0.5 0 -0.5 0
0.5 0.5 0 0 0 0 0 0 -0.5 0 -0.5 0
0.5 -0.5 0 0 0 0 0 0 0.5 0 0.5 0
0.5 -0.5 0 0 0 0 0 0 -0.5 0 0.5 0
0.5 -0.5 0 0 0 0 0 0 0.5 0 -0.5 0
0.5 -0.5 0 0 0 0 0 0 -0.5 0 -0.5 0
-0.5 0.5 0 0 0 0 0 0 0.5 0 0.5 0
-0.5 0.5 0 0 0 0 0 0 -0.5 0 0.5 0
-0.5 0.5 0 0 0 0 0 0 0.5 0 -0.5 0
-0.5 0.5 0 0 0 0 0 0 -0.5 0 -0.5 0
-0.5 -0.5 0 0 0 0 0 0 0.5 0 0.5 0
-0.5 -0.5 0 0 0 0 0 0 -0.5 0 0.5 0
-0.5 -0.5 0 0 0 0 0 0 0.5 0 -0.5 0
-0.5 -0.5 0 0 0 0 0 0 -0.5 0 -0.5 0
0.5 0.5 0 0 0 0 0.5 0.5 0 0 0 0
0.5 0.5 0 0 0 0 0.5 -0.5 0 0 0 0
0.5 0.5 0 0 0 0 -0.5 0.5 0 0 0 0
0.5 0.5 0 0 0 0 -0.5 -0.5 0 0 0 0
0.5 -0.5 0 0 0 0 0.5 0.5 0 0 0 0
0.5 -0.5 0 0 0 0 0.5 -0.5 0 0 0 0
0.5 -0.5 0 0 0 0 -0.5 0.5 0 0 0 0
0.5 -0.5 0 0 0 0 -0.5 -0.5 0 0 0 0
-0.5 0.5 0 0 0 0 0.5 0.5 0 0 0 0
-0.5 0.5 0 0 0 0 0.5 -0.5 0 0 0 0
-0.5 0.5 0 0 0 0 -0.5 0.5 0 0 0 0
-0.5 0.5 0 0 0 0 -0.5 -0.5 0 0 0 0
-0.5 -0.5 0 0 0 0 0.5 0.5 0 0 0 0
-0.5 -0.5 0 0 0 0 0.5 -0.5 0 0 0 0
-0.5 -0.5 0 0 0 0 -0.5 0.5 0 0 0 0
-0.5 -0.5 0 0 0 0 -0.5 -0.5 0 0 0 0
0 0 0 0 0.5 0.5 0 0 0 0 0.5 0.5
0 0 0 0 0.5 0.5 0 0 0 0 0.5 -0.5
0 0 0 0 0.5 0.5 0 0 0 0 -0.5 0.5
0 0 0 0 0.5 0.5 0 0 0 0 -0.5 -0.5
0 0 0 0 0.5 -0.5 0 0 0 0 0.5 0.5
0 0 0 0 0.5 -0.5 0 0 0 0 0.5 -0.5
0 0 0 0 0.5 -0.5 0 0 0 0 -0.5 0.5
0 0 0 0 0.5 -0.5 0 0 0 0 -0.5 -0.5
0 0 0 0 -0.5 0.5 0 0 0 0 0.5 0.5
0 0 0 0 -0.5 0.5 0 0 0 0 0.5 -0.5
0 0 0 0 -0.5 0.5 0 0 0 0 -0.5 0.5
0 0 0 0 -0.5 0.5 0 0 0 0 -0.5 -0.5
0 0 0 0 -0.5 -0.5 0 0 0 0 0.5 0.5
0 0 0 0 -0.5 -0.5 0 0 0 0 0.5 -0.5
0 0 0 0 -0.5 -0.5 0 0 0 0 -0.5 0.5
0 0 0 0 -0.5 -0.5 0 0 0 0 -0.5 -0.5
0 0 0 0 0.5 0.5 0.5 0 0 0.5 0 0
0 0 0 0 0.5 0.5 0.5 0 0 -0.5 0 0
0 0 0 0 0.5 0.5 -0.5 0 0 0.5 0 0
0 0 0 0 0.5 0.5 -0.5 0 0 -0.5 0 0
0 0 0 0 0.5 -0.5 0.5 0 0 0.5 0 0
0 0 0 0 0.5 -0.5 0.5 0 0 -0.5 0 0
0 0 0 0 0.5 -0.5 -0.5 0 0 0.5 0 0
0 0 0 0 0.5 -0.5 -0.5 0 0 -0.5 0 0
0 0 0 0 -0.5 0.5 0.5 0 0 0.5 0 0
0 0 0 0 -0.5 0.5 0.5 0 0 -0.5 0 0
0 0 0 0 -0.5 0.5 -0.5 0 0 0.5 0 0
0 0 0 0 -0.5 0.5 -0.5 0 0 -0.5 0 0
0 0 0 0 -0.5 -0.5 0.5 0 0 0.5 0 0
0 0 0 0 -0.5 -0.5 0.5 0 0 -0.5 0 0
0 0 0 0 -0.5 -0.5 -0.5 0 0 0.5 0 0
0 0 0 0 -0.5 -0.5 -0.5 0 0 -0.5 0 0
0 0 0 0 0.5 0.5 0 0.5 0.5 0 0 0
0 0 0 0 0.5 0.5 0 0.5 -0.5 0 0 0
0 0 0 0 0.5 0.5 0 -0.5 0.5 0 0 0
0 0 0 0 0.5 0.5 0 -0.5 -0.5 0 0 0
0 0 0 0 0.5 -0.5 0 0.5 0.5 0 0 0
0 0 0 0 0.5 -0.5 0 0.5 -0.5 0 0 0
0 0 0 0 0.5 -0.5 0 -0.5 0.5 0 0 0
0 0 0 0 0.5 -0.5 0 -0.5 -0.5 0 0 0
0 0 0 0 -0.5 0.5 0 0.5 0.5 0 0 0
0 0 0 0 -0.5 0.5 0 0.5 -0.5 0 0 0
0 0 0 0 -0.5 0.5 0 -0.5 0.5 0 0 0
0 0 0 0 -0.5 0.5 0 -0.5 -0.5 0 0 0
0 0 0 0 -0.5 -0.5 0 0.5 0.5 0 0 0
0 0 0 0 -0.5 -0.5 0 0.5 -0.5 0 0 0
0 0 0 0 -0.5 -0.5 0 -0.5 0.5 0 0 0
0 0 0 0 -0.5 -0.5 0 -0.5 -0.5 0 0 0
0.5 0 0 0.5 0 0 0 0 0 0 0.5 0.5
0.5 0 0 0.5 0 0 0 0 0 0 0.5 -0.5
0.5 0 0 0.5 0 0 0 0 0 0 -0.5 0.5
0.5 0 0 0.5 0 0 0 0 0 0 -0.5 -0.5
0.5 0 0 -0.5 0 0 0 0 0 0 0.5 0.5
0.5 0 0 -0.5 0 0 0 0 0 0 0.5 -0.5
0.5 0 0 -0.5 0 0 0 0 0 0 -0.5 0.5
0.5 0 0 -0.5 0 0 0 0 0 0 -0.5 -0.5
-0.5 0 0 0.5 0 0 0 0 0 0 0.5 0.5
-0.5 0 0 0.5 0 0 0 0 0 0 0.5 -0.5
-0.5 0 0 0.5 0 0 0 0 0 0 -0.5 0.5
-0.5 0 0 0.5 0 0 0 0 0 0 -0.5 -0.5
-0.5 0 0 -0.5 0 0 0 0 0 0 0.5 0.5
-0.5 0 0 -0.5 0 0 0 0 0 0 0.5 -0.5
-0.5 0 0 -0.5 0 0 0 0 0 0 -0.5 0.5
-0.5 0 0 -0.5 0 0 0 0 0 0 -0.5 -0.5
0.5 0 0 0.5 0 0 0.5 0 0 0.5 0 0
0.5 0 0 0.5 0 0 0.5 0 0 -0.5 0 0
0.5 0 0 0.5 0 0 -0.5 0 0 0.5 0 0
0.5 0 0 0.5 0 0 -0.5 0 0 -0.5 0 0
0.5 0 0 -0.5 0 0 0.5 0 0 0.5 0 0
0.5 0 0 -0.5 0 0 0.5 0 0 -0.5 0 0
0.5 0 0 -0.5 0 0 -0.5 0 0 0.5 0 0
0.5 0 0 -0.5 0 0 -0.5 0 0 -0.5 0 0
-0.5 0 0 0.5 0 0 0.5 0 0 0.5 0 0
-0.5 0 0 0.5 0 0 0.5 0 0 -0.5 0 0
-0.5 0 0 0.5 0 0 -0.5 0 0 0.5 0 0
-0.5 0 0 0.5 0 0 -0.5 0 0 -0.5 0 0
-0.5 0 0 -0.5 0 0 0.5 0 0 0.5 0 0
-0.5 0 0 -0.5 0 0 0.5 0 0 -0.5 0 0
-0.5 0 0 -0.5 0 0 -0.5 0 0 0.5 0 0
-0.5 0 0 -0.5 0 0 -0.5 0 0 -0.5 0 0
0.5 0 0 0.5 0 0 0 0.5 0.5 0 0 0
0.5 0 0 0.5 0 0 0 0.5 -0.5 0 0 0
0.5 0 0 0.5 0 0 0 -0.5 0.5 0 0 0
0.5 0 0 0.5 0 0 0 -0.5 -0.5 0 0 0
0.5 0 0 -0.5 0 0 0 0.5 0.5 0 0 0
0.5 0 0 -0.5 0 0 0 0.5 -0.5 0 0 0
0.5 0 0 -0.5 0 0 0 -0.5 0.5 0 0 0
0.5 0 0 -0.5 0 0 0 -0.5 -0.5 0 0 0
-0.5 0 0 0.5 0 0 0 0.5 0.5 0 0 0
-0.5 0 0 0.5 0 0 0 0.5 -0.5 0 0 0
-0.5 0 0 0.5 0 0 0 -0.5 0.5 0 0 0
-0.5 0 0 0.5 0 0 0 -0.5 -0.5 0 0 0
-0.5 0 0 -0.5 0 0 0 0.5 0.5 0 0 0
-0.5 0 0 -0.5 0 0 0 0.5 -0.5 0 0 0
-0.5 0 0 -0.5 0 0 0 -0.5 0.5 0 0 0
-0.5 0 0 -0.5 0 0 0 -0.5 -0.5 0 0 0
0 0.5 0.5 0 0 0 0 0 0 0 0.5 0.5
0 0.5 0.5 0 0 0 0 0 0 0 0.5 -0.5
0 0.5 0.5 0 0 0 0 0 0 0 -0.5 0.5
0 0.5 0.5 0 0 0 0 0 0 0 -0.5 -0.5
0 0.5 -0.5 0 0 0 0 0 0 0 0.5 0.5
0 0.5 -0.5 0 0 0 0 0 0 0 0.5 -0.5
0 0.5 -0.5 0 0 0 0 0 0 0 -0.5 0.5
0 0.5 -0.5 0 0 0 0 0 0 0 -0.5 -0.5
0 -0.5 0.5 0 0 0 0 0 0 0 0.5 0.5
0 -0.5 0.5 0 0 0 0 0 0 0 0.5 -0.5
0 -0.5 0.5 0 0 0 0 0 0 0 -0.5 0.5
0 -0.5 0.5 0 0 0 0 0 0 0 -0.5 -0.5
0 -0.5 -0.5 0 0 0 0 0 0 0 0.5 0.5
0 -0.5 -0.5 0 0 0 0 0 0 0 0.5 -0.5
0 -0.5 -0.5 0 0 0 0 0 0 0 -0.5 0.5
0 -0.5 -0.5 0 0 0 0 0 0 0 -0.5 -0.5
0 0.5 0.5 0 0 0 0.5 0 0 0.5 0 0
0 0.5 0.5 0 0 0 0.5 0 0 -0.5 0 0
0 0.5 0.5 0 0 0 -0.5 0 0 0.5 0 0
0 0.5 0.5 0 0 0 -0.5 0 0 -0.5 0 0
0 0.5 -0.5 0 0 0 0.5 0 0 0.5 0 0
0 0.5 -0.5 0 0 0 0.5 0 0 -0.5 0 0
0 0.5 -0.5 0 0 0 -0.5 0 0 0.5 0 0
0 0.5 -0.5 0 0 0 -0.5 0 0 -0.5 0 0
0 -0.5 0.5 0 0 0 0.5 0 0 0.5 0 0
0 -0.5 0.5 0 0 0 0.5 0 0 -0.5 0 0
0 -0.5 0.5 0 0 0 -0.5 0 0 0.5 0 0
0 -0.5 0.5 0 0 0 -0.5 0 0 -0.5 0 0
0 -0.5 -0.5 0 0 0 0.5 0 0 0.5 0 0
0 -0.5 -0.5 0 0 0 0.5 0 0 -0.5 0 0
0 -0.5 -0.5 0 0 0 -0.5 0 0 0.5 0 0
0 -0.5 -0.5 0 0 0 -0.5 0 0 -0.5 0 0
0 0.5 0.5 0 0 0 0 0.5 0.5 0 0 0
0 0.5 0.5 0 0 0 0 0.5 -0.5 0 0 0
0 0.5 0.5 0 0 0 0 -0.5 0.5 0 0 0
0 0.5 0.5 0 0 0 0 -0.5 -0.5 0 0 0
0 0.5 -0.5 0 0 0 0 0.5 0.5 0 0 0
0 0.5 -0.5 0 0 0 0 0.5 -0.5 0 0 0
0 0.5 -0.5 0 0 0 0 -0.5 0.5 0 0 0
0 0.5 -0.5 0 0 0 0 -0.5 -0.5 0 0 0
0 -0.5 0.5 0 0 0 0 0.5 0.5 0 0 0
0 -0.5 0.5 0 0 0 0 0.5 -0.5 0 0 0
0 -0.5 0.5 0 0 0 0 -0.5 0.5 0 0 0
0 -0.5 0.5 0 0 0 0 -0.5 -0.5 0 0 0
0 -0.5 -0.5 0 0 0 0 0.5 0.5 0 0 0
0 -0.5 -0.5 0 0 0 0 0.5 -0.5 0 0 0
0 -0.5 -0.5 0 0 0 0 -0.5 0.5 0 0 0
0 -0.5 -0.5 0 0 0 0 -0.5 -0.5 0 0 0
0.37789458741705589 0.38225019612860772 -0.39010004051742109 -0.49767909209476108 0.38475954222551079 0.38397621793803832 0.042270464961694537 0.047514775816005848 -0.05049807677681712 -0.048682818306897538 -0.054708134206686368 -0.061504537484893484
0.44405542971536327 0.44298814946603005 -0.44444160250613896 -0.0030392745976008718 -0.44286974052742561 0.44342155486239798 -0.052495868759290854 -0.052428576405597997 0.052054413939099993 0.052547718771781486 0.051270205341429675 0.051752164960726273
0.38800056193913096 -0.38775022493053807 0.38080068169301756 -0.49783901851450557 0.3804667062525906 0.38017240043071515 0.049100451244388936 0.050888836485314316 -0.055641857572547866 -0.055581435265790929 -0.058228146840003533 -0.04888919631118812
0.38480247371445536 -0.38500739931027117 -0.38234811560088744 -0.49763627546536943 -0.38248775627767601 0.38476551116336399 0.050005878110517842 0.049858211681640209 -0.047203820026891663 -0.047449144793725702 -0.047404165206667154 -0.061723790311547504
0.38361765376263868 0.38171998757569514 0.38384102496263262 -0.49767850180560863 0.37956726818738229 -0.39011300639187041 0.051336085252353086 0.049133706085690051 -0.042572954881205674 -0.053293200559824908 -0.061198334349947633 -0.049017158266235733
0.4426990301965652 0.44315558205208994 0.44450155546751319 0.0039944054067625129 -0.44395945550386284 -0.44344872274739433 -0.052506248250397229 -0.052440841714894104 0.0516171049534217 0.05235869121958265 0.05105572938142125 0.052601799172193937
0.38153307028966482 -0.3838606424180051 -0.38280012652523859 -0.4978609939564389 0.3841163009632288 -0.3829440363570632 0.055676438966876421 0.056221812207204236 -0.056010422043245522 0.052859279400812198 -0.056375399500595211 -0.055859960353110194
0.38236660241892906 -0.38712375214848732 0.38229978711222445 0.4974761782809517 -0.38465763126166386 -0.38461737688171455 0.04217489562329084 0.047253544580203928 -0.044826679925964286 -0.044775858351372801 -0.064426505961001898 -0.047186694268022022
-0.44469145994995984 0.44364710187869605 -0.44409835645354756 0.0060853707519057509 0.44266925635546872 0.4426637572069308 -0.052298874838084333 -0.052014123865353916 0.052331783701985476 0.052047380150250289 0.052105622587303654 0.051535593248358928
-0.38233110255430447 0.3845270533382959 0.38308386755379387 -0.49789816276379167 -0.38426815681152032 -0.38112781222984699 0.055978663868240013 0.055335700290665528 0.053432301298489839 -0.055884234764834145 -0.05531787728440641 -0.056141259452604675
-0.38547752121721662 -0.38922346219673482 -0.37582314147776519 0.49741347398762625 0.38340677957756197 0.38827255265923366 0.041030465063472722 0.037013073040784654 -0.05101306271340747 -0.067368231775857365 -0.043125772013404444 -0.037928030420788711
-0.38212970540116198 -0.37770744096904474 0.38444494923799571 -0.49767818454182861 -0.39045776177264491 0.38427147486005897 0.054698724949328606 0.048202807726438104 -0.047790213063688296 -0.041900603002321041 -0.061603015286131643 -0.050603311460661403
-0.38107341946776296 0.38597848960528153 -0.38123010119672379 0.49764410126413794 0.38401741710972415 -0.3870202308466707 0.05118983281954962 0.048283366078711545 -0.04619165112411721 -0.045102467545100083 -0.051351159387746252 -0.061701312958504007
-0.38579536909350254 0.38095087291818097 0.38410242562733965 0.49764021797331731 -0.38124033027177401 -0.38727671188899038 0.051112707948659575 0.046318275236641435 -0.061780802375600928 -0.048091780393362635 -0.044728274826349203 -0.05140299317167614
-0.38590921330673339 -0.38260658692617266 -0.3855813347237389 -0.49751188681946679 -0.38081947841593278 -0.38592036217981052 0.043758985356251036 0.06413662020419747 -0.043784696784702357 -0.047250517601213682 -0.044126793552862711 -0.049112061448325188
-0.38233207961699722 -0.38386194157736486 -0.38228197918845197 0.49787631363949653 -0.38475906258852743 -0.3820996282328526 0.055926388579349874 -0.052556604510641966 -0.055442557279489942 -0.056168729522890155 -0.055500695857601923 -0.056684257754841039
0.44347648403647594 -0.44393997720837797 0.44370739383499386 0.00050095992846510009 -0.44292406729892903 0.44377332280710907 -0.052446230322619698 -0.052487731152752126 0.052443753472951035 0.052581329174390352 0.050206675165164708 0.052071953357395721
0.38018608005051785 0.38299701474370507 0.38451782135223778 -0.49785622233741594 -0.38674087625459119 0.38162141209903117 0.056235322308439854 0.055041090321428447 -0.053624963371585656 -0.057859348393371146 0.049303936261973803 -0.054840664785452409
0.38608980306807023 0.38423698911276133 -0.37909823314889085 0.49791882126044312 0.38299827489169147 0.3832902405969143 0.054703452696231149 0.055214749258973794 -0.05505589495987924 -0.055284790078333132 -0.056408669689350155 0.052423813701270909
0.4440645498069789 -0.44339548083754077 -0.44279173079272394 0.00027429029802209431 0.44363054691040055 0.44386557451750058 -0.05251629758062798 -0.052513207336259908 0.052593891860775246 0.051444748725612013 0.052203086794000125 0.051617635848334301
0.38337433061229054 0.38428350013413343 0.38329842188716368 0.49791149682196251 0.38549656972232121 -0.37912054161394643 0.055438094285223449 0.054909003917270306 -0.055004088875543325 -0.056173776886730274 0.053051952533440701 -0.055614307895615264
0.44357953095532637 -0.44352019374620449 0.44381055294294719 0.00077141582034541845 0.44379670405621174 -0.44303491513103227 -0.052498600774764918 -0.052478062144129485 0.052556015518183286 0.052065492943455541 0.05119686614663 0.052144658394047333
0.38383491664350056 0.38235801668901903 -0.38466451556470704 0.49787413532964775 -0.38241000248024326 -0.38204553629866717 0.0554952005858112 0.056144538145317939 0.052716678520883763 -0.056622230756251675 -0.055525173808248895 -0.05595856755878198
0.44322973369654961 -0.44321275475167993 -0.44416647840236329 -0.0026174329606639584 -0.44419997170090481 -0.44286717654400592 -0.052586686850617459 -0.052182143916430675 0.052253638288977389 0.05205048290962816 0.052051003561319246 0.052314974404721382
-0.44250634989726284 -0.44285526659811097 0.44783921775113089 -0.011843530636287052 0.44258242836304035 0.44252213878156182 -0.051488754108813928 -0.051021773762730024 0.051296447916929278 0.050568800932879097 0.050893572597952408 0.051274376051460839
0.44319561456734829 0.44246442030903749 0.44269088222574399 -0.011290132129192368 0.44746315842315115 0.44246778262879877 -0.051852888880874887 -0.051093008019193531 0.051755648425091338 0.051296117289878533 0.04985934152523621 0.051030114688266071
-0.3848844318136837 0.38485647255702427 -0.38108920440315386 -0.49790361582193815 -0.38142593391859275 0.38323154878782545 0.056171462400744075 0.055617109470133118 -0.054994577083476 -0.054891710937436208 0.053023622766274627 -0.056238867357965128
-0.38305134104689131 -0.38037409180766235 -0.38682139575448959 -0.49785803026264025 0.38450411213630742 0.38139093804024515 0.053572285614250363 0.054147844016719064 -0.05808447471159512 0.04853002636567981 -0.055729991673350195 -0.056165555220237813
-0.38436295765551859 -0.38333115600694928 0.38565816440802059 0.49791427602461524 0.38327507494553409 -0.37898596138839719 0.056138610654971617 0.055241035138989779 -0.055357100512985417 -0.054882779723438149 -0.055308521079854581 0.05294031930476787
-0.44313591231653632 0.44314998975864056 0.44394572865351567 -0.0018390659955461871 0.44398010853843867 -0.44352033226963661 -0.052461608815986688 -0.052134550020789518 0.052062560338854744 0.052485149621782058 0.052199921118304356 0.051658214588306821
-0.44306429152138216 -0.44258703886112327 -0.44400903033808525 0.0042879784361913673 0.44455235354851785 -0.44350803893728724 -0.052556229020188749 -0.051880392284189968 0.052546242853516917 0.051821964316301143 0.05240917863045675 0.05172124555454588
-0.44413351987787725 0.44415093014302381 -0.44312486040112814 0.0017859100955998628 -0.44315004186625839 -0.44317253094355635 -0.052575134112490901 -0.051965846905161893 0.051557748965316223 0.052541123121506106 0.052238701864774174 0.052119454748946407
-0.37910806079116582 0.3791083523488506 0.38720598167704606 0.49794281384290984 0.38749314680968716 0.38348980401874877 0.051844044210489999 -0.050056415016568989 -0.055789047508287629 -0.052453074066275696 -0.056019333613363323 -0.057163717195699959
-0.44355604078290251 0.44475380959641436 0.44269017574927799 0.0064629243525523017 -0.44409864924878123 0.44271536234516889 -0.052281299216631667 -0.052094394433752321 0.052133045463663229 0.052281965552281096 0.050816444938282364 0.052292394386401042
0.44390004548894613 0.4443182216351963 -0.44300858043678598 -0.0021744125351853124 0.44347763100178617 -0.44302440792580944 -0.052490619072734238 -0.052458912723105593 0.052113993956988736 0.05205330223605048 0.052209350672688365 0.051684314430674005
0.38254447290047855 0.38584320693003632 -0.38098208983823179 -0.49751768780567995 -0.38539627115543457 -0.38598916510489512 0.044491430191718223 0.047476729962137525 -0.063981488020357941 -0.049104914790174134 -0.04384390907402818 -0.043987304829837079
0.38932725815978059 0.38554980775280395 0.3829878008670396 0.49742974101508919 -0.37617191045957971 0.38790611009205439 0.041441375889791278 0.044195440956771317 -0.039041661885667323 -0.051252625806106095 -0.066769575829997277 -0.037460493354450439
-0.4443409609390449 -0.44397706732969006 0.44350846763080681 -0.0023629907254857207 -0.44295792464182426 -0.44295922794876302 -0.052513406345563396 -0.05206606234209938 0.052047065855217199 0.052528262698723516 0.051579147468535931 0.052138971125759985
-0.38049817221664389 0.38063778525765229 -0.38722654938199208 0.49765312282979363 -0.38697838818236618 0.38396578320651387 0.051670403649827133 0.044817607918761368 -0.048304496125444539 -0.045121110049821056 -0.061796106958960602 -0.051812587520394839
-0.38917701634879193 0.39000751921689136 0.3784874334531666 -0.49773849718014618 0.37826365631917747 0.3831347235481819 0.049703149412786959 0.061947487109855565 -0.04346632578368298 -0.042691546998680004 -0.052220260353911759 -0.053072464501363111
0.37975877557413801 -0.37994697421229595 0.38547128642226347 0.49792383817299712 0.38534173834969576 0.38542679702018362 0.054525296629643068 0.05489884791645204 -0.054773251224165057 -0.054730677788253405 0.053925453517163685 -0.054542043927801993
-0.38163692029689655 -0.38352381842165573 0.37928296415961277 -0.49767872744455383 0.38406437221299888 -0.39033565737935588 0.053593387008917415 0.048564703095163503 -0.049416442637519375 -0.042364444978397642 -0.051386665246493754 -0.061217561268499164
0.38733719391597299 -0.38248484692631884 -0.38464288508665195 0.49747402619248304 0.38228806735759402 -0.3843278820672707 0.041918050575750779 0.047034897984447696 -0.044764697708498523 -0.064459740776075344 -0.047230866137896621 -0.045094359606528737
-0.38444271939060215 0.382242651279811 -0.3842491585138218 -0.49789744737933311 0.38312562337305972 -0.38126449118513506 0.056064219887450195 0.055465957080604929 -0.055713460732237659 -0.055314384031594825 -0.056140393389064465 0.053498858839754929
-0.38424413528217682 -0.38623713117223213 0.38307196462366766 0.49791345006124543 -0.37893260901936165 0.38328146026578369 0.0564345507226474 0.055146650652305347 -0.055194734406268646 -0.054680985117511599 0.052304611042796378 -0.054977599451979178
0.38391838759274449 -0.38158784001062851 0.3841652375909595 -0.49785591683111496 -0.38273679188436172 -0.3828533589466841 0.055652167598418789 0.056381855579728697 -0.055765637776410762 -0.056020837101660011 0.052928075552311923 -0.056251247840221917
0.38255367873397228 -0.38249082569331805 -0.38375132354479785 0.49789257134631343 -0.38359097887244287 0.38277069161502475 0.056108521079762885 0.056049715317369408 -0.055760404976802881 -0.055893446417515008 -0.0557598086085936 0.053886229177494291
-0.4430465092275514 -0.44396776093356299 -0.44291652854924962 -0.002842717721773011 -0.44437487161881206 0.44343150832338929 -0.052507956285223853 -0.052114348090386328 0.052547472376118932 0.05189291337442397 0.051685104693721617 0.052156537438961467
0.053689958310499324 -0.054917907616935741 0.054389391840307041 0.055145507057584975 -0.054447521591619891 -0.054908267170516015 0.3779329613807515 0.38534777764984562 0.38364465264235564 -0.38302003050170708 0.49788896896627965 0.38602526701299267
0.05159671492042512 0.051840108965726772 -0.051072979256655153 -0.051577530128430152 0.051541641713207825 0.051594816534346138 0.44273010909272614 0.44587146616713652 -0.44309520266051727 -0.44332759973153651 -0.0035718210518637448 0.44313241171734519
0.05412229843959062 -0.055723983186905357 0.05580393069553892 0.055832171349292199 -0.055446266323959985 -0.055463056054051676 0.38196112064627447 -0.38176299422972992 0.38380608117580278 0.38401396770140961 0.49788719692881273 0.38377218213816217
0.051172363187320893 0.052344434333692083 -0.051921871753068678 -0.052366959774101482 0.052416685826256436 0.051987961417433323 0.44306569150895353 -0.44317870603231557 0.44389571210516227 -0.44378734157228261 0.00072515331350826002 0.44390010928944523
0.051485433276048834 0.052380521847220494 -0.052406724711810099 -0.052388190353664807 0.052155685889450847 0.051549388032654908 0.44306380757262176 0.44354827407035852 0.44367144020772759 -0.44383771343933015 0.0029871396887024585 -0.44367915669837793
-0.059682741185984302 -0.050287377418543402 0.049469808913374248 0.054754789404906516 -0.046357665932272786 -0.053631260230448959 0.38835826893725423 0.3809957837429086 0.38386264086905719 -0.38525988717507759 -0.49777242503292052 0.37934869016448103
0.052402868974180707 0.0523150229316224 -0.051435805508567953 -0.052427899300121879 0.052351603471778071 0.051157920766539397 0.44317667125840726 -0.44313373124738792 -0.44384209864355001 -0.44382026353428139 0.00073910468850267878 -0.44386831481619959
-0.05173729354297988 -0.050597378478988313 0.060853344902848994 0.047115110224600194 -0.050566572701056835 -0.047016847346765658 0.38602568976859492 -0.38594606241880508 -0.38265126416696155 0.38154363371014993 -0.49768876098028325 -0.38263664080180843
-0.054531666231813332 -0.054653046543769554 0.054545488239563858 0.054391117567607596 -0.054385343440088302 0.054951929826985713 -0.38381970109793867 0.38382518977891877 0.38501064768807791 0.37828652353812625 0.49790652040311895 0.38502483388436748
0.051937041566540117 0.051172245300490318 -0.051990141656526663 -0.051828589223220096 0.051442979593910337 0.05146005954021337 -0.44369436179945737 0.44547461370170466 -0.4430619202993164 0.44285712832186747 -0.0014049502689438358 0.44301202726464173
0.05351168965528174 -0.055260425767935231 0.054263059894971363 0.05430433420580099 -0.055129341915466229 -0.054843252030162791 -0.38543297935274845 -0.37777240438507254 0.38608884956675682 -0.38308257763387576 0.4978901889289381 0.38361470909299278
-0.05985476687546603 -0.054016060601814089 0.04956966774284819 0.051180265308601182 -0.051891484585708428 -0.046328631371700325 -0.38142894243518782 -0.3882721292631055 0.37952436962654867 -0.38517360468394629 -0.49777347152610935 0.38362073194018836
-0.054400735419608673 -0.054470469757753458 0.054906665894642416 0.054840199859356238 -0.05507027460869756 0.053678498713328034 -0.38538610022679165 -0.37769335192043973 -0.38366275039825309 -0.38317416529432968 0.49788607407809665 -0.38607307336089997
-0.052850509849551378 -0.054380830559497113 0.050793530967603549 0.054946101250475693 -0.05736159152205525 -0.050895240697449856 -0.37878610974666294 0.38272343113794416 0.38698645981458119 -0.38154973419904914 -0.49787222576776341 -0.38677926485371067
-0.068864798249096401 -0.043183118202716954 0.035980768764185843 0.043115188067333089 -0.039867409442975496 -0.038448612174126692 0.38494243767837244 0.38627754077675913 0.38178633317492228 0.3886167098571417 0.4971761110853381 -0.38185437137743505
-0.046096227919798206 -0.049121085194423826 0.053349287707224947 0.050727272963380005 -0.055085615293310589 -0.059730355988229886 -0.38104840169905585 -0.38858022941272163 -0.383678990758897 -0.3852830470998253 -0.49776826727358892 -0.37923922824030704
-0.060793066344310899 -0.05071137315152878 0.051803692208900347 0.050591375091506276 -0.047171190349479412 -0.047095597988380221 0.38594597795858621 -0.38601224711162213 0.38258483276656002 0.38153832030415891 -0.49769187407940729 0.38268359637926336
-0.052868212297807061 -0.05326886677686371 0.049713115693885111 0.051354445417266213 -0.059153113376476767 -0.049816845168595678 0.38203531274985975 0.38167648258081488 -0.3852027140074904 0.38363380073428649 -0.49777435996518971 0.38511640216106191
-0.055827158930753247 -0.055725222367598283 -0.054095626808850314 0.055455686550050474 -0.055849368468421909 -0.055485146693658761 0.38186881766552783 -0.38190470479775351 -0.38377245423317696 0.3840179259642344 0.49788754776085553 -0.38374540086887038
-0.044899654613588885 -0.044060959804218813 0.06486690444608452 0.048219870136875183 -0.044123541787269342 -0.042413287054570099 0.38646844896671856 -0.38096441650343554 -0.38485861431815838 -0.38411187947333719 0.49744947560415304 0.38491322317481746
0.051784610979876626 -0.056367617475855863 0.055768962035016571 0.056304619211538634 -0.056048360416356247 -0.056017651129488991 0.38288984883095423 0.38321570182126646 0.38389676215426127 0.38168050180110941 -0.49771105537747584 -0.3838610790357917
0.051477940716500983 0.052140279037590713 -0.052122327409240589 -0.052493641106619193 0.052528122444303514 0.051972704010155885 0.44310783333554715 -0.44414549747582732 0.44333051859412781 0.44392103076394446 -0.00055233199014307645 -0.44326156804664602
0.050742475674212188 0.051442935755320489 -0.051158408710202788 -0.051620404051375184 0.051266664554019868 0.051251971304499037 0.44256761799479222 0.4432820082994896 -0.44682173818560794 0.44275130107484822 -0.0051759764394027248 -0.44291278457463129
-0.053395705278532532 -0.049252011938473499 0.046204739827936006 0.055065972137358331 -0.05073022046784692 -0.059685906218684047 0.38852639577671011 0.38104535517133964 -0.37928328369323316 -0.38520462333607375 -0.4977706166759559 -0.38374172977472298
-0.053467048821752683 -0.051211563886156497 0.053339988187845085 0.054256347997413516 -0.054197557824896783 -0.057502992231811531 -0.38390500213044099 0.38374523692340096 0.38125469606885193 0.38635162883421065 -0.49786601387323526 0.38124667305740495
0.051515783857281547 0.052093756803721428 -0.052073406180962685 -0.051948800856493865 0.051946624348213878 0.051917606526154514 -0.44339701557816552 0.44356879777602337 0.44356518079829599 -0.44364204978061927 -0.012822406343531913 0.44355519779013602
-0.043003398811144254 -0.068894294539338083 0.043174403925119099 0.03841204764400221 -0.039880919809928105 -0.035980752821717754 -0.38629893139516241 -0.38491206287553731 -0.38192820710457503 0.38858379537286858 0.49717734229508137 0.38176389998187815
-0.053984326712469201 -0.053780053207231837 0.052973584194313611 -0.054444997555981769 -0.053267983385324964 -0.053427087299087184 -0.38512938529987473 0.38767852386773488 -0.37902016429863505 -0.38608711404890522 0.497905197179077 0.37879096743022356
-0.049594858541588481 -0.059153087770489117 0.049739695339443786 0.053262675952915124 -0.052993730313479523 -0.051389834904563871 -0.38172280037280931 -0.3819952485202881 0.38528683786902373 0.38350813675722573 -0.49777394091082172 -0.38515589159032448
-0.05542483289969545 0.054639265453800538 0.055415461010265551 0.0556690964705664 -0.055550507141221381 -0.05550498942577517 -0.38412386062056297 -0.3835499882436692 0.38236159842552903 0.3828916927870471 0.49791173284919843 -0.38238957413685609
-0.054462521357958441 -0.054592906875111875 0.054464210462737563 0.054276689382239174 -0.054269530293644619 0.054970380758576985 -0.38387430634557812 0.38389959636987936 -0.38511487347779549 0.37800378921495481 0.49790348015858099 -0.38513325644721208
-0.053426142269521935 -0.051263533053228123 0.053540255190081619 0.05423828255359444 -0.054244688063529993 -0.057451736716719513 -0.38374616749698515 0.38387643980604186 -0.38119161566827919 0.38641639108823539 -0.49786895913401724 -0.38124236557944713
0.049581753132419012 0.051729363316713989 -0.051838391414071594 -0.05127955604194722 0.05119711478619883 0.051172733760980846 0.44256099805171706 0.44330423618900078 0.44290514897739214 0.44281051674292293 -0.0052302022737629071 0.44682967138229729
-0.053037418385588599 -0.053770111634167214 0.053972962993567089 0.053319227943411401 0.05440322367494637 -0.053465402058314314 -0.38765345702301995 0.38520515747366324 0.37877527152664248 -0.38605649278210868 0.49790509118483811 -0.37900330965082279
-0.055564736179653823 -0.055685884253450106 0.055490615664386705 0.05545099034965624 0.054631904355250102 -0.055436442582484848 0.38350356401448571 0.38411463556464909 -0.38246842056513719 0.3827903073608423 0.49791330771851555 0.3824298190282453
-0.054913768309365493 -0.054480261029822737 0.054401319846928191 0.05506977857738625 -0.054837991932663241 0.053683616528292413 0.37767009619116054 0.38540917849677675 -0.38605077322477865 -0.3832274244617816 0.49788854256010878 -0.38362568142068332
0.051240927346641284 0.051682365316183185 -0.051906708312981165 -0.05198688240505854 0.051659842623913307 0.051427220501895264 -0.44544474340584161 0.44369752412322527 0.44304605311867878 0.4428557350674111 -0.0013728860222619473 -0.44304791546544248
-0.05090468566095635 -0.054329901735211447 0.052944259846103577 0.05730869948887847 -0.054939880151580543 -0.051010792765772112 -0.38284975590431997 0.37872663146016822 -0.38672946548571424 -0.38154898308069035 -0.49787366553617801 0.38694161301856883
0.052096346601166021 0.052038066898130286 -0.0516087554355227 -0.052494071028423982 0.052152185555646921 0.052442986150254486 0.44413205397818345 -0.44311763631779089 -0.44332008306879994 0.44387545706935988 -0.00050729323834757954 0.44331016918761634
0.052082186508787667 0.052066872272246843 -0.052080995895048207 -0.051941317256272983 0.051936899737870135 0.051297963940068768 -0.4434301180746848 0.44341134322516496 -0.44357005114442494 -0.44373564634619339 -0.013206761946239402 -0.44357999486182204
0.050725646620097029 0.050193568742521143 -0.051683303273133828 -0.05154298242000644 0.051674640716522113 0.051536396979816969 -0.44322665664723715 -0.44260892229345394 0.44674903454498166 0.44288179546201883 -0.0051183831090394804 0.44288338547568223
-0.042559895245970598 -0.045126764367747943 0.048094163840768193 0.044180816719168153 -0.044277228102709676 -0.0647763986038776 0.38116844618749818 -0.38641412918139095 0.38489440444101719 -0.38399092344162966 0.49745562842633018 -0.384799538512829
0.051659897394146642 0.050105708362306385 -0.050906803247115488 -0.051714340745224421 0.051553120664101212 0.051039721524188481 -0.44330469622987329 -0.44251747722168411 -0.44286738305487766 0.44280981563744692 -0.0052511872262759199 -0.44689106256399347
0.052035855191760405 0.051945941440373872 -0.05201485900634812 -0.052170871073937447 0.052435719979173685 0.052033268951330529 -0.44352064635323529 -0.44304245561216954 -0.4436546275806883 -0.44385652611172838 0.0030100645786036067 0.44369504362548956
-0.055761536940626105 -0.056099186692829324 0.056198695753640872 0.055923645160918044 -0.055995504720293805 0.053354234439339017 0.38376860512545014 -0.38204854019278423 0.38295008453753554 -0.38354595266840114 -0.49779083229360338 -0.38299113144026276
0.051657760714278293 0.051593823226462387 -0.051741116952944859 -0.051845180767141327 0.051786187071811707 0.050792434868212624 -0.44570605322188794 -0.44275181289137416 0.44309731154281734 -0.44333938168540116 -0.0033556334210692162 -0.44324198557527794
-0.05637202521346512 0.051713260175887947 0.05639215678620009 0.055995365863918047 -0.055895808454773675 -0.055853160467454893 -0.38325309552518683 -0.38288137074348688 -0.38387938121694865 0.38167444628151559 -0.49771215037609978 0.38386356172630431
-0.056112780886283097 -0.055994456737960691 -0.053318638232520123 0.056211865590103861 -0.055915058965181168 -0.055776278803854329 0.38207694451078744 -0.38379225926701471 -0.38298090278433522 -0.38350357337974056 -0.49778903878035857 0.38295333775940243
