1 0 0 0 0 0 0 0 0 0 0 0
-1 0 0 0 0 0 0 0 0 0 0 0
0 1 0 0 0 0 0 0 0 0 0 0
0 -1 0 0 0 0 0 0 0 0 0 0
0 0 1 0 0 0 0 0 0 0 0 0
0 0 -1 0 0 0 0 0 0 0 0 0
0 0 0 1 0 0 0 0 0 0 0 0
0 0 0 -1 0 0 0 0 0 0 0 0
0 0 0 0 1 0 0 0 0 0 0 0
0 0 0 0 -1 0 0 0 0 0 0 0
0 0 0 0 0 1 0 0 0 0 0 0
0 0 0 0 0 -1 0 0 0 0 0 0
0 0 0 0 0 0 1 0 0 0 0 0
0 0 0 0 0 0 -1 0 0 0 0 0
0 0 0 0 0 0 0 1 0 0 0 0
0 0 0 0 0 0 0 -1 0 0 0 0
0 0 0 0 0 0 0 0 1 0 0 0
0 0 0 0 0 0 0 0 -1 0 0 0
0 0 0 0 0 0 0 0 0 1 0 0
0 0 0 0 0 0 0 0 0 -1 0 0
0 0 0 0 0 0 0 0 0 0 1 0
0 0 0 0 0 0 0 0 0 0 -1 0
0 0 0 0 0 0 0 0 0 0 0 1
0 0 0 0 0 0 0 0 0 0 0 -1
0.5 0 0 0 0 0.5 0.5 0 0 0 0 0.5
0.5 0 0 0 0 0.5 0.5 0 0 0 0 -0.5
0.5 0 0 0 0 0.5 -0.5 0 0 0 0 0.5
0.5 0 0 0 0 0.5 -0.5 0 0 0 0 -0.5
0.5 0 0 0 0 -0.5 0.5 0 0 0 0 0.5
0.5 0 0 0 0 -0.5 0.5 0 0 0 0 -0.5
0.5 0 0 0 0 -0.5 -0.5 0 0 0 0 0.5
0.5 0 0 0 0 -0.5 -0.5 0 0 0 0 -0.5
-0.5 0 0 0 0 0.5 0.5 0 0 0 0 0.5
-0.5 0 0 0 0 0.5 0.5 0 0 0 0 -0.5
-0.5 0 0 0 0 0.5 -0.5 0 0 0 0 0.5
-0.5 0 0 0 0 0.5 -0.5 0 0 0 0 -0.5
-0.5 0 0 0 0 -0.5 0.5 0 0 0 0 0.5
-0.5 0 0 0 0 -0.5 0.5 0 0 0 0 -0.5
-0.5 0 0 0 0 -0.5 -0.5 0 0 0 0 0.5
-0.5 0 0 0 0 -0.5 -0.5 0 0 0 0 -0.5
0.5 0 0 0 0 0.5 0 0.5 0 0 0.5 0
0.5 0 0 0 0 0.5 0 0.5 0 0 -0.5 0
0.5 0 0 0 0 0.5 0 -0.5 0 0 0.5 0
0.5 0 0 0 0 0.5 0 -0.5 0 0 -0.5 0
0.5 0 0 0 0 -0.5 0 0.5 0 0 0.5 0
0.5 0 0 0 0 -0.5 0 0.5 0 0 -0.5 0
0.5 0 0 0 0 -0.5 0 -0.5 0 0 0.5 0
0.5 0 0 0 0 -0.5 0 -0.5 0 0 -0.5 0
-0.5 0 0 0 0 0.5 0 0.5 0 0 0.5 0
-0.5 0 0 0 0 0.5 0 0.5 0 0 -0.5 0
-0.5 0 0 0 0 0.5 0 -0.5 0 0 0.5 0
-0.5 0 0 0 0 0.5 0 -0.5 0 0 -0.5 0
-0.5 0 0 0 0 -0.5 0 0.5 0 0 0.5 0
-0.5 0 0 0 0 -0.5 0 0.5 0 0 -0.5 0
-0.5 0 0 0 0 -0.5 0 -0.5 0 0 0.5 0
-0.5 0 0 0 0 -0.5 0 -0.5 0 0 -0.5 0
0.5 0 0 0 0 0.5 0 0 0.5 0.5 0 0
0.5 0 0 0 0 0.5 0 0 0.5 -0.5 0 0
0.5 0 0 0 0 0.5 0 0 -0.5 0.5 0 0
0.5 0 0 0 0 0.5 0 0 -0.5 -0.5 0 0
0.5 0 0 0 0 -0.5 0 0 0.5 0.5 0 0
0.5 0 0 0 0 -0.5 0 0 0.5 -0.5 0 0
0.5 0 0 0 0 -0.5 0 0 -0.5 0.5 0 0
0.5 0 0 0 0 -0.5 0 0 -0.5 -0.5 0 0
-0.5 0 0 0 0 0.5 0 0 0.5 0.5 0 0
-0.5 0 0 0 0 0.5 0 0 0.5 -0.5 0 0
-0.5 0 0 0 0 0.5 0 0 -0.5 0.5 0 0
-0.5 0 0 0 0 0.5 0 0 -0.5 -0.5 0 0
-0.5 0 0 0 0 -0.5 0 0 0.5 0.5 0 0
-0.5 0 0 0 0 -0.5 0 0 0.5 -0.5 0 0
-0.5 0 0 0 0 -0.5 0 0 -0.5 0.5 0 0
-0.5 0 0 0 0 -0.5 0 0 -0.5 -0.5 0 0
0 0.5 0 0 0.5 0 0.5 0 0 0 0 0.5
0 0.5 0 0 0.5 0 0.5 0 0 0 0 -0.5
0 0.5 0 0 0.5 0 -0.5 0 0 0 0 0.5
0 0.5 0 0 0.5 0 -0.5 0 0 0 0 -0.5
0 0.5 0 0 -0.5 0 0.5 0 0 0 0 0.5
0 0.5 0 0 -0.5 0 0.5 0 0 0 0 -0.5
0 0.5 0 0 -0.5 0 -0.5 0 0 0 0 0.5
0 0.5 0 0 -0.5 0 -0.5 0 0 0 0 -0.5
0 -0.5 0 0 0.5 0 0.5 0 0 0 0 0.5
0 -0.5 0 0 0.5 0 0.5 0 0 0 0 -0.5
0 -0.5 0 0 0.5 0 -0.5 0 0 0 0 0.5
0 -0.5 0 0 0.5 0 -0.5 0 0 0 0 -0.5
0 -0.5 0 0 -0.5 0 0.5 0 0 0 0 0.5
0 -0.5 0 0 -0.5 0 0.5 0 0 0 0 -0.5
0 -0.5 0 0 -0.5 0 -0.5 0 0 0 0 0.5
0 -0.5 0 0 -0.5 0 -0.5 0 0 0 0 -0.5
0 0.5 0 0 0.5 0 0 0.5 0 0 0.5 0
0 0.5 0 0 0.5 0 0 0.5 0 0 -0.5 0
0 0.5 0 0 0.5 0 0 -0.5 0 0 0.5 0
0 0.5 0 0 0.5 0 0 -0.5 0 0 -0.5 0
0 0.5 0 0 -0.5 0 0 0.5 0 0 0.5 0
0 0.5 0 0 -0.5 0 0 0.5 0 0 -0.5 0
0 0.5 0 0 -0.5 0 0 -0.5 0 0 0.5 0
0 0.5 0 0 -0.5 0 0 -0.5 0 0 -0.5 0
0 -0.5 0 0 0.5 0 0 0.5 0 0 0.5 0
0 -0.5 0 0 0.5 0 0 0.5 0 0 -0.5 0
0 -0.5 0 0 0.5 0 0 -0.5 0 0 0.5 0
0 -0.5 0 0 0.5 0 0 -0.5 0 0 -0.5 0
0 -0.5 0 0 -0.5 0 0 0.5 0 0 0.5 0
0 -0.5 0 0 -0.5 0 0 0.5 0 0 -0.5 0
0 -0.5 0 0 -0.5 0 0 -0.5 0 0 0.5 0
0 -0.5 0 0 -0.5 0 0 -0.5 0 0 -0.5 0
0 0.5 0 0 0.5 0 0 0 0.5 0.5 0 0
0 0.5 0 0 0.5 0 0 0 0.5 -0.5 0 0
0 0.5 0 0 0.5 0 0 0 -0.5 0.5 0 0
0 0.5 0 0 0.5 0 0 0 -0.5 -0.5 0 0
0 0.5 0 0 -0.5 0 0 0 0.5 0.5 0 0
0 0.5 0 0 -0.5 0 0 0 0.5 -0.5 0 0
0 0.5 0 0 -0.5 0 0 0 -0.5 0.5 0 0
0 0.5 0 0 -0.5 0 0 0 -0.5 -0.5 0 0
0 -0.5 0 0 0.5 0 0 0 0.5 0.5 0 0
0 -0.5 0 0 0.5 0 0 0 0.5 -0.5 0 0
0 -0.5 0 0 0.5 0 0 0 -0.5 0.5 0 0
0 -0.5 0 0 0.5 0 0 0 -0.5 -0.5 0 0
0 -0.5 0 0 -0.5 0 0 0 0.5 0.5 0 0
0 -0.5 0 0 -0.5 0 0 0 0.5 -0.5 0 0
0 -0.5 0 0 -0.5 0 0 0 -0.5 0.5 0 0
0 -0.5 0 0 -0.5 0 0 0 -0.5 -0.5 0 0
0 0 0.5 0.5 0 0 0.5 0 0 0 0 0.5
0 0 0.5 0.5 0 0 0.5 0 0 0 0 -0.5
0 0 0.5 0.5 0 0 -0.5 0 0 0 0 0.5
0 0 0.5 0.5 0 0 -0.5 0 0 0 0 -0.5
0 0 0.5 -0.5 0 0 0.5 0 0 0 0 0.5
0 0 0.5 -0.5 0 0 0.5 0 0 0 0 -0.5
0 0 0.5 -0.5 0 0 -0.5 0 0 0 0 0.5
0 0 0.5 -0.5 0 0 -0.5 0 0 0 0 -0.5
0 0 -0.5 0.5 0 0 0.5 0 0 0 0 0.5
0 0 -0.5 0.5 0 0 0.5 0 0 0 0 -0.5
0 0 -0.5 0.5 0 0 -0.5 0 0 0 0 0.5
0 0 -0.5 0.5 0 0 -0.5 0 0 0 0 -0.5
0 0 -0.5 -0.5 0 0 0.5 0 0 0 0 0.5
0 0 -0.5 -0.5 0 0 0.5 0 0 0 0 -0.5
0 0 -0.5 -0.5 0 0 -0.5 0 0 0 0 0.5
0 0 -0.5 -0.5 0 0 -0.5 0 0 0 0 -0.5
0 0 0.5 0.5 0 0 0 0.5 0 0 0.5 0
0 0 0.5 0.5 0 0 0 0.5 0 0 -0.5 0
0 0 0.5 0.5 0 0 0 -0.5 0 0 0.5 0
0 0 0.5 0.5 0 0 0 -0.5 0 0 -0.5 0
0 0 0.5 -0.5 0 0 0 0.5 0 0 0.5 0
0 0 0.5 -0.5 0 0 0 0.5 0 0 -0.5 0
0 0 0.5 -0.5 0 0 0 -0.5 0 0 0.5 0
0 0 0.5 -0.5 0 0 0 -0.5 0 0 -0.5 0
0 0 -0.5 0.5 0 0 0 0.5 0 0 0.5 0
0 0 -0.5 0.5 0 0 0 0.5 0 0 -0.5 0
0 0 -0.5 0.5 0 0 0 -0.5 0 0 0.5 0
0 0 -0.5 0.5 0 0 0 -0.5 0 0 -0.5 0
0 0 -0.5 -0.5 0 0 0 0.5 0 0 0.5 0
0 0 -0.5 -0.5 0 0 0 0.5 0 0 -0.5 0
0 0 -0.5 -0.5 0 0 0 -0.5 0 0 0.5 0
0 0 -0.5 -0.5 0 0 0 -0.5 0 0 -0.5 0
0 0 0.5 0.5 0 0 0 0 0.5 0.5 0 0
0 0 0.5 0.5 0 0 0 0 0.5 -0.5 0 0
0 0 0.5 0.5 0 0 0 0 -0.5 0.5 0 0
0 0 0.5 0.5 0 0 0 0 -0.5 -0.5 0 0
0 0 0.5 -0.5 0 0 0 0 0.5 0.5 0 0
0 0 0.5 -0.5 0 0 0 0 0.5 -0.5 0 0
0 0 0.5 -0.5 0 0 0 0 -0.5 0.5 0 0
0 0 0.5 -0.5 0 0 0 0 -0.5 -0.5 0 0
0 0 -0.5 0.5 0 0 0 0 0.5 0.5 0 0
0 0 -0.5 0.5 0 0 0 0 0.5 -0.5 0 0
0 0 -0.5 0.5 0 0 0 0 -0.5 0.5 0 0
0 0 -0.5 0.5 0 0 0 0 -0.5 -0.5 0 0
0 0 -0.5 -0.5 0 0 0 0 0.5 0.5 0 0
0 0 -0.5 -0.5 0 0 0 0 0.5 -0.5 0 0
0 0 -0.5 -0.5 0 0 0 0 -0.5 0.5 0 0
0 0 -0.5 -0.5 0 0 0 0 -0.5 -0.5 0 0
0 0.5 0 0 0 0.5 0 0.5 0 0 0 0.5
0 0.5 0 0 0 0.5 0 0.5 0 0 0 -0.5
0 0.5 0 0 0 0.5 0 -0.5 0 0 0 0.5
0 0.5 0 0 0 0.5 0 -0.5 0 0 0 -0.5
0 0.5 0 0 0 -0.5 0 0.5 0 0 0 0.5
0 0.5 0 0 0 -0.5 0 0.5 0 0 0 -0.5
0 0.5 0 0 0 -0.5 0 -0.5 0 0 0 0.5
0 0.5 0 0 0 -0.5 0 -0.5 0 0 0 -0.5
0 -0.5 0 0 0 0.5 0 0.5 0 0 0 0.5
0 -0.5 0 0 0 0.5 0 0.5 0 0 0 -0.5
0 -0.5 0 0 0 0.5 0 -0.5 0 0 0 0.5
0 -0.5 0 0 0 0.5 0 -0.5 0 0 0 -0.5
0 -0.5 0 0 0 -0.5 0 0.5 0 0 0 0.5
0 -0.5 0 0 0 -0.5 0 0.5 0 0 0 -0.5
0 -0.5 0 0 0 -0.5 0 -0.5 0 0 0 0.5
0 -0.5 0 0 0 -0.5 0 -0.5 0 0 0 -0.5
0 0.5 0 0 0 0.5 0.5 0 0.5 0 0 0
0 0.5 0 0 0 0.5 -0.5 0 0.5 0 0 0
0 0.5 0 0 0 0.5 0.5 0 -0.5 0 0 0
0 0.5 0 0 0 0.5 -0.5 0 -0.5 0 0 0
0 0.5 0 0 0 -0.5 0.5 0 0.5 0 0 0
0 0.5 0 0 0 -0.5 -0.5 0 0.5 0 0 0
0 0.5 0 0 0 -0.5 0.5 0 -0.5 0 0 0
0 0.5 0 0 0 -0.5 -0.5 0 -0.5 0 0 0
0 -0.5 0 0 0 0.5 0.5 0 0.5 0 0 0
0 -0.5 0 0 0 0.5 -0.5 0 0.5 0 0 0
0 -0.5 0 0 0 0.5 0.5 0 -0.5 0 0 0
0 -0.5 0 0 0 0.5 -0.5 0 -0.5 0 0 0
0 -0.5 0 0 0 -0.5 0.5 0 0.5 0 0 0
0 -0.5 0 0 0 -0.5 -0.5 0 0.5 0 0 0
0 -0.5 0 0 0 -0.5 0.5 0 -0.5 0 0 0
0 -0.5 0 0 0 -0.5 -0.5 0 -0.5 0 0 0
0 0.5 0 0 0 0.5 0 0 0 0.5 0.5 0
0 0.5 0 0 0 0.5 0 0 0 0.5 -0.5 0
0 0.5 0 0 0 0.5 0 0 0 -0.5 0.5 0
0 0.5 0 0 0 0.5 0 0 0 -0.5 -0.5 0
0 0.5 0 0 0 -0.5 0 0 0 0.5 0.5 0
0 0.5 0 0 0 -0.5 0 0 0 0.5 -0.5 0
0 0.5 0 0 0 -0.5 0 0 0 -0.5 0.5 0
0 0.5 0 0 0 -0.5 0 0 0 -0.5 -0.5 0
0 -0.5 0 0 0 0.5 0 0 0 0.5 0.5 0
0 -0.5 0 0 0 0.5 0 0 0 0.5 -0.5 0
0 -0.5 0 0 0 0.5 0 0 0 -0.5 0.5 0
0 -0.5 0 0 0 0.5 0 0 0 -0.5 -0.5 0
0 -0.5 0 0 0 -0.5 0 0 0 0.5 0.5 0
0 -0.5 0 0 0 -0.5 0 0 0 0.5 -0.5 0
0 -0.5 0 0 0 -0.5 0 0 0 -0.5 0.5 0
0 -0.5 0 0 0 -0.5 0 0 0 -0.5 -0.5 0
0.5 0 0.5 0 0 0 0 0.5 0 0 0 0.5
0.5 0 0.5 0 0 0 0 0.5 0 0 0 -0.5
0.5 0 0.5 0 0 0 0 -0.5 0 0 0 0.5
0.5 0 0.5 0 0 0 0 -0.5 0 0 0 -0.5
-0.5 0 0.5 0 0 0 0 0.5 0 0 0 0.5
-0.5 0 0.5 0 0 0 0 0.5 0 0 0 -0.5
-0.5 0 0.5 0 0 0 0 -0.5 0 0 0 0.5
-0.5 0 0.5 0 0 0 0 -0.5 0 0 0 -0.5
0.5 0 -0.5 0 0 0 0 0.5 0 0 0 0.5
0.5 0 -0.5 0 0 0 0 0.5 0 0 0 -0.5
0.5 0 -0.5 0 0 0 0 -0.5 0 0 0 0.5
0.5 0 -0.5 0 0 0 0 -0.5 0 0 0 -0.5
-0.5 0 -0.5 0 0 0 0 0.5 0 0 0 0.5
-0.5 0 -0.5 0 0 0 0 0.5 0 0 0 -0.5
-0.5 0 -0.5 0 0 0 0 -0.5 0 0 0 0.5
-0.5 0 -0.5 0 0 0 0 -0.5 0 0 0 -0.5
0.5 0 0.5 0 0 0 0.5 0 0.5 0 0 0
0.5 0 0.5 0 0 0 -0.5 0 0.5 0 0 0
0.5 0 0.5 0 0 0 0.5 0 -0.5 0 0 0
0.5 0 0.5 0 0 0 -0.5 0 -0.5 0 0 0
-0.5 0 0.5 0 0 0 0.5 0 0.5 0 0 0
-0.5 0 0.5 0 0 0 -0.5 0 0.5 0 0 0
-0.5 0 0.5 0 0 0 0.5 0 -0.5 0 0 0
-0.5 0 0.5 0 0 0 -0.5 0 -0.5 0 0 0
0.5 0 -0.5 0 0 0 0.5 0 0.5 0 0 0
0.5 0 -0.5 0 0 0 -0.5 0 0.5 0 0 0
0.5 0 -0.5 0 0 0 0.5 0 -0.5 0 0 0
0.5 0 -0.5 0 0 0 -0.5 0 -0.5 0 0 0
-0.5 0 -0.5 0 0 0 0.5 0 0.5 0 0 0
-0.5 0 -0.5 0 0 0 -0.5 0 0.5 0 0 0
-0.5 0 -0.5 0 0 0 0.5 0 -0.5 0 0 0
-0.5 0 -0.5 0 0 0 -0.5 0 -0.5 0 0 0
0.5 0 0.5 0 0 0 0 0 0 0.5 0.5 0
0.5 0 0.5 0 0 0 0 0 0 0.5 -0.5 0
0.5 0 0.5 0 0 0 0 0 0 -0.5 0.5 0
0.5 0 0.5 0 0 0 0 0 0 -0.5 -0.5 0
-0.5 0 0.5 0 0 0 0 0 0 0.5 0.5 0
-0.5 0 0.5 0 0 0 0 0 0 0.5 -0.5 0
-0.5 0 0.5 0 0 0 0 0 0 -0.5 0.5 0
-0.5 0 0.5 0 0 0 0 0 0 -0.5 -0.5 0
0.5 0 -0.5 0 0 0 0 0 0 0.5 0.5 0
0.5 0 -0.5 0 0 0 0 0 0 0.5 -0.5 0
0.5 0 -0.5 0 0 0 0 0 0 -0.5 0.5 0
0.5 0 -0.5 0 0 0 0 0 0 -0.5 -0.5 0
-0.5 0 -0.5 0 0 0 0 0 0 0.5 0.5 0
-0.5 0 -0.5 0 0 0 0 0 0 0.5 -0.5 0
-0.5 0 -0.5 0 0 0 0 0 0 -0.5 0.5 0
-0.5 0 -0.5 0 0 0 0 0 0 -0.5 -0.5 0
0 0 0 0.5 0.5 0 0 0.5 0 0 0 0.5
0 0 0 0.5 0.5 0 0 0.5 0 0 0 -0.5
0 0 0 0.5 0.5 0 0 -0.5 0 0 0 0.5
0 0 0 0.5 0.5 0 0 -0.5 0 0 0 -0.5
0 0 0 0.5 -0.5 0 0 0.5 0 0 0 0.5
0 0 0 0.5 -0.5 0 0 0.5 0 0 0 -0.5
0 0 0 0.5 -0.5 0 0 -0.5 0 0 0 0.5
0 0 0 0.5 -0.5 0 0 -0.5 0 0 0 -0.5
0 0 0 -0.5 0.5 0 0 0.5 0 0 0 0.5
0 0 0 -0.5 0.5 0 0 0.5 0 0 0 -0.5
0 0 0 -0.5 0.5 0 0 -0.5 0 0 0 0.5
0 0 0 -0.5 0.5 0 0 -0.5 0 0 0 -0.5
0 0 0 -0.5 -0.5 0 0 0.5 0 0 0 0.5
0 0 0 -0.5 -0.5 0 0 0.5 0 0 0 -0.5
0 0 0 -0.5 -0.5 0 0 -0.5 0 0 0 0.5
0 0 0 -0.5 -0.5 0 0 -0.5 0 0 0 -0.5
0 0 0 0.5 0.5 0 0.5 0 0.5 0 0 0
0 0 0 0.5 0.5 0 -0.5 0 0.5 0 0 0
0 0 0 0.5 0.5 0 0.5 0 -0.5 0 0 0
0 0 0 0.5 0.5 0 -0.5 0 -0.5 0 0 0
0 0 0 0.5 -0.5 0 0.5 0 0.5 0 0 0
0 0 0 0.5 -0.5 0 -0.5 0 0.5 0 0 0
0 0 0 0.5 -0.5 0 0.5 0 -0.5 0 0 0
0 0 0 0.5 -0.5 0 -0.5 0 -0.5 0 0 0
0 0 0 -0.5 0.5 0 0.5 0 0.5 0 0 0
0 0 0 -0.5 0.5 0 -0.5 0 0.5 0 0 0
0 0 0 -0.5 0.5 0 0.5 0 -0.5 0 0 0
0 0 0 -0.5 0.5 0 -0.5 0 -0.5 0 0 0
0 0 0 -0.5 -0.5 0 0.5 0 0.5 0 0 0
0 0 0 -0.5 -0.5 0 -0.5 0 0.5 0 0 0
0 0 0 -0.5 -0.5 0 0.5 0 -0.5 0 0 0
0 0 0 -0.5 -0.5 0 -0.5 0 -0.5 0 0 0
0 0 0 0.5 0.5 0 0 0 0 0.5 0.5 0
0 0 0 0.5 0.5 0 0 0 0 0.5 -0.5 0
0 0 0 0.5 0.5 0 0 0 0 -0.5 0.5 0
0 0 0 0.5 0.5 0 0 0 0 -0.5 -0.5 0
0 0 0 0.5 -0.5 0 0 0 0 0.5 0.5 0
0 0 0 0.5 -0.5 0 0 0 0 0.5 -0.5 0
0 0 0 0.5 -0.5 0 0 0 0 -0.5 0.5 0
0 0 0 0.5 -0.5 0 0 0 0 -0.5 -0.5 0
0 0 0 -0.5 0.5 0 0 0 0 0.5 0.5 0
0 0 0 -0.5 0.5 0 0 0 0 0.5 -0.5 0
0 0 0 -0.5 0.5 0 0 0 0 -0.5 0.5 0
0 0 0 -0.5 0.5 0 0 0 0 -0.5 -0.5 0
0 0 0 -0.5 -0.5 0 0 0 0 0.5 0.5 0
0 0 0 -0.5 -0.5 0 0 0 0 0.5 -0.5 0
0 0 0 -0.5 -0.5 0 0 0 0 -0.5 0.5 0
0 0 0 -0.5 -0.5 0 0 0 0 -0.5 -0.5 0
0 0 0.5 0 0 0.5 0 0 0.5 0 0 0.5
0 0 0.5 0 0 0.5 0 0 0.5 0 0 -0.5
0 0 0.5 0 0 0.5 0 0 -0.5 0 0 0.5
0 0 0.5 0 0 0.5 0 0 -0.5 0 0 -0.5
0 0 0.5 0 0 -0.5 0 0 0.5 0 0 0.5
0 0 0.5 0 0 -0.5 0 0 0.5 0 0 -0.5
0 0 0.5 0 0 -0.5 0 0 -0.5 0 0 0.5
0 0 0.5 0 0 -0.5 0 0 -0.5 0 0 -0.5
0 0 -0.5 0 0 0.5 0 0 0.5 0 0 0.5
0 0 -0.5 0 0 0.5 0 0 0.5 0 0 -0.5
0 0 -0.5 0 0 0.5 0 0 -0.5 0 0 0.5
0 0 -0.5 0 0 0.5 0 0 -0.5 0 0 -0.5
0 0 -0.5 0 0 -0.5 0 0 0.5 0 0 0.5
0 0 -0.5 0 0 -0.5 0 0 0.5 0 0 -0.5
0 0 -0.5 0 0 -0.5 0 0 -0.5 0 0 0.5
0 0 -0.5 0 0 -0.5 0 0 -0.5 0 0 -0.5
0 0 0.5 0 0 0.5 0 0.5 0 0.5 0 0
0 0 0.5 0 0 0.5 0 -0.5 0 0.5 0 0
0 0 0.5 0 0 0.5 0 0.5 0 -0.5 0 0
0 0 0.5 0 0 0.5 0 -0.5 0 -0.5 0 0
0 0 0.5 0 0 -0.5 0 0.5 0 0.5 0 0
0 0 0.5 0 0 -0.5 0 -0.5 0 0.5 0 0
0 0 0.5 0 0 -0.5 0 0.5 0 -0.5 0 0
0 0 0.5 0 0 -0.5 0 -0.5 0 -0.5 0 0
0 0 -0.5 0 0 0.5 0 0.5 0 0.5 0 0
0 0 -0.5 0 0 0.5 0 -0.5 0 0.5 0 0
0 0 -0.5 0 0 0.5 0 0.5 0 -0.5 0 0
0 0 -0.5 0 0 0.5 0 -0.5 0 -0.5 0 0
0 0 -0.5 0 0 -0.5 0 0.5 0 0.5 0 0
0 0 -0.5 0 0 -0.5 0 -0.5 0 0.5 0 0
0 0 -0.5 0 0 -0.5 0 0.5 0 -0.5 0 0
0 0 -0.5 0 0 -0.5 0 -0.5 0 -0.5 0 0
0 0 0.5 0 0 0.5 0.5 0 0 0 0.5 0
0 0 0.5 0 0 0.5 -0.5 0 0 0 0.5 0
0 0 0.5 0 0 0.5 0.5 0 0 0 -0.5 0
0 0 0.5 0 0 0.5 -0.5 0 0 0 -0.5 0
0 0 0.5 0 0 -0.5 0.5 0 0 0 0.5 0
0 0 0.5 0 0 -0.5 -0.5 0 0 0 0.5 0
0 0 0.5 0 0 -0.5 0.5 0 0 0 -0.5 0
0 0 0.5 0 0 -0.5 -0.5 0 0 0 -0.5 0
0 0 -0.5 0 0 0.5 0.5 0 0 0 0.5 0
0 0 -0.5 0 0 0.5 -0.5 0 0 0 0.5 0
0 0 -0.5 0 0 0.5 0.5 0 0 0 -0.5 0
0 0 -0.5 0 0 0.5 -0.5 0 0 0 -0.5 0
0 0 -0.5 0 0 -0.5 0.5 0 0 0 0.5 0
0 0 -0.5 0 0 -0.5 -0.5 0 0 0 0.5 0
0 0 -0.5 0 0 -0.5 0.5 0 0 0 -0.5 0
0 0 -0.5 0 0 -0.5 -0.5 0 0 0 -0.5 0
0 0.5 0 0.5 0 0 0 0 0.5 0 0 0.5
0 0.5 0 0.5 0 0 0 0 0.5 0 0 -0.5
0 0.5 0 0.5 0 0 0 0 -0.5 0 0 0.5
0 0.5 0 0.5 0 0 0 0 -0.5 0 0 -0.5
0 -0.5 0 0.5 0 0 0 0 0.5 0 0 0.5
0 -0.5 0 0.5 0 0 0 0 0.5 0 0 -0.5
0 -0.5 0 0.5 0 0 0 0 -0.5 0 0 0.5
0 -0.5 0 0.5 0 0 0 0 -0.5 0 0 -0.5
0 0.5 0 -0.5 0 0 0 0 0.5 0 0 0.5
0 0.5 0 -0.5 0 0 0 0 0.5 0 0 -0.5
0 0.5 0 -0.5 0 0 0 0 -0.5 0 0 0.5
0 0.5 0 -0.5 0 0 0 0 -0.5 0 0 -0.5
0 -0.5 0 -0.5 0 0 0 0 0.5 0 0 0.5
0 -0.5 0 -0.5 0 0 0 0 0.5 0 0 -0.5
0 -0.5 0 -0.5 0 0 0 0 -0.5 0 0 0.5
0 -0.5 0 -0.5 0 0 0 0 -0.5 0 0 -0.5
0 0.5 0 0.5 0 0 0 0.5 0 0.5 0 0
0 0.5 0 0.5 0 0 0 -0.5 0 0.5 0 0
0 0.5 0 0.5 0 0 0 0.5 0 -0.5 0 0
0 0.5 0 0.5 0 0 0 -0.5 0 -0.5 0 0
0 -0.5 0 0.5 0 0 0 0.5 0 0.5 0 0
0 -0.5 0 0.5 0 0 0 -0.5 0 0.5 0 0
0 -0.5 0 0.5 0 0 0 0.5 0 -0.5 0 0
0 -0.5 0 0.5 0 0 0 -0.5 0 -0.5 0 0
0 0.5 0 -0.5 0 0 0 0.5 0 0.5 0 0
0 0.5 0 -0.5 0 0 0 -0.5 0 0.5 0 0
0 0.5 0 -0.5 0 0 0 0.5 0 -0.5 0 0
0 0.5 0 -0.5 0 0 0 -0.5 0 -0.5 0 0
0 -0.5 0 -0.5 0 0 0 0.5 0 0.5 0 0
0 -0.5 0 -0.5 0 0 0 -0.5 0 0.5 0 0
0 -0.5 0 -0.5 0 0 0 0.5 0 -0.5 0 0
0 -0.5 0 -0.5 0 0 0 -0.5 0 -0.5 0 0
0 0.5 0 0.5 0 0 0.5 0 0 0 0.5 0
0 0.5 0 0.5 0 0 -0.5 0 0 0 0.5 0
0 0.5 0 0.5 0 0 0.5 0 0 0 -0.5 0
0 0.5 0 0.5 0 0 -0.5 0 0 0 -0.5 0
0 -0.5 0 0.5 0 0 0.5 0 0 0 0.5 0
0 -0.5 0 0.5 0 0 -0.5 0 0 0 0.5 0
0 -0.5 0 0.5 0 0 0.5 0 0 0 -0.5 0
0 -0.5 0 0.5 0 0 -0.5 0 0 0 -0.5 0
0 0.5 0 -0.5 0 0 0.5 0 0 0 0.5 0
0 0.5 0 -0.5 0 0 -0.5 0 0 0 0.5 0
0 0.5 0 -0.5 0 0 0.5 0 0 0 -0.5 0
0 0.5 0 -0.5 0 0 -0.5 0 0 0 -0.5 0
0 -0.5 0 -0.5 0 0 0.5 0 0 0 0.5 0
0 -0.5 0 -0.5 0 0 -0.5 0 0 0 0.5 0
0 -0.5 0 -0.5 0 0 0.5 0 0 0 -0.5 0
0 -0.5 0 -0.5 0 0 -0.5 0 0 0 -0.5 0
0.5 0 0 0 0.5 0 0 0 0.5 0 0 0.5
0.5 0 0 0 0.5 0 0 0 0.5 0 0 -0.5
0.5 0 0 0 0.5 0 0 0 -0.5 0 0 0.5
0.5 0 0 0 0.5 0 0 0 -0.5 0 0 -0.5
-0.5 0 0 0 0.5 0 0 0 0.5 0 0 0.5
-0.5 0 0 0 0.5 0 0 0 0.5 0 0 -0.5
-0.5 0 0 0 0.5 0 0 0 -0.5 0 0 0.5
-0.5 0 0 0 0.5 0 0 0 -0.5 0 0 -0.5
0.5 0 0 0 -0.5 0 0 0 0.5 0 0 0.5
0.5 0 0 0 -0.5 0 0 0 0.5 0 0 -0.5
0.5 0 0 0 -0.5 0 0 0 -0.5 0 0 0.5
0.5 0 0 0 -0.5 0 0 0 -0.5 0 0 -0.5
-0.5 0 0 0 -0.5 0 0 0 0.5 0 0 0.5
-0.5 0 0 0 -0.5 0 0 0 0.5 0 0 -0.5
-0.5 0 0 0 -0.5 0 0 0 -0.5 0 0 0.5
-0.5 0 0 0 -0.5 0 0 0 -0.5 0 0 -0.5
0.5 0 0 0 0.5 0 0 0.5 0 0.5 0 0
0.5 0 0 0 0.5 0 0 -0.5 0 0.5 0 0
0.5 0 0 0 0.5 0 0 0.5 0 -0.5 0 0
0.5 0 0 0 0.5 0 0 -0.5 0 -0.5 0 0
-0.5 0 0 0 0.5 0 0 0.5 0 0.5 0 0
-0.5 0 0 0 0.5 0 0 -0.5 0 0.5 0 0
-0.5 0 0 0 0.5 0 0 0.5 0 -0.5 0 0
-0.5 0 0 0 0.5 0 0 -0.5 0 -0.5 0 0
0.5 0 0 0 -0.5 0 0 0.5 0 0.5 0 0
0.5 0 0 0 -0.5 0 0 -0.5 0 0.5 0 0
0.5 0 0 0 -0.5 0 0 0.5 0 -0.5 0 0
0.5 0 0 0 -0.5 0 0 -0.5 0 -0.5 0 0
-0.5 0 0 0 -0.5 0 0 0.5 0 0.5 0 0
-0.5 0 0 0 -0.5 0 0 -0.5 0 0.5 0 0
-0.5 0 0 0 -0.5 0 0 0.5 0 -0.5 0 0
-0.5 0 0 0 -0.5 0 0 -0.5 0 -0.5 0 0
0.5 0 0 0 0.5 0 0.5 0 0 0 0.5 0
0.5 0 0 0 0.5 0 -0.5 0 0 0 0.5 0
0.5 0 0 0 0.5 0 0.5 0 0 0 -0.5 0
0.5 0 0 0 0.5 0 -0.5 0 0 0 -0.5 0
-0.5 0 0 0 0.5 0 0.5 0 0 0 0.5 0
-0.5 0 0 0 0.5 0 -0.5 0 0 0 0.5 0
-0.5 0 0 0 0.5 0 0.5 0 0 0 -0.5 0
-0.5 0 0 0 0.5 0 -0.5 0 0 0 -0.5 0
0.5 0 0 0 -0.5 0 0.5 0 0 0 0.5 0
0.5 0 0 0 -0.5 0 -0.5 0 0 0 0.5 0
0.5 0 0 0 -0.5 0 0.5 0 0 0 -0.5 0
0.5 0 0 0 -0.5 0 -0.5 0 0 0 -0.5 0
-0.5 0 0 0 -0.5 0 0.5 0 0 0 0.5 0
-0.5 0 0 0 -0.5 0 -0.5 0 0 0 0.5 0
-0.5 0 0 0 -0.5 0 0.5 0 0 0 -0.5 0
-0.5 0 0 0 -0.5 0 -0.5 0 0 0 -0.5 0
0 0 0 0.5 0 0.5 0 0 0 0.5 0 0.5
0 0 0 0.5 0 0.5 0 0 0 0.5 0 -0.5
0 0 0 0.5 0 0.5 0 0 0 -0.5 0 0.5
0 0 0 0.5 0 0.5 0 0 0 -0.5 0 -0.5
0 0 0 0.5 0 -0.5 0 0 0 0.5 0 0.5
0 0 0 0.5 0 -0.5 0 0 0 0.5 0 -0.5
0 0 0 0.5 0 -0.5 0 0 0 -0.5 0 0.5
0 0 0 0.5 0 -0.5 0 0 0 -0.5 0 -0.5
0 0 0 -0.5 0 0.5 0 0 0 0.5 0 0.5
0 0 0 -0.5 0 0.5 0 0 0 0.5 0 -0.5
0 0 0 -0.5 0 0.5 0 0 0 -0.5 0 0.5
0 0 0 -0.5 0 0.5 0 0 0 -0.5 0 -0.5
0 0 0 -0.5 0 -0.5 0 0 0 0.5 0 0.5
0 0 0 -0.5 0 -0.5 0 0 0 0.5 0 -0.5
0 0 0 -0.5 0 -0.5 0 0 0 -0.5 0 0.5
0 0 0 -0.5 0 -0.5 0 0 0 -0.5 0 -0.5
0 0 0 0.5 0 0.5 0 0 0.5 0 0.5 0
0 0 0 0.5 0 0.5 0 0 -0.5 0 0.5 0
0 0 0 0.5 0 0.5 0 0 0.5 0 -0.5 0
0 0 0 0.5 0 0.5 0 0 -0.5 0 -0.5 0
0 0 0 0.5 0 -0.5 0 0 0.5 0 0.5 0
0 0 0 0.5 0 -0.5 0 0 -0.5 0 0.5 0
0 0 0 0.5 0 -0.5 0 0 0.5 0 -0.5 0
0 0 0 0.5 0 -0.5 0 0 -0.5 0 -0.5 0
0 0 0 -0.5 0 0.5 0 0 0.5 0 0.5 0
0 0 0 -0.5 0 0.5 0 0 -0.5 0 0.5 0
0 0 0 -0.5 0 0.5 0 0 0.5 0 -0.5 0
0 0 0 -0.5 0 0.5 0 0 -0.5 0 -0.5 0
0 0 0 -0.5 0 -0.5 0 0 0.5 0 0.5 0
0 0 0 -0.5 0 -0.5 0 0 -0.5 0 0.5 0
0 0 0 -0.5 0 -0.5 0 0 0.5 0 -0.5 0
0 0 0 -0.5 0 -0.5 0 0 -0.5 0 -0.5 0
0 0 0 0.5 0 0.5 0.5 0.5 0 0 0 0
0 0 0 0.5 0 0.5 0.5 -0.5 0 0 0 0
0 0 0 0.5 0 0.5 -0.5 0.5 0 0 0 0
0 0 0 0.5 0 0.5 -0.5 -0.5 0 0 0 0
0 0 0 0.5 0 -0.5 0.5 0.5 0 0 0 0
0 0 0 0.5 0 -0.5 0.5 -0.5 0 0 0 0
0 0 0 0.5 0 -0.5 -0.5 0.5 0 0 0 0
0 0 0 0.5 0 -0.5 -0.5 -0.5 0 0 0 0
0 0 0 -0.5 0 0.5 0.5 0.5 0 0 0 0
0 0 0 -0.5 0 0.5 0.5 -0.5 0 0 0 0
0 0 0 -0.5 0 0.5 -0.5 0.5 0 0 0 0
0 0 0 -0.5 0 0.5 -0.5 -0.5 0 0 0 0
0 0 0 -0.5 0 -0.5 0.5 0.5 0 0 0 0
0 0 0 -0.5 0 -0.5 0.5 -0.5 0 0 0 0
0 0 0 -0.5 0 -0.5 -0.5 0.5 0 0 0 0
0 0 0 -0.5 0 -0.5 -0.5 -0.5 0 0 0 0
0 0 0.5 0 0.5 0 0 0 0 0.5 0 0.5
0 0 0.5 0 0.5 0 0 0 0 0.5 0 -0.5
0 0 0.5 0 0.5 0 0 0 0 -0.5 0 0.5
0 0 0.5 0 0.5 0 0 0 0 -0.5 0 -0.5
0 0 -0.5 0 0.5 0 0 0 0 0.5 0 0.5
0 0 -0.5 0 0.5 0 0 0 0 0.5 0 -0.5
0 0 -0.5 0 0.5 0 0 0 0 -0.5 0 0.5
0 0 -0.5 0 0.5 0 0 0 0 -0.5 0 -0.5
0 0 0.5 0 -0.5 0 0 0 0 0.5 0 0.5
0 0 0.5 0 -0.5 0 0 0 0 0.5 0 -0.5
0 0 0.5 0 -0.5 0 0 0 0 -0.5 0 0.5
0 0 0.5 0 -0.5 0 0 0 0 -0.5 0 -0.5
0 0 -0.5 0 -0.5 0 0 0 0 0.5 0 0.5
0 0 -0.5 0 -0.5 0 0 0 0 0.5 0 -0.5
0 0 -0.5 0 -0.5 0 0 0 0 -0.5 0 0.5
0 0 -0.5 0 -0.5 0 0 0 0 -0.5 0 -0.5
0 0 0.5 0 0.5 0 0 0 0.5 0 0.5 0
0 0 0.5 0 0.5 0 0 0 -0.5 0 0.5 0
0 0 0.5 0 0.5 0 0 0 0.5 0 -0.5 0
0 0 0.5 0 0.5 0 0 0 -0.5 0 -0.5 0
0 0 -0.5 0 0.5 0 0 0 0.5 0 0.5 0
0 0 -0.5 0 0.5 0 0 0 -0.5 0 0.5 0
0 0 -0.5 0 0.5 0 0 0 0.5 0 -0.5 0
0 0 -0.5 0 0.5 0 0 0 -0.5 0 -0.5 0
0 0 0.5 0 -0.5 0 0 0 0.5 0 0.5 0
0 0 0.5 0 -0.5 0 0 0 -0.5 0 0.5 0
0 0 0.5 0 -0.5 0 0 0 0.5 0 -0.5 0
0 0 0.5 0 -0.5 0 0 0 -0.5 0 -0.5 0
0 0 -0.5 0 -0.5 0 0 0 0.5 0 0.5 0
0 0 -0.5 0 -0.5 0 0 0 -0.5 0 0.5 0
0 0 -0.5 0 -0.5 0 0 0 0.5 0 -0.5 0
0 0 -0.5 0 -0.5 0 0 0 -0.5 0 -0.5 0
0 0 0.5 0 0.5 0 0.5 0.5 0 0 0 0
0 0 0.5 0 0.5 0 0.5 -0.5 0 0 0 0
0 0 0.5 0 0.5 0 -0.5 0.5 0 0 0 0
0 0 0.5 0 0.5 0 -0.5 -0.5 0 0 0 0
0 0 -0.5 0 0.5 0 0.5 0.5 0 0 0 0
0 0 -0.5 0 0.5 0 0.5 -0.5 0 0 0 0
0 0 -0.5 0 0.5 0 -0.5 0.5 0 0 0 0
0 0 -0.5 0 0.5 0 -0.5 -0.5 0 0 0 0
0 0 0.5 0 -0.5 0 0.5 0.5 0 0 0 0
0 0 0.5 0 -0.5 0 0.5 -0.5 0 0 0 0
0 0 0.5 0 -0.5 0 -0.5 0.5 0 0 0 0
0 0 0.5 0 -0.5 0 -0.5 -0.5 0 0 0 0
0 0 -0.5 0 -0.5 0 0.5 0.5 0 0 0 0
0 0 -0.5 0 -0.5 0 0.5 -0.5 0 0 0 0
0 0 -0.5 0 -0.5 0 -0.5 0.5 0 0 0 0
0 0 -0.5 0 -0.5 0 -0.5 -0.5 0 0 0 0
0.5 0.5 0 0 0 0 0 0 0 0.5 0 0.5
0.5 0.5 0 0 0 0 0 0 0 0.5 0 -0.5
0.5 0.5 0 0 0 0 0 0 0 -0.5 0 0.5
0.5 0.5 0 0 0 0 0 0 0 -0.5 0 -0.5
0.5 -0.5 0 0 0 0 0 0 0 0.5 0 0.5
0.5 -0.5 0 0 0 0 0 0 0 0.5 0 -0.5
0.5 -0.5 0 0 0 0 0 0 0 -0.5 0 0.5
0.5 -0.5 0 0 0 0 0 0 0 -0.5 0 -0.5
-0.5 0.5 0 0 0 0 0 0 0 0.5 0 0.5
-0.5 0.5 0 0 0 0 0 0 0 0.5 0 -0.5
-0.5 0.5 0 0 0 0 0 0 0 -0.5 0 0.5
-0.5 0.5 0 0 0 0 0 0 0 -0.5 0 -0.5
-0.5 -0.5 0 0 0 0 0 0 0 0.5 0 0.5
-0.5 -0.5 0 0 0 0 0 0 0 0.5 0 -0.5
-0.5 -0.5 0 0 0 0 0 0 0 -0.5 0 0.5
-0.5 -0.5 0 0 0 0 0 0 0 -0.5 0 -0.5
0.5 0.5 0 0 0 0 0 0 0.5 0 0.5 0
0.5 0.5 0 0 0 0 0 0 -0.5 0 0.5 0
0.5 0.5 0 0 0 0 0 0 0.5 0 -0.5 0
0.5 0.5 0 0 0 0 0 0 -0.5 0 -0.5 0
0.5 -0.5 0 0 0 0 0 0 0.5 0 0.5 0
0.5 -0.5 0 0 0 0 0 0 -0.5 0 0.5 0
0.5 -0.5 0 0 0 0 0 0 0.5 0 -0.5 0
0.5 -0.5 0 0 0 0 0 0 -0.5 0 -0.5 0
-0.5 0.5 0 0 0 0 0 0 0.5 0 0.5 0
-0.5 0.5 0 0 0 0 0 0 -0.5 0 0.5 0
-0.5 0.5 0 0 0 0 0 0 0.5 0 -0.5 0
-0.5 0.5 0 0 0 0 0 0 -0.5 0 -0.5 0
-0.5 -0.5 0 0 0 0 0 0 0.5 0 0.5 0
-0.5 -0.5 0 0 0 0 0 0 -0.5 0 0.5 0
-0.5 -0.5 0 0 0 0 0 0 0.5 0 -0.5 0
-0.5 -0.5 0 0 0 0 0 0 -0.5 0 -0.5 0
0.5 0.5 0 0 0 0 0.5 0.5 0 0 0 0
0.5 0.5 0 0 0 0 0.5 -0.5 0 0 0 0
0.5 0.5 0 0 0 0 -0.5 0.5 0 0 0 0
0.5 0.5 0 0 0 0 -0.5 -0.5 0 0 0 0
0.5 -0.5 0 0 0 0 0.5 0.5 0 0 0 0
0.5 -0.5 0 0 0 0 0.5 -0.5 0 0 0 0
0.5 -0.5 0 0 0 0 -0.5 0.5 0 0 0 0
0.5 -0.5 0 0 0 0 -0.5 -0.5 0 0 0 0
-0.5 0.5 0 0 0 0 0.5 0.5 0 0 0 0
-0.5 0.5 0 0 0 0 0.5 -0.5 0 0 0 0
-0.5 0.5 0 0 0 0 -0.5 0.5 0 0 0 0
-0.5 0.5 0 0 0 0 -0.5 -0.5 0 0 0 0
-0.5 -0.5 0 0 0 0 0.5 0.5 0 0 0 0
-0.5 -0.5 0 0 0 0 0.5 -0.5 0 0 0 0
-0.5 -0.5 0 0 0 0 -0.5 0.5 0 0 0 0
-0.5 -0.5 0 0 0 0 -0.5 -0.5 0 0 0 0
0 0 0 0 0.5 0.5 0 0 0 0 0.5 0.5
0 0 0 0 0.5 0.5 0 0 0 0 0.5 -0.5
0 0 0 0 0.5 0.5 0 0 0 0 -0.5 0.5
0 0 0 0 0.5 0.5 0 0 0 0 -0.5 -0.5
0 0 0 0 0.5 -0.5 0 0 0 0 0.5 0.5
0 0 0 0 0.5 -0.5 0 0 0 0 0.5 -0.5
0 0 0 0 0.5 -0.5 0 0 0 0 -0.5 0.5
0 0 0 0 0.5 -0.5 0 0 0 0 -0.5 -0.5
0 0 0 0 -0.5 0.5 0 0 0 0 0.5 0.5
0 0 0 0 -0.5 0.5 0 0 0 0 0.5 -0.5
0 0 0 0 -0.5 0.5 0 0 0 0 -0.5 0.5
0 0 0 0 -0.5 0.5 0 0 0 0 -0.5 -0.5
0 0 0 0 -0.5 -0.5 0 0 0 0 0.5 0.5
0 0 0 0 -0.5 -0.5 0 0 0 0 0.5 -0.5
0 0 0 0 -0.5 -0.5 0 0 0 0 -0.5 0.5
0 0 0 0 -0.5 -0.5 0 0 0 0 -0.5 -0.5
0 0 0 0 0.5 0.5 0.5 0 0 0.5 0 0
0 0 0 0 0.5 0.5 0.5 0 0 -0.5 0 0
0 0 0 0 0.5 0.5 -0.5 0 0 0.5 0 0
0 0 0 0 0.5 0.5 -0.5 0 0 -0.5 0 0
0 0 0 0 0.5 -0.5 0.5 0 0 0.5 0 0
0 0 0 0 0.5 -0.5 0.5 0 0 -0.5 0 0
0 0 0 0 0.5 -0.5 -0.5 0 0 0.5 0 0
0 0 0 0 0.5 -0.5 -0.5 0 0 -0.5 0 0
0 0 0 0 -0.5 0.5 0.5 0 0 0.5 0 0
0 0 0 0 -0.5 0.5 0.5 0 0 -0.5 0 0
0 0 0 0 -0.5 0.5 -0.5 0 0 0.5 0 0
0 0 0 0 -0.5 0.5 -0.5 0 0 -0.5 0 0
0 0 0 0 -0.5 -0.5 0.5 0 0 0.5 0 0
0 0 0 0 -0.5 -0.5 0.5 0 0 -0.5 0 0
0 0 0 0 -0.5 -0.5 -0.5 0 0 0.5 0 0
0 0 0 0 -0.5 -0.5 -0.5 0 0 -0.5 0 0
0 0 0 0 0.5 0.5 0 0.5 0.5 0 0 0
0 0 0 0 0.5 0.5 0 0.5 -0.5 0 0 0
0 0 0 0 0.5 0.5 0 -0.5 0.5 0 0 0
0 0 0 0 0.5 0.5 0 -0.5 -0.5 0 0 0
0 0 0 0 0.5 -0.5 0 0.5 0.5 0 0 0
0 0 0 0 0.5 -0.5 0 0.5 -0.5 0 0 0
0 0 0 0 0.5 -0.5 0 -0.5 0.5 0 0 0
0 0 0 0 0.5 -0.5 0 -0.5 -0.5 0 0 0
0 0 0 0 -0.5 0.5 0 0.5 0.5 0 0 0
0 0 0 0 -0.5 0.5 0 0.5 -0.5 0 0 0
0 0 0 0 -0.5 0.5 0 -0.5 0.5 0 0 0
0 0 0 0 -0.5 0.5 0 -0.5 -0.5 0 0 0
0 0 0 0 -0.5 -0.5 0 0.5 0.5 0 0 0
0 0 0 0 -0.5 -0.5 0 0.5 -0.5 0 0 0
0 0 0 0 -0.5 -0.5 0 -0.5 0.5 0 0 0
0 0 0 0 -0.5 -0.5 0 -0.5 -0.5 0 0 0
0.5 0 0 0.5 0 0 0 0 0 0 0.5 0.5
0.5 0 0 0.5 0 0 0 0 0 0 0.5 -0.5
0.5 0 0 0.5 0 0 0 0 0 0 -0.5 0.5
0.5 0 0 0.5 0 0 0 0 0 0 -0.5 -0.5
0.5 0 0 -0.5 0 0 0 0 0 0 0.5 0.5
0.5 0 0 -0.5 0 0 0 0 0 0 0.5 -0.5
0.5 0 0 -0.5 0 0 0 0 0 0 -0.5 0.5
0.5 0 0 -0.5 0 0 0 0 0 0 -0.5 -0.5
-0.5 0 0 0.5 0 0 0 0 0 0 0.5 0.5
-0.5 0 0 0.5 0 0 0 0 0 0 0.5 -0.5
-0.5 0 0 0.5 0 0 0 0 0 0 -0.5 0.5
-0.5 0 0 0.5 0 0 0 0 0 0 -0.5 -0.5
-0.5 0 0 -0.5 0 0 0 0 0 0 0.5 0.5
-0.5 0 0 -0.5 0 0 0 0 0 0 0.5 -0.5
-0.5 0 0 -0.5 0 0 0 0 0 0 -0.5 0.5
-0.5 0 0 -0.5 0 0 0 0 0 0 -0.5 -0.5
0.5 0 0 0.5 0 0 0.5 0 0 0.5 0 0
0.5 0 0 0.5 0 0 0.5 0 0 -0.5 0 0
0.5 0 0 0.5 0 0 -0.5 0 0 0.5 0 0
0.5 0 0 0.5 0 0 -0.5 0 0 -0.5 0 0
0.5 0 0 -0.5 0 0 0.5 0 0 0.5 0 0
0.5 0 0 -0.5 0 0 0.5 0 0 -0.5 0 0
0.5 0 0 -0.5 0 0 -0.5 0 0 0.5 0 0
0.5 0 0 -0.5 0 0 -0.5 0 0 -0.5 0 0
-0.5 0 0 0.5 0 0 0.5 0 0 0.5 0 0
-0.5 0 0 0.5 0 0 0.5 0 0 -0.5 0 0
-0.5 0 0 0.5 0 0 -0.5 0 0 0.5 0 0
-0.5 0 0 0.5 0 0 -0.5 0 0 -0.5 0 0
-0.5 0 0 -0.5 0 0 0.5 0 0 0.5 0 0
-0.5 0 0 -0.5 0 0 0.5 0 0 -0.5 0 0
-0.5 0 0 -0.5 0 0 -0.5 0 0 0.5 0 0
-0.5 0 0 -0.5 0 0 -0.5 0 0 -0.5 0 0
0.5 0 0 0.5 0 0 0 0.5 0.5 0 0 0
0.5 0 0 0.5 0 0 0 0.5 -0.5 0 0 0
0.5 0 0 0.5 0 0 0 -0.5 0.5 0 0 0
0.5 0 0 0.5 0 0 0 -0.5 -0.5 0 0 0
0.5 0 0 -0.5 0 0 0 0.5 0.5 0 0 0
0.5 0 0 -0.5 0 0 0 0.5 -0.5 0 0 0
0.5 0 0 -0.5 0 0 0 -0.5 0.5 0 0 0
0.5 0 0 -0.5 0 0 0 -0.5 -0.5 0 0 0
-0.5 0 0 0.5 0 0 0 0.5 0.5 0 0 0
-0.5 0 0 0.5 0 0 0 0.5 -0.5 0 0 0
-0.5 0 0 0.5 0 0 0 -0.5 0.5 0 0 0
-0.5 0 0 0.5 0 0 0 -0.5 -0.5 0 0 0
-0.5 0 0 -0.5 0 0 0 0.5 0.5 0 0 0
-0.5 0 0 -0.5 0 0 0 0.5 -0.5 0 0 0
-0.5 0 0 -0.5 0 0 0 -0.5 0.5 0 0 0
-0.5 0 0 -0.5 0 0 0 -0.5 -0.5 0 0 0
0 0.5 0.5 0 0 0 0 0 0 0 0.5 0.5
0 0.5 0.5 0 0 0 0 0 0 0 0.5 -0.5
0 0.5 0.5 0 0 0 0 0 0 0 -0.5 0.5
0 0.5 0.5 0 0 0 0 0 0 0 -0.5 -0.5
0 0.5 -0.5 0 0 0 0 0 0 0 0.5 0.5
0 0.5 -0.5 0 0 0 0 0 0 0 0.5 -0.5
0 0.5 -0.5 0 0 0 0 0 0 0 -0.5 0.5
0 0.5 -0.5 0 0 0 0 0 0 0 -0.5 -0.5
0 -0.5 0.5 0 0 0 0 0 0 0 0.5 0.5
0 -0.5 0.5 0 0 0 0 0 0 0 0.5 -0.5
0 -0.5 0.5 0 0 0 0 0 0 0 -0.5 0.5
0 -0.5 0.5 0 0 0 0 0 0 0 -0.5 -0.5
0 -0.5 -0.5 0 0 0 0 0 0 0 0.5 0.5
0 -0.5 -0.5 0 0 0 0 0 0 0 0.5 -0.5
0 -0.5 -0.5 0 0 0 0 0 0 0 -0.5 0.5
0 -0.5 -0.5 0 0 0 0 0 0 0 -0.5 -0.5
0 0.5 0.5 0 0 0 0.5 0 0 0.5 0 0
0 0.5 0.5 0 0 0 0.5 0 0 -0.5 0 0
0 0.5 0.5 0 0 0 -0.5 0 0 0.5 0 0
0 0.5 0.5 0 0 0 -0.5 0 0 -0.5 0 0
0 0.5 -0.5 0 0 0 0.5 0 0 0.5 0 0
0 0.5 -0.5 0 0 0 0.5 0 0 -0.5 0 0
0 0.5 -0.5 0 0 0 -0.5 0 0 0.5 0 0
0 0.5 -0.5 0 0 0 -0.5 0 0 -0.5 0 0
0 -0.5 0.5 0 0 0 0.5 0 0 0.5 0 0
0 -0.5 0.5 0 0 0 0.5 0 0 -0.5 0 0
0 -0.5 0.5 0 0 0 -0.5 0 0 0.5 0 0
0 -0.5 0.5 0 0 0 -0.5 0 0 -0.5 0 0
0 -0.5 -0.5 0 0 0 0.5 0 0 0.5 0 0
0 -0.5 -0.5 0 0 0 0.5 0 0 -0.5 0 0
0 -0.5 -0.5 0 0 0 -0.5 0 0 0.5 0 0
0 -0.5 -0.5 0 0 0 -0.5 0 0 -0.5 0 0
0 0.5 0.5 0 0 0 0 0.5 0.5 0 0 0
0 0.5 0.5 0 0 0 0 0.5 -0.5 0 0 0
0 0.5 0.5 0 0 0 0 -0.5 0.5 0 0 0
0 0.5 0.5 0 0 0 0 -0.5 -0.5 0 0 0
0 0.5 -0.5 0 0 0 0 0.5 0.5 0 0 0
0 0.5 -0.5 0 0 0 0 0.5 -0.5 0 0 0
0 0.5 -0.5 0 0 0 0 -0.5 0.5 0 0 0
0 0.5 -0.5 0 0 0 0 -0.5 -0.5 0 0 0
0 -0.5 0.5 0 0 0 0 0.5 0.5 0 0 0
0 -0.5 0.5 0 0 0 0 0.5 -0.5 0 0 0
0 -0.5 0.5 0 0 0 0 -0.5 0.5 0 0 0
0 -0.5 0.5 0 0 0 0 -0.5 -0.5 0 0 0
0 -0.5 -0.5 0 0 0 0 0.5 0.5 0 0 0
0 -0.5 -0.5 0 0 0 0 0.5 -0.5 0 0 0
0 -0.5 -0.5 0 0 0 0 -0.5 0.5 0 0 0
0 -0.5 -0.5 0 0 0 0 -0.5 -0.5 0 0 0
0.35780901125450437 0.24146232518773877 -0.067516790259925893 -0.39906702936442306 0.62107646756146495 0.51392574125901602 0 0 0 0 0 0
0.57237822482301959 0.41369003403838583 0.15582325155204807 -0.03397535716659144 -0.49823897406906575 0.47703924113800367 0 0 0 0 0 0
0.31775474119343877 -0.3908546263524143 0.66063384039352668 -0.52628437785136795 0.086915785803346704 0.15905318054880613 0 0 0 0 0 0
0.37656980087509212 -0.23281308944334414 -0.23243783900629536 -0.086796997864893435 -0.36151343329157365 0.78213823596740428 0 0 0 0 0 0
0.029928571820573506 0.73454048173524089 0.24297443615763484 -0.33308603834556194 0.50563572799127898 -0.18413089445502812 0 0 0 0 0 0
0.57066714575159116 0.38861095210860608 -0.038520465541139734 -0.022683848904409783 -0.29095779283566586 -0.66080686753585449 0 0 0 0 0 0
0.4832437158334002 -0.58475517062060578 -0.029424040840765688 -0.48183841587260479 0.42833955142833657 -0.08959964861619335 0 0 0 0 0 0
0.31265372406290037 -0.537712620672671 -0.22817547309528083 0.047883735674882556 -0.21939882664031754 -0.71457682764230646 0 0 0 0 0 0
-0.70441591107733137 0.37528732670146614 -0.19612961395830236 -0.23758233470859777 0.12438672771624355 0.50256680886165217 0 0 0 0 0 0
-0.05481262163454164 0.40684241388856451 0.41354455390673728 -0.40785136778434417 -0.70280216459859313 0.013494737378847014 0 0 0 0 0 0
-0.58708018223047431 -0.43694861336177382 -0.03505420232721089 0.1549847713640094 0.59833486057556895 0.28488433982569028 0 0 0 0 0 0
-0.19098497052629801 -0.7891931545055717 0.15483381542441693 -0.12489995877036718 0.021129049254492539 0.54834200923556198 0 0 0 0 0 0
-0.68178474829266711 0.50954632450823267 -0.17217357420950649 0.32969679647755434 0.32761217047273528 -0.17279655283066467 0 0 0 0 0 0
-0.31598236081390219 0.50019499511302712 0.11883526422153573 -0.015925504868485204 -0.61229333557140408 -0.51056982285019259 0 0 0 0 0 0
-0.29887620522353686 -0.39914771700873514 -0.22466567307920338 0.069648190437091945 0.52640355080814816 -0.64724638319821715 0 0 0 0 0 0
-0.28860458906083869 -0.75082273612210249 -0.21406899136284935 0.024640414311363545 -0.54161460048017473 -0.11486318627524467 0 0 0 0 0 0
0.35117730608452813 -0.13696024291697603 0.49480449329175091 0.7633934119378154 0.039507657458511834 0.16957166208335628 0 0 0 0 0 0
0.53951402255143965 0.048739157849356361 0.0443381641812952 -0.64501384447836652 -0.051307391766867806 0.53470359372352405 0 0 0 0 0 0
0.25346720218942909 0.29655142122820277 -0.15900903544699485 0.17441935385096952 0.57457570542864467 0.67968257765033069 0 0 0 0 0 0
0.56868915621667604 -0.10708052417957173 -0.44988480636759193 0.15391671026775994 0.38731435914261747 0.53761259234218206 0 0 0 0 0 0
0.097553379024596432 0.12279454823386127 0.48854384513425547 0.50501101551270478 0.19697389726275938 -0.66550349852897739 0 0 0 0 0 0
0.19443225547226592 -0.11137765707134066 0.29298834175167227 -0.77122203832231628 0.44147173001059031 -0.27252197405402023 0 0 0 0 0 0
0.35083407322765658 -0.22063694835147124 -0.53389352082979502 0.14399705386335174 -0.33861728280867465 -0.63858882135733619 0 0 0 0 0 0
0.73644547482475564 -0.18611536032653173 -0.14899786889324562 -0.39187935805954555 -0.36629921369402801 -0.3362502417841689 0 0 0 0 0 0
-0.43593648901801912 0.074977852376343843 0.34014043640666453 0.68401389780634447 -0.058294158681905787 0.46622844334949998 0 0 0 0 0 0
-0.078321047295093357 0.11338889741613806 0.4690091308423881 -0.53292949147590385 0.28803719390131194 0.62774193640740028 0 0 0 0 0 0
-0.48388953969973042 0.1338349867079684 -0.73247004588963938 0.23036763119736237 -0.38992590278325989 0.079468776331753532 0 0 0 0 0 0
-0.41180178586620836 -0.25157444035296983 -0.18338191524173608 -0.59497201263020405 0.023062787133371492 0.61561113969548131 0 0 0 0 0 0
-0.56605262698084924 0.026318548680647327 0.50132618674107654 0.37421636006209263 0.35061551669899277 -0.40570270800532227 0 0 0 0 0 0
-0.085998874469700587 0.29042210133707741 0.37215960290464328 -0.39593954586356434 0.2489646803388742 -0.74229703662070201 0 0 0 0 0 0
-0.59100087900441833 -0.17875057776853936 -0.58229438418285229 0.45811339255153455 0.086366718410581939 -0.24974457277074461 0 0 0 0 0 0
-0.35824968986499917 -0.37899793581792612 -0.47391008506021221 -0.43101227467234948 0.28877282458759362 -0.48400994875836562 0 0 0 0 0 0
-0.14568986072716947 0.44982051520154531 0.66171357947512321 0.41606900714757389 0.40224900511569001 -0.060443581114987516 0 0 0 0 0 0
-0.23696215826440553 0.17979165438097147 0.78324281870014079 -0.28622110304857223 0.18271383431566121 0.42749002145034276 0 0 0 0 0 0
0.0058188292094983112 0.36320171843658811 -0.72562468862515761 0.40486405472678921 0.41480394443765917 -0.074446283172002331 0 0 0 0 0 0
0.054133611038680127 0.49847398349667799 -0.61795352380849067 -0.55695055899686341 0.13684166903041797 -0.19444051737121648 0 0 0 0 0 0
-0.055006572346472014 0.38174428863067439 0.78749424337457863 0.36289072076134848 -0.15878643822677166 0.27238866270279538 0 0 0 0 0 0
-0.37434220859674472 0.13847853146326311 0.27802292832611913 -0.58725460959591869 -0.63243618381619293 -0.13620336053128304 0 0 0 0 0 0
-0.33223423788445294 0.28713515998036454 -0.33664778126402323 0.47392045930648102 -0.66596725185490502 0.16040293064017641 0 0 0 0 0 0
-0.16593741172961496 0.3141323347215132 -0.19315656582942828 -0.76701448468200817 0.42309576221734957 -0.26297328577173495 0 0 0 0 0 0
0.03064632817040842 -0.35922912546586511 0.49441346158005606 0.57612454208624342 0.5395765143878356 0.050082573038113053 0 0 0 0 0 0
-0.31173286386062005 -0.34468274468799714 0.3002933639232821 -0.69401333564847234 0.44507143088493223 0.11873177350382809 0 0 0 0 0 0
0.30975416890674334 -0.54912099969484873 -0.28785868157134503 0.62428484450731059 0.34654330248319454 0.09915661554104177 0 0 0 0 0 0
-0.33270287717439623 -0.056408814082535327 -0.37128633580004 -0.62937902587672068 0.38517680313593561 -0.45143567667422058 0 0 0 0 0 0
-0.1019275488026171 -0.44522652899027515 0.39631830395776046 0.3401452939338136 -0.66746527145925116 0.27038344075944021 0 0 0 0 0 0
0.17562999171919202 -0.49381809096282847 0.3153376296090758 -0.44835834568340238 -0.63932737519289518 -0.12686717299632366 0 0 0 0 0 0
0.34560057602280625 -0.32848343817399439 -0.62441453341156106 0.38979367206362803 -0.47485588255850714 0.073062625064069117 0 0 0 0 0 0
-0.0037674231179668301 -0.21497943181884913 -0.61660934703650427 -0.63773439881311633 -0.38186521134262319 0.14503916885392601 0 0 0 0 0 0
0 0 0 0 0 0 0.58486814030538681 0.60496446702540629 0.15737275174037108 0.073648981715471268 0.45865741739198962 0.22669422150913365
0 0 0 0 0 0 0.41958697211034834 0.84195097404717656 -0.25380928463862046 -0.20229151783425428 -0.095165976504471478 0.025840973197155167
0 0 0 0 0 0 0.31881227016712327 -0.42320041334807601 -0.1304098437362021 -0.25373283191240753 0.67944696443812613 0.41979148599647415
0 0 0 0 0 0 0.56368950144557184 -0.40076858446672903 0.098382699720131028 -0.45451912068687106 -0.038150683074896899 0.55128615652064727
0 0 0 0 0 0 0.43406071202338764 0.27096413233826205 0.47307607550046443 -0.12407904457261051 0.16829285063260147 -0.68603984663932049
0 0 0 0 0 0 0.56704065313967522 0.67888117067887332 -0.075352397012789632 -0.13459327027667159 -0.37487585980069932 -0.23078130640057781
0 0 0 0 0 0 0.36683974726559077 -0.47295245218538201 -0.1609373669342215 0.032907637011258935 0.6131011832025911 -0.48874100329740039
0 0 0 0 0 0 0.67685327117016614 -0.08538797277116518 0.022395466909106321 0.20230387998794966 -0.60925898547031054 -0.34921857802772832
0 0 0 0 0 0 -0.34797872182918504 0.73265013902257226 -0.077713320441520156 -0.27130445554784938 0.39445247721883614 0.32695008546580051
0 0 0 0 0 0 -0.34772896167514 0.73138880384906391 0.045421739198952767 0.15410813253191699 -0.54319881739012565 0.15256992068622433
0 0 0 0 0 0 -0.087515215428177126 -0.84839185949184504 0.0018836763691985972 -0.14352636067203792 -0.12244954323392157 0.4868008676388218
0 0 0 0 0 0 -0.37327803807131987 -0.60335790645562992 0.040032689094099273 -0.21186439519769698 -0.56137959240489343 0.36740516884473812
0 0 0 0 0 0 -0.47673063127389925 0.34352733203235442 -0.10961031728712337 -0.32597214112036721 0.49262374693671507 -0.54200227200960405
0 0 0 0 0 0 -0.50628943306262197 0.39588326558806253 -0.11370399607503176 -0.37315501502376203 -0.1910572392883374 -0.63108740864571544
0 0 0 0 0 0 -0.67174322090836769 -0.25366568189131344 0.49672447154320221 0.15120111228164579 0.37680267341542029 -0.26988429986973783
0 0 0 0 0 0 -0.16280733061704303 -0.34401962593058971 -0.53966170349232689 -0.39257515821672762 -0.42608365760090966 -0.47775200442513249
0 0 0 0 0 0 0.45542066410075105 -0.208733681424047 0.19461026690468686 0.59534492548491269 -0.25911292671475006 0.53812082646294435
0 0 0 0 0 0 0.29819621851065781 0.19503701966646181 0.1859493337173628 -0.57667561807265699 -0.077350453565109598 0.70705343529992704
0 0 0 0 0 0 0.08237795683366976 -0.081837170032089721 -0.58458985261411545 0.42212097041524427 0.070845099937180731 0.67938657051802176
0 0 0 0 0 0 0.6005331416791081 -0.12086344901234621 -0.43498935373986475 -0.37826902835785509 0.19209674046659961 0.50551717978536315
0 0 0 0 0 0 0.57765411761620522 0.041998834992218528 0.19247363908389167 0.50597365083036228 -0.5019292818576 -0.34577937647790996
0 0 0 0 0 0 0.30641140956554924 -0.17864525996790706 0.54400641187329202 -0.12850440663442358 0.075106330889997575 -0.7457215294971542
0 0 0 0 0 0 0.54671710082457337 -0.027136638910914276 -0.6643981816020732 0.06761303229394712 0.14210796935461534 -0.48391411809160501
0 0 0 0 0 0 0.30684539911407477 0.054192810246170613 -0.72219945066275004 -0.45616457303543007 -0.13090411935698093 -0.39511389201766356
0 0 0 0 0 0 -0.5749811017927916 0.0016550923601270277 0.51276877132823118 0.30869365524450332 -0.32328106326118833 0.45459846210635857
0 0 0 0 0 0 -0.081649178256821497 0.023119382176485456 0.71298133723301382 -0.65454351084950602 0.01908201972365332 0.23593471034007557
0 0 0 0 0 0 -0.37852453603305725 0.03664586567411543 -0.7172347310716537 0.44248988966486918 0.002213445657384871 0.38098345751124141
0 0 0 0 0 0 -0.14062443212476228 0.095512866019770132 -0.21785813760087561 -0.56954125107900133 0.16224703872450447 0.7569270474357821
0 0 0 0 0 0 -0.43318145369558791 -0.17139778157690036 0.6296540652588557 0.49017448365670857 -0.11555939560401804 -0.36453722499520452
0 0 0 0 0 0 -0.41967412329760445 -0.22543009076247081 0.46874004837659788 -0.38184043017144337 0.57340997212062694 -0.2806003585532722
0 0 0 0 0 0 -0.68541433284611553 0.048898706076704088 -0.3013682897154743 0.38436600854636072 0.21645543572783671 -0.49234447152894856
0 0 0 0 0 0 -0.6725175054512631 0.12509799080900127 -0.48450345274900486 -0.079409860475502317 -0.12890873137411035 -0.52383557999264696
0 0 0 0 0 0 0.23541468710595206 0.28586750649665482 0.12908099491501221 0.50079119027197805 0.62469384289902974 0.45294986142614085
0 0 0 0 0 0 -0.046618423977869146 0.70613029627190971 0.45390625456058475 -0.26161299586486142 0.23273600462535732 -0.41299931216550961
0 0 0 0 0 0 -0.12490697461828007 0.36899194995569401 -0.37606141319213249 0.73136481415846422 0.37725640098603036 -0.17205847434393312
0 0 0 0 0 0 -0.088235951532239607 0.56450169101285985 -0.33275610758568436 -0.54543677248943523 0.50585642984889168 0.097126876620674693
0 0 0 0 0 0 -0.026402812582274292 0.32072928775330395 0.097215133772857815 0.35364280482909621 -0.83371666904254171 -0.25853068596154638
0 0 0 0 0 0 -0.03370209706144308 0.20143713916238748 -0.10022487177905096 -0.71464725851582267 -0.64414114304080305 0.15034529069616193
0 0 0 0 0 0 0.18210121225552572 0.090459786832379804 -0.33702438541059559 0.67752369100277354 -0.48418270296528426 0.38935780123060099
0 0 0 0 0 0 0.11574493740191621 0.51888152537088406 -0.6379063985611535 -0.55165834963672933 0.07452154808363666 0.02366649354357573
0 0 0 0 0 0 -0.24349813858548239 -0.81140238174445445 0.38044120577166274 0.33463035415054798 0.14702232503289692 0.063295200282764155
0 0 0 0 0 0 0.1479028870432465 -0.42543801213407595 0.52151966069102895 -0.51221872694108161 0.20902393928946669 -0.46806564275020607
0 0 0 0 0 0 0.030913949533327018 -0.34776511776725572 -0.4313735607822991 0.26971619680344633 0.7181804272975798 -0.32169962492226806
0 0 0 0 0 0 -0.090862946042066975 -0.8601195354838822 -0.26243653878898315 -0.14795132732060642 0.3809399967744419 0.1267300139097467
0 0 0 0 0 0 0.20308831698576071 -0.2214918599367664 0.48172843553069739 0.65032186395039326 -0.48136794548869249 0.15165942176756156
0 0 0 0 0 0 -0.35138528015918802 -0.40460505894010551 0.39473123324973436 -0.36847620008514548 -0.64685973119525031 0.05299210123675907
0 0 0 0 0 0 -0.1379290219474113 -0.65978050557526102 -0.41711858243461758 0.49600906045526344 -0.35406460888558061 -0.017047646060564553
0 0 0 0 0 0 0.50786461659101689 -0.22298234866102862 -0.61153822621925069 -0.33118606685490271 -0.44810562913405966 0.088828686428605946
