1 0 0 0 0 0 0 0 0 0 0 0
-1 0 0 0 0 0 0 0 0 0 0 0
0 1 0 0 0 0 0 0 0 0 0 0
0 -1 0 0 0 0 0 0 0 0 0 0
0 0 1 0 0 0 0 0 0 0 0 0
0 0 -1 0 0 0 0 0 0 0 0 0
0 0 0 1 0 0 0 0 0 0 0 0
0 0 0 -1 0 0 0 0 0 0 0 0
0 0 0 0 1 0 0 0 0 0 0 0
0 0 0 0 -1 0 0 0 0 0 0 0
0 0 0 0 0 1 0 0 0 0 0 0
0 0 0 0 0 -1 0 0 0 0 0 0
0 0 0 0 0 0 1 0 0 0 0 0
0 0 0 0 0 0 -1 0 0 0 0 0
0 0 0 0 0 0 0 1 0 0 0 0
0 0 0 0 0 0 0 -1 0 0 0 0
0 0 0 0 0 0 0 0 1 0 0 0
0 0 0 0 0 0 0 0 -1 0 0 0
0 0 0 0 0 0 0 0 0 1 0 0
0 0 0 0 0 0 0 0 0 -1 0 0
0 0 0 0 0 0 0 0 0 0 1 0
0 0 0 0 0 0 0 0 0 0 -1 0
0 0 0 0 0 0 0 0 0 0 0 1
0 0 0 0 0 0 0 0 0 0 0 -1
0.5 0 0 0 0 0.5 0.5 0 0 0 0 0.5
0.5 0 0 0 0 0.5 0.5 0 0 0 0 -0.5
0.5 0 0 0 0 0.5 -0.5 0 0 0 0 0.5
0.5 0 0 0 0 0.5 -0.5 0 0 0 0 -0.5
0.5 0 0 0 0 -0.5 0.5 0 0 0 0 0.5
0.5 0 0 0 0 -0.5 0.5 0 0 0 0 -0.5
0.5 0 0 0 0 -0.5 -0.5 0 0 0 0 0.5
0.5 0 0 0 0 -0.5 -0.5 0 0 0 0 -0.5
-0.5 0 0 0 0 0.5 0.5 0 0 0 0 0.5
-0.5 0 0 0 0 0.5 0.5 0 0 0 0 -0.5
-0.5 0 0 0 0 0.5 -0.5 0 0 0 0 0.5
-0.5 0 0 0 0 0.5 -0.5 0 0 0 0 -0.5
-0.5 0 0 0 0 -0.5 0.5 0 0 0 0 0.5
-0.5 0 0 0 0 -0.5 0.5 0 0 0 0 -0.5
-0.5 0 0 0 0 -0.5 -0.5 0 0 0 0 0.5
-0.5 0 0 0 0 -0.5 -0.5 0 0 0 0 -0.5
0.5 0 0 0 0 0.5 0 0.5 0 0 0.5 0
0.5 0 0 0 0 0.5 0 0.5 0 0 -0.5 0
0.5 0 0 0 0 0.5 0 -0.5 0 0 0.5 0
0.5 0 0 0 0 0.5 0 -0.5 0 0 -0.5 0
0.5 0 0 0 0 -0.5 0 0.5 0 0 0.5 0
0.5 0 0 0 0 -0.5 0 0.5 0 0 -0.5 0
0.5 0 0 0 0 -0.5 0 -0.5 0 0 0.5 0
0.5 0 0 0 0 -0.5 0 -0.5 0 0 -0.5 0
-0.5 0 0 0 0 0.5 0 0.5 0 0 0.5 0
-0.5 0 0 0 0 0.5 0 0.5 0 0 -0.5 0
-0.5 0 0 0 0 0.5 0 -0.5 0 0 0.5 0
-0.5 0 0 0 0 0.5 0 -0.5 0 0 -0.5 0
-0.5 0 0 0 0 -0.5 0 0.5 0 0 0.5 0
-0.5 0 0 0 0 -0.5 0 0.5 0 0 -0.5 0
-0.5 0 0 0 0 -0.5 0 -0.5 0 0 0.5 0
-0.5 0 0 0 0 -0.5 0 -0.5 0 0 -0.5 0
0.5 0 0 0 0 0.5 0 0 0.5 0.5 0 0
0.5 0 0 0 0 0.5 0 0 0.5 -0.5 0 0
0.5 0 0 0 0 0.5 0 0 -0.5 0.5 0 0
0.5 0 0 0 0 0.5 0 0 -0.5 -0.5 0 0
0.5 0 0 0 0 -0.5 0 0 0.5 0.5 0 0
0.5 0 0 0 0 -0.5 0 0 0.5 -0.5 0 0
0.5 0 0 0 0 -0.5 0 0 -0.5 0.5 0 0
0.5 0 0 0 0 -0.5 0 0 -0.5 -0.5 0 0
-0.5 0 0 0 0 0.5 0 0 0.5 0.5 0 0
-0.5 0 0 0 0 0.5 0 0 0.5 -0.5 0 0
-0.5 0 0 0 0 0.5 0 0 -0.5 0.5 0 0
-0.5 0 0 0 0 0.5 0 0 -0.5 -0.5 0 0
-0.5 0 0 0 0 -0.5 0 0 0.5 0.5 0 0
-0.5 0 0 0 0 -0.5 0 0 0.5 -0.5 0 0
-0.5 0 0 0 0 -0.5 0 0 -0.5 0.5 0 0
-0.5 0 0 0 0 -0.5 0 0 -0.5 -0.5 0 0
0 0.5 0 0 0.5 0 0.5 0 0 0 0 0.5
0 0.5 0 0 0.5 0 0.5 0 0 0 0 -0.5
0 0.5 0 0 0.5 0 -0.5 0 0 0 0 0.5
0 0.5 0 0 0.5 0 -0.5 0 0 0 0 -0.5
0 0.5 0 0 -0.5 0 0.5 0 0 0 0 0.5
0 0.5 0 0 -0.5 0 0.5 0 0 0 0 -0.5
0 0.5 0 0 -0.5 0 -0.5 0 0 0 0 0.5
0 0.5 0 0 -0.5 0 -0.5 0 0 0 0 -0.5
0 -0.5 0 0 0.5 0 0.5 0 0 0 0 0.5
0 -0.5 0 0 0.5 0 0.5 0 0 0 0 -0.5
0 -0.5 0 0 0.5 0 -0.5 0 0 0 0 0.5
0 -0.5 0 0 0.5 0 -0.5 0 0 0 0 -0.5
0 -0.5 0 0 -0.5 0 0.5 0 0 0 0 0.5
0 -0.5 0 0 -0.5 0 0.5 0 0 0 0 -0.5
0 -0.5 0 0 -0.5 0 -0.5 0 0 0 0 0.5
0 -0.5 0 0 -0.5 0 -0.5 0 0 0 0 -0.5
0 0.5 0 0 0.5 0 0 0.5 0 0 0.5 0
0 0.5 0 0 0.5 0 0 0.5 0 0 -0.5 0
0 0.5 0 0 0.5 0 0 -0.5 0 0 0.5 0
0 0.5 0 0 0.5 0 0 -0.5 0 0 -0.5 0
0 0.5 0 0 -0.5 0 0 0.5 0 0 0.5 0
0 0.5 0 0 -0.5 0 0 0.5 0 0 -0.5 0
0 0.5 0 0 -0.5 0 0 -0.5 0 0 0.5 0
0 0.5 0 0 -0.5 0 0 -0.5 0 0 -0.5 0
0 -0.5 0 0 0.5 0 0 0.5 0 0 0.5 0
0 -0.5 0 0 0.5 0 0 0.5 0 0 -0.5 0
0 -0.5 0 0 0.5 0 0 -0.5 0 0 0.5 0
0 -0.5 0 0 0.5 0 0 -0.5 0 0 -0.5 0
0 -0.5 0 0 -0.5 0 0 0.5 0 0 0.5 0
0 -0.5 0 0 -0.5 0 0 0.5 0 0 -0.5 0
0 -0.5 0 0 -0.5 0 0 -0.5 0 0 0.5 0
0 -0.5 0 0 -0.5 0 0 -0.5 0 0 -0.5 0
0 0.5 0 0 0.5 0 0 0 0.5 0.5 0 0
0 0.5 0 0 0.5 0 0 0 0.5 -0.5 0 0
0 0.5 0 0 0.5 0 0 0 -0.5 0.5 0 0
0 0.5 0 0 0.5 0 0 0 -0.5 -0.5 0 0
0 0.5 0 0 -0.5 0 0 0 0.5 0.5 0 0
0 0.5 0 0 -0.5 0 0 0 0.5 -0.5 0 0
0 0.5 0 0 -0.5 0 0 0 -0.5 0.5 0 0
0 0.5 0 0 -0.5 0 0 0 -0.5 -0.5 0 0
0 -0.5 0 0 0.5 0 0 0 0.5 0.5 0 0
0 -0.5 0 0 0.5 0 0 0 0.5 -0.5 0 0
0 -0.5 0 0 0.5 0 0 0 -0.5 0.5 0 0
0 -0.5 0 0 0.5 0 0 0 -0.5 -0.5 0 0
0 -0.5 0 0 -0.5 0 0 0 0.5 0.5 0 0
0 -0.5 0 0 -0.5 0 0 0 0.5 -0.5 0 0
0 -0.5 0 0 -0.5 0 0 0 -0.5 0.5 0 0
0 -0.5 0 0 -0.5 0 0 0 -0.5 -0.5 0 0
0 0 0.5 0.5 0 0 0.5 0 0 0 0 0.5
0 0 0.5 0.5 0 0 0.5 0 0 0 0 -0.5
0 0 0.5 0.5 0 0 -0.5 0 0 0 0 0.5
0 0 0.5 0.5 0 0 -0.5 0 0 0 0 -0.5
0 0 0.5 -0.5 0 0 0.5 0 0 0 0 0.5
0 0 0.5 -0.5 0 0 0.5 0 0 0 0 -0.5
0 0 0.5 -0.5 0 0 -0.5 0 0 0 0 0.5
0 0 0.5 -0.5 0 0 -0.5 0 0 0 0 -0.5
0 0 -0.5 0.5 0 0 0.5 0 0 0 0 0.5
0 0 -0.5 0.5 0 0 0.5 0 0 0 0 -0.5
0 0 -0.5 0.5 0 0 -0.5 0 0 0 0 0.5
0 0 -0.5 0.5 0 0 -0.5 0 0 0 0 -0.5
0 0 -0.5 -0.5 0 0 0.5 0 0 0 0 0.5
0 0 -0.5 -0.5 0 0 0.5 0 0 0 0 -0.5
0 0 -0.5 -0.5 0 0 -0.5 0 0 0 0 0.5
0 0 -0.5 -0.5 0 0 -0.5 0 0 0 0 -0.5
0 0 0.5 0.5 0 0 0 0.5 0 0 0.5 0
0 0 0.5 0.5 0 0 0 0.5 0 0 -0.5 0
0 0 0.5 0.5 0 0 0 -0.5 0 0 0.5 0
0 0 0.5 0.5 0 0 0 -0.5 0 0 -0.5 0
0 0 0.5 -0.5 0 0 0 0.5 0 0 0.5 0
0 0 0.5 -0.5 0 0 0 0.5 0 0 -0.5 0
0 0 0.5 -0.5 0 0 0 -0.5 0 0 0.5 0
0 0 0.5 -0.5 0 0 0 -0.5 0 0 -0.5 0
0 0 -0.5 0.5 0 0 0 0.5 0 0 0.5 0
0 0 -0.5 0.5 0 0 0 0.5 0 0 -0.5 0
0 0 -0.5 0.5 0 0 0 -0.5 0 0 0.5 0
0 0 -0.5 0.5 0 0 0 -0.5 0 0 -0.5 0
0 0 -0.5 -0.5 0 0 0 0.5 0 0 0.5 0
0 0 -0.5 -0.5 0 0 0 0.5 0 0 -0.5 0
0 0 -0.5 -0.5 0 0 0 -0.5 0 0 0.5 0
0 0 -0.5 -0.5 0 0 0 -0.5 0 0 -0.5 0
0 0 0.5 0.5 0 0 0 0 0.5 0.5 0 0
0 0 0.5 0.5 0 0 0 0 0.5 -0.5 0 0
0 0 0.5 0.5 0 0 0 0 -0.5 0.5 0 0
0 0 0.5 0.5 0 0 0 0 -0.5 -0.5 0 0
0 0 0.5 -0.5 0 0 0 0 0.5 0.5 0 0
0 0 0.5 -0.5 0 0 0 0 0.5 -0.5 0 0
0 0 0.5 -0.5 0 0 0 0 -0.5 0.5 0 0
0 0 0.5 -0.5 0 0 0 0 -0.5 -0.5 0 0
0 0 -0.5 0.5 0 0 0 0 0.5 0.5 0 0
0 0 -0.5 0.5 0 0 0 0 0.5 -0.5 0 0
0 0 -0.5 0.5 0 0 0 0 -0.5 0.5 0 0
0 0 -0.5 0.5 0 0 0 0 -0.5 -0.5 0 0
0 0 -0.5 -0.5 0 0 0 0 0.5 0.5 0 0
0 0 -0.5 -0.5 0 0 0 0 0.5 -0.5 0 0
0 0 -0.5 -0.5 0 0 0 0 -0.5 0.5 0 0
0 0 -0.5 -0.5 0 0 0 0 -0.5 -0.5 0 0
0 0.5 0 0 0 0.5 0 0.5 0 0 0 0.5
0 0.5 0 0 0 0.5 0 0.5 0 0 0 -0.5
0 0.5 0 0 0 0.5 0 -0.5 0 0 0 0.5
0 0.5 0 0 0 0.5 0 -0.5 0 0 0 -0.5
0 0.5 0 0 0 -0.5 0 0.5 0 0 0 0.5
0 0.5 0 0 0 -0.5 0 0.5 0 0 0 -0.5
0 0.5 0 0 0 -0.5 0 -0.5 0 0 0 0.5
0 0.5 0 0 0 -0.5 0 -0.5 0 0 0 -0.5
0 -0.5 0 0 0 0.5 0 0.5 0 0 0 0.5
0 -0.5 0 0 0 0.5 0 0.5 0 0 0 -0.5
0 -0.5 0 0 0 0.5 0 -0.5 0 0 0 0.5
0 -0.5 0 0 0 0.5 0 -0.5 0 0 0 -0.5
0 -0.5 0 0 0 -0.5 0 0.5 0 0 0 0.5
0 -0.5 0 0 0 -0.5 0 0.5 0 0 0 -0.5
0 -0.5 0 0 0 -0.5 0 -0.5 0 0 0 0.5
0 -0.5 0 0 0 -0.5 0 -0.5 0 0 0 -0.5
0 0.5 0 0 0 0.5 0.5 0 0.5 0 0 0
0 0.5 0 0 0 0.5 -0.5 0 0.5 0 0 0
0 0.5 0 0 0 0.5 0.5 0 -0.5 0 0 0
0 0.5 0 0 0 0.5 -0.5 0 -0.5 0 0 0
0 0.5 0 0 0 -0.5 0.5 0 0.5 0 0 0
0 0.5 0 0 0 -0.5 -0.5 0 0.5 0 0 0
0 0.5 0 0 0 -0.5 0.5 0 -0.5 0 0 0
0 0.5 0 0 0 -0.5 -0.5 0 -0.5 0 0 0
0 -0.5 0 0 0 0.5 0.5 0 0.5 0 0 0
0 -0.5 0 0 0 0.5 -0.5 0 0.5 0 0 0
0 -0.5 0 0 0 0.5 0.5 0 -0.5 0 0 0
0 -0.5 0 0 0 0.5 -0.5 0 -0.5 0 0 0
0 -0.5 0 0 0 -0.5 0.5 0 0.5 0 0 0
0 -0.5 0 0 0 -0.5 -0.5 0 0.5 0 0 0
0 -0.5 0 0 0 -0.5 0.5 0 -0.5 0 0 0
0 -0.5 0 0 0 -0.5 -0.5 0 -0.5 0 0 0
0 0.5 0 0 0 0.5 0 0 0 0.5 0.5 0
0 0.5 0 0 0 0.5 0 0 0 0.5 -0.5 0
0 0.5 0 0 0 0.5 0 0 0 -0.5 0.5 0
0 0.5 0 0 0 0.5 0 0 0 -0.5 -0.5 0
0 0.5 0 0 0 -0.5 0 0 0 0.5 0.5 0
0 0.5 0 0 0 -0.5 0 0 0 0.5 -0.5 0
0 0.5 0 0 0 -0.5 0 0 0 -0.5 0.5 0
0 0.5 0 0 0 -0.5 0 0 0 -0.5 -0.5 0
0 -0.5 0 0 0 0.5 0 0 0 0.5 0.5 0
0 -0.5 0 0 0 0.5 0 0 0 0.5 -0.5 0
0 -0.5 0 0 0 0.5 0 0 0 -0.5 0.5 0
0 -0.5 0 0 0 0.5 0 0 0 -0.5 -0.5 0
0 -0.5 0 0 0 -0.5 0 0 0 0.5 0.5 0
0 -0.5 0 0 0 -0.5 0 0 0 0.5 -0.5 0
0 -0.5 0 0 0 -0.5 0 0 0 -0.5 0.5 0
0 -0.5 0 0 0 -0.5 0 0 0 -0.5 -0.5 0
0.5 0 0.5 0 0 0 0 0.5 0 0 0 0.5
0.5 0 0.5 0 0 0 0 0.5 0 0 0 -0.5
0.5 0 0.5 0 0 0 0 -0.5 0 0 0 0.5
0.5 0 0.5 0 0 0 0 -0.5 0 0 0 -0.5
-0.5 0 0.5 0 0 0 0 0.5 0 0 0 0.5
-0.5 0 0.5 0 0 0 0 0.5 0 0 0 -0.5
-0.5 0 0.5 0 0 0 0 -0.5 0 0 0 0.5
-0.5 0 0.5 0 0 0 0 -0.5 0 0 0 -0.5
0.5 0 -0.5 0 0 0 0 0.5 0 0 0 0.5
0.5 0 -0.5 0 0 0 0 0.5 0 0 0 -0.5
0.5 0 -0.5 0 0 0 0 -0.5 0 0 0 0.5
0.5 0 -0.5 0 0 0 0 -0.5 0 0 0 -0.5
-0.5 0 -0.5 0 0 0 0 0.5 0 0 0 0.5
-0.5 0 -0.5 0 0 0 0 0.5 0 0 0 -0.5
-0.5 0 -0.5 0 0 0 0 -0.5 0 0 0 0.5
-0.5 0 -0.5 0 0 0 0 -0.5 0 0 0 -0.5
0.5 0 0.5 0 0 0 0.5 0 0.5 0 0 0
0.5 0 0.5 0 0 0 -0.5 0 0.5 0 0 0
0.5 0 0.5 0 0 0 0.5 0 -0.5 0 0 0
0.5 0 0.5 0 0 0 -0.5 0 -0.5 0 0 0
-0.5 0 0.5 0 0 0 0.5 0 0.5 0 0 0
-0.5 0 0.5 0 0 0 -0.5 0 0.5 0 0 0
-0.5 0 0.5 0 0 0 0.5 0 -0.5 0 0 0
-0.5 0 0.5 0 0 0 -0.5 0 -0.5 0 0 0
0.5 0 -0.5 0 0 0 0.5 0 0.5 0 0 0
0.5 0 -0.5 0 0 0 -0.5 0 0.5 0 0 0
0.5 0 -0.5 0 0 0 0.5 0 -0.5 0 0 0
0.5 0 -0.5 0 0 0 -0.5 0 -0.5 0 0 0
-0.5 0 -0.5 0 0 0 0.5 0 0.5 0 0 0
-0.5 0 -0.5 0 0 0 -0.5 0 0.5 0 0 0
-0.5 0 -0.5 0 0 0 0.5 0 -0.5 0 0 0
-0.5 0 -0.5 0 0 0 -0.5 0 -0.5 0 0 0
0.5 0 0.5 0 0 0 0 0 0 0.5 0.5 0
0.5 0 0.5 0 0 0 0 0 0 0.5 -0.5 0
0.5 0 0.5 0 0 0 0 0 0 -0.5 0.5 0
0.5 0 0.5 0 0 0 0 0 0 -0.5 -0.5 0
-0.5 0 0.5 0 0 0 0 0 0 0.5 0.5 0
-0.5 0 0.5 0 0 0 0 0 0 0.5 -0.5 0
-0.5 0 0.5 0 0 0 0 0 0 -0.5 0.5 0
-0.5 0 0.5 0 0 0 0 0 0 -0.5 -0.5 0
0.5 0 -0.5 0 0 0 0 0 0 0.5 0.5 0
0.5 0 -0.5 0 0 0 0 0 0 0.5 -0.5 0
0.5 0 -0.5 0 0 0 0 0 0 -0.5 0.5 0
0.5 0 -0.5 0 0 0 0 0 0 -0.5 -0.5 0
-0.5 0 -0.5 0 0 0 0 0 0 0.5 0.5 0
-0.5 0 -0.5 0 0 0 0 0 0 0.5 -0.5 0
-0.5 0 -0.5 0 0 0 0 0 0 -0.5 0.5 0
-0.5 0 -0.5 0 0 0 0 0 0 -0.5 -0.5 0
0 0 0 0.5 0.5 0 0 0.5 0 0 0 0.5
0 0 0 0.5 0.5 0 0 0.5 0 0 0 -0.5
0 0 0 0.5 0.5 0 0 -0.5 0 0 0 0.5
0 0 0 0.5 0.5 0 0 -0.5 0 0 0 -0.5
0 0 0 0.5 -0.5 0 0 0.5 0 0 0 0.5
0 0 0 0.5 -0.5 0 0 0.5 0 0 0 -0.5
0 0 0 0.5 -0.5 0 0 -0.5 0 0 0 0.5
0 0 0 0.5 -0.5 0 0 -0.5 0 0 0 -0.5
0 0 0 -0.5 0.5 0 0 0.5 0 0 0 0.5
0 0 0 -0.5 0.5 0 0 0.5 0 0 0 -0.5
0 0 0 -0.5 0.5 0 0 -0.5 0 0 0 0.5
0 0 0 -0.5 0.5 0 0 -0.5 0 0 0 -0.5
0 0 0 -0.5 -0.5 0 0 0.5 0 0 0 0.5
0 0 0 -0.5 -0.5 0 0 0.5 0 0 0 -0.5
0 0 0 -0.5 -0.5 0 0 -0.5 0 0 0 0.5
0 0 0 -0.5 -0.5 0 0 -0.5 0 0 0 -0.5
0 0 0 0.5 0.5 0 0.5 0 0.5 0 0 0
0 0 0 0.5 0.5 0 -0.5 0 0.5 0 0 0
0 0 0 0.5 0.5 0 0.5 0 -0.5 0 0 0
0 0 0 0.5 0.5 0 -0.5 0 -0.5 0 0 0
0 0 0 0.5 -0.5 0 0.5 0 0.5 0 0 0
0 0 0 0.5 -0.5 0 -0.5 0 0.5 0 0 0
0 0 0 0.5 -0.5 0 0.5 0 -0.5 0 0 0
0 0 0 0.5 -0.5 0 -0.5 0 -0.5 0 0 0
0 0 0 -0.5 0.5 0 0.5 0 0.5 0 0 0
0 0 0 -0.5 0.5 0 -0.5 0 0.5 0 0 0
0 0 0 -0.5 0.5 0 0.5 0 -0.5 0 0 0
0 0 0 -0.5 0.5 0 -0.5 0 -0.5 0 0 0
0 0 0 -0.5 -0.5 0 0.5 0 0.5 0 0 0
0 0 0 -0.5 -0.5 0 -0.5 0 0.5 0 0 0
0 0 0 -0.5 -0.5 0 0.5 0 -0.5 0 0 0
0 0 0 -0.5 -0.5 0 -0.5 0 -0.5 0 0 0
0 0 0 0.5 0.5 0 0 0 0 0.5 0.5 0
0 0 0 0.5 0.5 0 0 0 0 0.5 -0.5 0
0 0 0 0.5 0.5 0 0 0 0 -0.5 0.5 0
0 0 0 0.5 0.5 0 0 0 0 -0.5 -0.5 0
0 0 0 0.5 -0.5 0 0 0 0 0.5 0.5 0
0 0 0 0.5 -0.5 0 0 0 0 0.5 -0.5 0
0 0 0 0.5 -0.5 0 0 0 0 -0.5 0.5 0
0 0 0 0.5 -0.5 0 0 0 0 -0.5 -0.5 0
0 0 0 -0.5 0.5 0 0 0 0 0.5 0.5 0
0 0 0 -0.5 0.5 0 0 0 0 0.5 -0.5 0
0 0 0 -0.5 0.5 0 0 0 0 -0.5 0.5 0
0 0 0 -0.5 0.5 0 0 0 0 -0.5 -0.5 0
0 0 0 -0.5 -0.5 0 0 0 0 0.5 0.5 0
0 0 0 -0.5 -0.5 0 0 0 0 0.5 -0.5 0
0 0 0 -0.5 -0.5 0 0 0 0 -0.5 0.5 0
0 0 0 -0.5 -0.5 0 0 0 0 -0.5 -0.5 0
0 0 0.5 0 0 0.5 0 0 0.5 0 0 0.5
0 0 0.5 0 0 0.5 0 0 0.5 0 0 -0.5
0 0 0.5 0 0 0.5 0 0 -0.5 0 0 0.5
0 0 0.5 0 0 0.5 0 0 -0.5 0 0 -0.5
0 0 0.5 0 0 -0.5 0 0 0.5 0 0 0.5
0 0 0.5 0 0 -0.5 0 0 0.5 0 0 -0.5
0 0 0.5 0 0 -0.5 0 0 -0.5 0 0 0.5
0 0 0.5 0 0 -0.5 0 0 -0.5 0 0 -0.5
0 0 -0.5 0 0 0.5 0 0 0.5 0 0 0.5
0 0 -0.5 0 0 0.5 0 0 0.5 0 0 -0.5
0 0 -0.5 0 0 0.5 0 0 -0.5 0 0 0.5
0 0 -0.5 0 0 0.5 0 0 -0.5 0 0 -0.5
0 0 -0.5 0 0 -0.5 0 0 0.5 0 0 0.5
0 0 -0.5 0 0 -0.5 0 0 0.5 0 0 -0.5
0 0 -0.5 0 0 -0.5 0 0 -0.5 0 0 0.5
0 0 -0.5 0 0 -0.5 0 0 -0.5 0 0 -0.5
0 0 0.5 0 0 0.5 0 0.5 0 0.5 0 0
0 0 0.5 0 0 0.5 0 -0.5 0 0.5 0 0
0 0 0.5 0 0 0.5 0 0.5 0 -0.5 0 0
0 0 0.5 0 0 0.5 0 -0.5 0 -0.5 0 0
0 0 0.5 0 0 -0.5 0 0.5 0 0.5 0 0
0 0 0.5 0 0 -0.5 0 -0.5 0 0.5 0 0
0 0 0.5 0 0 -0.5 0 0.5 0 -0.5 0 0
0 0 0.5 0 0 -0.5 0 -0.5 0 -0.5 0 0
0 0 -0.5 0 0 0.5 0 0.5 0 0.5 0 0
0 0 -0.5 0 0 0.5 0 -0.5 0 0.5 0 0
0 0 -0.5 0 0 0.5 0 0.5 0 -0.5 0 0
0 0 -0.5 0 0 0.5 0 -0.5 0 -0.5 0 0
0 0 -0.5 0 0 -0.5 0 0.5 0 0.5 0 0
0 0 -0.5 0 0 -0.5 0 -0.5 0 0.5 0 0
0 0 -0.5 0 0 -0.5 0 0.5 0 -0.5 0 0
0 0 -0.5 0 0 -0.5 0 -0.5 0 -0.5 0 0
0 0 0.5 0 0 0.5 0.5 0 0 0 0.5 0
0 0 0.5 0 0 0.5 -0.5 0 0 0 0.5 0
0 0 0.5 0 0 0.5 0.5 0 0 0 -0.5 0
0 0 0.5 0 0 0.5 -0.5 0 0 0 -0.5 0
0 0 0.5 0 0 -0.5 0.5 0 0 0 0.5 0
0 0 0.5 0 0 -0.5 -0.5 0 0 0 0.5 0
0 0 0.5 0 0 -0.5 0.5 0 0 0 -0.5 0
0 0 0.5 0 0 -0.5 -0.5 0 0 0 -0.5 0
0 0 -0.5 0 0 0.5 0.5 0 0 0 0.5 0
0 0 -0.5 0 0 0.5 -0.5 0 0 0 0.5 0
0 0 -0.5 0 0 0.5 0.5 0 0 0 -0.5 0
0 0 -0.5 0 0 0.5 -0.5 0 0 0 -0.5 0
0 0 -0.5 0 0 -0.5 0.5 0 0 0 0.5 0
0 0 -0.5 0 0 -0.5 -0.5 0 0 0 0.5 0
0 0 -0.5 0 0 -0.5 0.5 0 0 0 -0.5 0
0 0 -0.5 0 0 -0.5 -0.5 0 0 0 -0.5 0
0 0.5 0 0.5 0 0 0 0 0.5 0 0 0.5
0 0.5 0 0.5 0 0 0 0 0.5 0 0 -0.5
0 0.5 0 0.5 0 0 0 0 -0.5 0 0 0.5
0 0.5 0 0.5 0 0 0 0 -0.5 0 0 -0.5
0 -0.5 0 0.5 0 0 0 0 0.5 0 0 0.5
0 -0.5 0 0.5 0 0 0 0 0.5 0 0 -0.5
0 -0.5 0 0.5 0 0 0 0 -0.5 0 0 0.5
0 -0.5 0 0.5 0 0 0 0 -0.5 0 0 -0.5
0 0.5 0 -0.5 0 0 0 0 0.5 0 0 0.5
0 0.5 0 -0.5 0 0 0 0 0.5 0 0 -0.5
0 0.5 0 -0.5 0 0 0 0 -0.5 0 0 0.5
0 0.5 0 -0.5 0 0 0 0 -0.5 0 0 -0.5
0 -0.5 0 -0.5 0 0 0 0 0.5 0 0 0.5
0 -0.5 0 -0.5 0 0 0 0 0.5 0 0 -0.5
0 -0.5 0 -0.5 0 0 0 0 -0.5 0 0 0.5
0 -0.5 0 -0.5 0 0 0 0 -0.5 0 0 -0.5
0 0.5 0 0.5 0 0 0 0.5 0 0.5 0 0
0 0.5 0 0.5 0 0 0 -0.5 0 0.5 0 0
0 0.5 0 0.5 0 0 0 0.5 0 -0.5 0 0
0 0.5 0 0.5 0 0 0 -0.5 0 -0.5 0 0
0 -0.5 0 0.5 0 0 0 0.5 0 0.5 0 0
0 -0.5 0 0.5 0 0 0 -0.5 0 0.5 0 0
0 -0.5 0 0.5 0 0 0 0.5 0 -0.5 0 0
0 -0.5 0 0.5 0 0 0 -0.5 0 -0.5 0 0
0 0.5 0 -0.5 0 0 0 0.5 0 0.5 0 0
0 0.5 0 -0.5 0 0 0 -0.5 0 0.5 0 0
0 0.5 0 -0.5 0 0 0 0.5 0 -0.5 0 0
0 0.5 0 -0.5 0 0 0 -0.5 0 -0.5 0 0
0 -0.5 0 -0.5 0 0 0 0.5 0 0.5 0 0
0 -0.5 0 -0.5 0 0 0 -0.5 0 0.5 0 0
0 -0.5 0 -0.5 0 0 0 0.5 0 -0.5 0 0
0 -0.5 0 -0.5 0 0 0 -0.5 0 -0.5 0 0
0 0.5 0 0.5 0 0 0.5 0 0 0 0.5 0
0 0.5 0 0.5 0 0 -0.5 0 0 0 0.5 0
0 0.5 0 0.5 0 0 0.5 0 0 0 -0.5 0
0 0.5 0 0.5 0 0 -0.5 0 0 0 -0.5 0
0 -0.5 0 0.5 0 0 0.5 0 0 0 0.5 0
0 -0.5 0 0.5 0 0 -0.5 0 0 0 0.5 0
0 -0.5 0 0.5 0 0 0.5 0 0 0 -0.5 0
0 -0.5 0 0.5 0 0 -0.5 0 0 0 -0.5 0
0 0.5 0 -0.5 0 0 0.5 0 0 0 0.5 0
0 0.5 0 -0.5 0 0 -0.5 0 0 0 0.5 0
0 0.5 0 -0.5 0 0 0.5 0 0 0 -0.5 0
0 0.5 0 -0.5 0 0 -0.5 0 0 0 -0.5 0
0 -0.5 0 -0.5 0 0 0.5 0 0 0 0.5 0
0 -0.5 0 -0.5 0 0 -0.5 0 0 0 0.5 0
0 -0.5 0 -0.5 0 0 0.5 0 0 0 -0.5 0
0 -0.5 0 -0.5 0 0 -0.5 0 0 0 -0.5 0
0.5 0 0 0 0.5 0 0 0 0.5 0 0 0.5
0.5 0 0 0 0.5 0 0 0 0.5 0 0 -0.5
0.5 0 0 0 0.5 0 0 0 -0.5 0 0 0.5
0.5 0 0 0 0.5 0 0 0 -0.5 0 0 -0.5
-0.5 0 0 0 0.5 0 0 0 0.5 0 0 0.5
-0.5 0 0 0 0.5 0 0 0 0.5 0 0 -0.5
-0.5 0 0 0 0.5 0 0 0 -0.5 0 0 0.5
-0.5 0 0 0 0.5 0 0 0 -0.5 0 0 -0.5
0.5 0 0 0 -0.5 0 0 0 0.5 0 0 0.5
0.5 0 0 0 -0.5 0 0 0 0.5 0 0 -0.5
0.5 0 0 0 -0.5 0 0 0 -0.5 0 0 0.5
0.5 0 0 0 -0.5 0 0 0 -0.5 0 0 -0.5
-0.5 0 0 0 -0.5 0 0 0 0.5 0 0 0.5
-0.5 0 0 0 -0.5 0 0 0 0.5 0 0 -0.5
-0.5 0 0 0 -0.5 0 0 0 -0.5 0 0 0.5
-0.5 0 0 0 -0.5 0 0 0 -0.5 0 0 -0.5
0.5 0 0 0 0.5 0 0 0.5 0 0.5 0 0
0.5 0 0 0 0.5 0 0 -0.5 0 0.5 0 0
0.5 0 0 0 0.5 0 0 0.5 0 -0.5 0 0
0.5 0 0 0 0.5 0 0 -0.5 0 -0.5 0 0
-0.5 0 0 0 0.5 0 0 0.5 0 0.5 0 0
-0.5 0 0 0 0.5 0 0 -0.5 0 0.5 0 0
-0.5 0 0 0 0.5 0 0 0.5 0 -0.5 0 0
-0.5 0 0 0 0.5 0 0 -0.5 0 -0.5 0 0
0.5 0 0 0 -0.5 0 0 0.5 0 0.5 0 0
0.5 0 0 0 -0.5 0 0 -0.5 0 0.5 0 0
0.5 0 0 0 -0.5 0 0 0.5 0 -0.5 0 0
0.5 0 0 0 -0.5 0 0 -0.5 0 -0.5 0 0
-0.5 0 0 0 -0.5 0 0 0.5 0 0.5 0 0
-0.5 0 0 0 -0.5 0 0 -0.5 0 0.5 0 0
-0.5 0 0 0 -0.5 0 0 0.5 0 -0.5 0 0
-0.5 0 0 0 -0.5 0 0 -0.5 0 -0.5 0 0
0.5 0 0 0 0.5 0 0.5 0 0 0 0.5 0
0.5 0 0 0 0.5 0 -0.5 0 0 0 0.5 0
0.5 0 0 0 0.5 0 0.5 0 0 0 -0.5 0
0.5 0 0 0 0.5 0 -0.5 0 0 0 -0.5 0
-0.5 0 0 0 0.5 0 0.5 0 0 0 0.5 0
-0.5 0 0 0 0.5 0 -0.5 0 0 0 0.5 0
-0.5 0 0 0 0.5 0 0.5 0 0 0 -0.5 0
-0.5 0 0 0 0.5 0 -0.5 0 0 0 -0.5 0
0.5 0 0 0 -0.5 0 0.5 0 0 0 0.5 0
0.5 0 0 0 -0.5 0 -0.5 0 0 0 0.5 0
0.5 0 0 0 -0.5 0 0.5 0 0 0 -0.5 0
0.5 0 0 0 -0.5 0 -0.5 0 0 0 -0.5 0
-0.5 0 0 0 -0.5 0 0.5 0 0 0 0.5 0
-0.5 0 0 0 -0.5 0 -0.5 0 0 0 0.5 0
-0.5 0 0 0 -0.5 0 0.5 0 0 0 -0.5 0
-0.5 0 0 0 -0.5 0 -0.5 0 0 0 -0.5 0
0 0 0 0.5 0 0.5 0 0 0 0.5 0 0.5
0 0 0 0.5 0 0.5 0 0 0 0.5 0 -0.5
0 0 0 0.5 0 0.5 0 0 0 -0.5 0 0.5
0 0 0 0.5 0 0.5 0 0 0 -0.5 0 -0.5
0 0 0 0.5 0 -0.5 0 0 0 0.5 0 0.5
0 0 0 0.5 0 -0.5 0 0 0 0.5 0 -0.5
0 0 0 0.5 0 -0.5 0 0 0 -0.5 0 0.5
0 0 0 0.5 0 -0.5 0 0 0 -0.5 0 -0.5
0 0 0 -0.5 0 0.5 0 0 0 0.5 0 0.5
0 0 0 -0.5 0 0.5 0 0 0 0.5 0 -0.5
0 0 0 -0.5 0 0.5 0 0 0 -0.5 0 0.5
0 0 0 -0.5 0 0.5 0 0 0 -0.5 0 -0.5
0 0 0 -0.5 0 -0.5 0 0 0 0.5 0 0.5
0 0 0 -0.5 0 -0.5 0 0 0 0.5 0 -0.5
0 0 0 -0.5 0 -0.5 0 0 0 -0.5 0 0.5
0 0 0 -0.5 0 -0.5 0 0 0 -0.5 0 -0.5
0 0 0 0.5 0 0.5 0 0 0.5 0 0.5 0
0 0 0 0.5 0 0.5 0 0 -0.5 0 0.5 0
0 0 0 0.5 0 0.5 0 0 0.5 0 -0.5 0
0 0 0 0.5 0 0.5 0 0 -0.5 0 -0.5 0
0 0 0 0.5 0 -0.5 0 0 0.5 0 0.5 0
0 0 0 0.5 0 -0.5 0 0 -0.5 0 0.5 0
0 0 0 0.5 0 -0.5 0 0 0.5 0 -0.5 0
0 0 0 0.5 0 -0.5 0 0 -0.5 0 -0.5 0
0 0 0 -0.5 0 0.5 0 0 0.5 0 0.5 0
0 0 0 -0.5 0 0.5 0 0 -0.5 0 0.5 0
0 0 0 -0.5 0 0.5 0 0 0.5 0 -0.5 0
0 0 0 -0.5 0 0.5 0 0 -0.5 0 -0.5 0
0 0 0 -0.5 0 -0.5 0 0 0.5 0 0.5 0
0 0 0 -0.5 0 -0.5 0 0 -0.5 0 0.5 0
0 0 0 -0.5 0 -0.5 0 0 0.5 0 -0.5 0
0 0 0 -0.5 0 -0.5 0 0 -0.5 0 -0.5 0
0 0 0 0.5 0 0.5 0.5 0.5 0 0 0 0
0 0 0 0.5 0 0.5 0.5 -0.5 0 0 0 0
0 0 0 0.5 0 0.5 -0.5 0.5 0 0 0 0
0 0 0 0.5 0 0.5 -0.5 -0.5 0 0 0 0
0 0 0 0.5 0 -0.5 0.5 0.5 0 0 0 0
0 0 0 0.5 0 -0.5 0.5 -0.5 0 0 0 0
0 0 0 0.5 0 -0.5 -0.5 0.5 0 0 0 0
0 0 0 0.5 0 -0.5 -0.5 -0.5 0 0 0 0
0 0 0 -0.5 0 0.5 0.5 0.5 0 0 0 0
0 0 0 -0.5 0 0.5 0.5 -0.5 0 0 0 0
0 0 0 -0.5 0 0.5 -0.5 0.5 0 0 0 0
0 0 0 -0.5 0 0.5 -0.5 -0.5 0 0 0 0
0 0 0 -0.5 0 -0.5 0.5 0.5 0 0 0 0
0 0 0 -0.5 0 -0.5 0.5 -0.5 0 0 0 0
0 0 0 -0.5 0 -0.5 -0.5 0.5 0 0 0 0
0 0 0 -0.5 0 -0.5 -0.5 -0.5 0 0 0 0
0 0 0.5 0 0.5 0 0 0 0 0.5 0 0.5
0 0 0.5 0 0.5 0 0 0 0 0.5 0 -0.5
0 0 0.5 0 0.5 0 0 0 0 -0.5 0 0.5
0 0 0.5 0 0.5 0 0 0 0 -0.5 0 -0.5
0 0 -0.5 0 0.5 0 0 0 0 0.5 0 0.5
0 0 -0.5 0 0.5 0 0 0 0 0.5 0 -0.5
0 0 -0.5 0 0.5 0 0 0 0 -0.5 0 0.5
0 0 -0.5 0 0.5 0 0 0 0 -0.5 0 -0.5
0 0 0.5 0 -0.5 0 0 0 0 0.5 0 0.5
0 0 0.5 0 -0.5 0 0 0 0 0.5 0 -0.5
0 0 0.5 0 -0.5 0 0 0 0 -0.5 0 0.5
0 0 0.5 0 -0.5 0 0 0 0 -0.5 0 -0.5
0 0 -0.5 0 -0.5 0 0 0 0 0.5 0 0.5
0 0 -0.5 0 -0.5 0 0 0 0 0.5 0 -0.5
0 0 -0.5 0 -0.5 0 0 0 0 -0.5 0 0.5
0 0 -0.5 0 -0.5 0 0 0 0 -0.5 0 -0.5
0 0 0.5 0 0.5 0 0 0 0.5 0 0.5 0
0 0 0.5 0 0.5 0 0 0 -0.5 0 0.5 0
0 0 0.5 0 0.5 0 0 0 0.5 0 -0.5 0
0 0 0.5 0 0.5 0 0 0 -0.5 0 -0.5 0
0 0 -0.5 0 0.5 0 0 0 0.5 0 0.5 0
0 0 -0.5 0 0.5 0 0 0 -0.5 0 0.5 0
0 0 -0.5 0 0.5 0 0 0 0.5 0 -0.5 0
0 0 -0.5 0 0.5 0 0 0 -0.5 0 -0.5 0
0 0 0.5 0 -0.5 0 0 0 0.5 0 0.5 0
0 0 0.5 0 -0.5 0 0 0 -0.5 0 0.5 0
0 0 0.5 0 -0.5 0 0 0 0.5 0 -0.5 0
0 0 0.5 0 -0.5 0 0 0 -0.5 0 -0.5 0
0 0 -0.5 0 -0.5 0 0 0 0.5 0 0.5 0
0 0 -0.5 0 -0.5 0 0 0 -0.5 0 0.5 0
0 0 -0.5 0 -0.5 0 0 0 0.5 0 -0.5 0
0 0 -0.5 0 -0.5 0 0 0 -0.5 0 -0.5 0
0 0 0.5 0 0.5 0 0.5 0.5 0 0 0 0
0 0 0.5 0 0.5 0 0.5 -0.5 0 0 0 0
0 0 0.5 0 0.5 0 -0.5 0.5 0 0 0 0
0 0 0.5 0 0.5 0 -0.5 -0.5 0 0 0 0
0 0 -0.5 0 0.5 0 0.5 0.5 0 0 0 0
0 0 -0.5 0 0.5 0 0.5 -0.5 0 0 0 0
0 0 -0.5 0 0.5 0 -0.5 0.5 0 0 0 0
0 0 -0.5 0 0.5 0 -0.5 -0.5 0 0 0 0
0 0 0.5 0 -0.5 0 0.5 0.5 0 0 0 0
0 0 0.5 0 -0.5 0 0.5 -0.5 0 0 0 0
0 0 0.5 0 -0.5 0 -0.5 0.5 0 0 0 0
0 0 0.5 0 -0.5 0 -0.5 -0.5 0 0 0 0
0 0 -0.5 0 -0.5 0 0.5 0.5 0 0 0 0
0 0 -0.5 0 -0.5 0 0.5 -0.5 0 0 0 0
0 0 -0.5 0 -0.5 0 -0.5 0.5 0 0 0 0
0 0 -0.5 0 -0.5 0 -0.5 -0.5 0 0 0 0
0.5 0.5 0 0 0 0 0 0 0 0.5 0 0.5
0.5 0.5 0 0 0 0 0 0 0 0.5 0 -0.5
0.5 0.5 0 0 0 0 0 0 0 -0.5 0 0.5
0.5 0.5 0 0 0 0 0 0 0 -0.5 0 -0.5
0.5 -0.5 0 0 0 0 0 0 0 0.5 0 0.5
0.5 -0.5 0 0 0 0 0 0 0 0.5 0 -0.5
0.5 -0.5 0 0 0 0 0 0 0 -0.5 0 0.5
0.5 -0.5 0 0 0 0 0 0 0 -0.5 0 -0.5
-0.5 0.5 0 0 0 0 0 0 0 0.5 0 0.5
-0.5 0.5 0 0 0 0 0 0 0 0.5 0 -0.5
-0.5 0.5 0 0 0 0 0 0 0 -0.5 0 0.5
-0.5 0.5 0 0 0 0 0 0 0 -0.5 0 -0.5
-0.5 -0.5 0 0 0 0 0 0 0 0.5 0 0.5
-0.5 -0.5 0 0 0 0 0 0 0 0.5 0 -0.5
-0.5 -0.5 0 0 0 0 0 0 0 -0.5 0 0.5
-0.5 -0.5 0 0 0 0 0 0 0 -0.5 0 -0.5
0.5 0.5 0 0 0 0 0 0 0.5 0 0.5 0
0.5 0.5 0 0 0 0 0 0 -0.5 0 0.5 0
0.5 0.5 0 0 0 0 0 0 0.5 0 -0.5 0
0.5 0.5 0 0 0 0 0 0 -0.5 0 -0.5 0
0.5 -0.5 0 0 0 0 0 0 0.5 0 0.5 0
0.5 -0.5 0 0 0 0 0 0 -0.5 0 0.5 0
0.5 -0.5 0 0 0 0 0 0 0.5 0 -0.5 0
0.5 -0.5 0 0 0 0 0 0 -0.5 0 -0.5 0
-0.5 0.5 0 0 0 0 0 0 0.5 0 0.5 0
-0.5 0.5 0 0 0 0 0 0 -0.5 0 0.5 0
-0.5 0.5 0 0 0 0 0 0 0.5 0 -0.5 0
-0.5 0.5 0 0 0 0 0 0 -0.5 0 -0.5 0
-0.5 -0.5 0 0 0 0 0 0 0.5 0 0.5 0
-0.5 -0.5 0 0 0 0 0 0 -0.5 0 0.5 0
-0.5 -0.5 0 0 0 0 0 0 0.5 0 -0.5 0
-0.5 -0.5 0 0 0 0 0 0 -0.5 0 -0.5 0
0.5 0.5 0 0 0 0 0.5 0.5 0 0 0 0
0.5 0.5 0 0 0 0 0.5 -0.5 0 0 0 0
0.5 0.5 0 0 0 0 -0.5 0.5 0 0 0 0
0.5 0.5 0 0 0 0 -0.5 -0.5 0 0 0 0
0.5 -0.5 0 0 0 0 0.5 0.5 0 0 0 0
0.5 -0.5 0 0 0 0 0.5 -0.5 0 0 0 0
0.5 -0.5 0 0 0 0 -0.5 0.5 0 0 0 0
0.5 -0.5 0 0 0 0 -0.5 -0.5 0 0 0 0
-0.5 0.5 0 0 0 0 0.5 0.5 0 0 0 0
-0.5 0.5 0 0 0 0 0.5 -0.5 0 0 0 0
-0.5 0.5 0 0 0 0 -0.5 0.5 0 0 0 0
-0.5 0.5 0 0 0 0 -0.5 -0.5 0 0 0 0
-0.5 -0.5 0 0 0 0 0.5 0.5 0 0 0 0
-0.5 -0.5 0 0 0 0 0.5 -0.5 0 0 0 0
-0.5 -0.5 0 0 0 0 -0.5 0.5 0 0 0 0
-0.5 -0.5 0 0 0 0 -0.5 -0.5 0 0 0 0
0 0 0 0 0.5 0.5 0 0 0 0 0.5 0.5
0 0 0 0 0.5 0.5 0 0 0 0 0.5 -0.5
0 0 0 0 0.5 0.5 0 0 0 0 -0.5 0.5
0 0 0 0 0.5 0.5 0 0 0 0 -0.5 -0.5
0 0 0 0 0.5 -0.5 0 0 0 0 0.5 0.5
0 0 0 0 0.5 -0.5 0 0 0 0 0.5 -0.5
0 0 0 0 0.5 -0.5 0 0 0 0 -0.5 0.5
0 0 0 0 0.5 -0.5 0 0 0 0 -0.5 -0.5
0 0 0 0 -0.5 0.5 0 0 0 0 0.5 0.5
0 0 0 0 -0.5 0.5 0 0 0 0 0.5 -0.5
0 0 0 0 -0.5 0.5 0 0 0 0 -0.5 0.5
0 0 0 0 -0.5 0.5 0 0 0 0 -0.5 -0.5
0 0 0 0 -0.5 -0.5 0 0 0 0 0.5 0.5
0 0 0 0 -0.5 -0.5 0 0 0 0 0.5 -0.5
0 0 0 0 -0.5 -0.5 0 0 0 0 -0.5 0.5
0 0 0 0 -0.5 -0.5 0 0 0 0 -0.5 -0.5
0 0 0 0 0.5 0.5 0.5 0 0 0.5 0 0
0 0 0 0 0.5 0.5 0.5 0 0 -0.5 0 0
0 0 0 0 0.5 0.5 -0.5 0 0 0.5 0 0
0 0 0 0 0.5 0.5 -0.5 0 0 -0.5 0 0
0 0 0 0 0.5 -0.5 0.5 0 0 0.5 0 0
0 0 0 0 0.5 -0.5 0.5 0 0 -0.5 0 0
0 0 0 0 0.5 -0.5 -0.5 0 0 0.5 0 0
0 0 0 0 0.5 -0.5 -0.5 0 0 -0.5 0 0
0 0 0 0 -0.5 0.5 0.5 0 0 0.5 0 0
0 0 0 0 -0.5 0.5 0.5 0 0 -0.5 0 0
0 0 0 0 -0.5 0.5 -0.5 0 0 0.5 0 0
0 0 0 0 -0.5 0.5 -0.5 0 0 -0.5 0 0
0 0 0 0 -0.5 -0.5 0.5 0 0 0.5 0 0
0 0 0 0 -0.5 -0.5 0.5 0 0 -0.5 0 0
0 0 0 0 -0.5 -0.5 -0.5 0 0 0.5 0 0
0 0 0 0 -0.5 -0.5 -0.5 0 0 -0.5 0 0
0 0 0 0 0.5 0.5 0 0.5 0.5 0 0 0
0 0 0 0 0.5 0.5 0 0.5 -0.5 0 0 0
0 0 0 0 0.5 0.5 0 -0.5 0.5 0 0 0
0 0 0 0 0.5 0.5 0 -0.5 -0.5 0 0 0
0 0 0 0 0.5 -0.5 0 0.5 0.5 0 0 0
0 0 0 0 0.5 -0.5 0 0.5 -0.5 0 0 0
0 0 0 0 0.5 -0.5 0 -0.5 0.5 0 0 0
0 0 0 0 0.5 -0.5 0 -0.5 -0.5 0 0 0
0 0 0 0 -0.5 0.5 0 0.5 0.5 0 0 0
0 0 0 0 -0.5 0.5 0 0.5 -0.5 0 0 0
0 0 0 0 -0.5 0.5 0 -0.5 0.5 0 0 0
0 0 0 0 -0.5 0.5 0 -0.5 -0.5 0 0 0
0 0 0 0 -0.5 -0.5 0 0.5 0.5 0 0 0
0 0 0 0 -0.5 -0.5 0 0.5 -0.5 0 0 0
0 0 0 0 -0.5 -0.5 0 -0.5 0.5 0 0 0
0 0 0 0 -0.5 -0.5 0 -0.5 -0.5 0 0 0
0.5 0 0 0.5 0 0 0 0 0 0 0.5 0.5
0.5 0 0 0.5 0 0 0 0 0 0 0.5 -0.5
0.5 0 0 0.5 0 0 0 0 0 0 -0.5 0.5
0.5 0 0 0.5 0 0 0 0 0 0 -0.5 -0.5
0.5 0 0 -0.5 0 0 0 0 0 0 0.5 0.5
0.5 0 0 -0.5 0 0 0 0 0 0 0.5 -0.5
0.5 0 0 -0.5 0 0 0 0 0 0 -0.5 0.5
0.5 0 0 -0.5 0 0 0 0 0 0 -0.5 -0.5
-0.5 0 0 0.5 0 0 0 0 0 0 0.5 0.5
-0.5 0 0 0.5 0 0 0 0 0 0 0.5 -0.5
-0.5 0 0 0.5 0 0 0 0 0 0 -0.5 0.5
-0.5 0 0 0.5 0 0 0 0 0 0 -0.5 -0.5
-0.5 0 0 -0.5 0 0 0 0 0 0 0.5 0.5
-0.5 0 0 -0.5 0 0 0 0 0 0 0.5 -0.5
-0.5 0 0 -0.5 0 0 0 0 0 0 -0.5 0.5
-0.5 0 0 -0.5 0 0 0 0 0 0 -0.5 -0.5
0.5 0 0 0.5 0 0 0.5 0 0 0.5 0 0
0.5 0 0 0.5 0 0 0.5 0 0 -0.5 0 0
0.5 0 0 0.5 0 0 -0.5 0 0 0.5 0 0
0.5 0 0 0.5 0 0 -0.5 0 0 -0.5 0 0
0.5 0 0 -0.5 0 0 0.5 0 0 0.5 0 0
0.5 0 0 -0.5 0 0 0.5 0 0 -0.5 0 0
0.5 0 0 -0.5 0 0 -0.5 0 0 0.5 0 0
0.5 0 0 -0.5 0 0 -0.5 0 0 -0.5 0 0
-0.5 0 0 0.5 0 0 0.5 0 0 0.5 0 0
-0.5 0 0 0.5 0 0 0.5 0 0 -0.5 0 0
-0.5 0 0 0.5 0 0 -0.5 0 0 0.5 0 0
-0.5 0 0 0.5 0 0 -0.5 0 0 -0.5 0 0
-0.5 0 0 -0.5 0 0 0.5 0 0 0.5 0 0
-0.5 0 0 -0.5 0 0 0.5 0 0 -0.5 0 0
-0.5 0 0 -0.5 0 0 -0.5 0 0 0.5 0 0
-0.5 0 0 -0.5 0 0 -0.5 0 0 -0.5 0 0
0.5 0 0 0.5 0 0 0 0.5 0.5 0 0 0
0.5 0 0 0.5 0 0 0 0.5 -0.5 0 0 0
0.5 0 0 0.5 0 0 0 -0.5 0.5 0 0 0
0.5 0 0 0.5 0 0 0 -0.5 -0.5 0 0 0
0.5 0 0 -0.5 0 0 0 0.5 0.5 0 0 0
0.5 0 0 -0.5 0 0 0 0.5 -0.5 0 0 0
0.5 0 0 -0.5 0 0 0 -0.5 0.5 0 0 0
0.5 0 0 -0.5 0 0 0 -0.5 -0.5 0 0 0
-0.5 0 0 0.5 0 0 0 0.5 0.5 0 0 0
-0.5 0 0 0.5 0 0 0 0.5 -0.5 0 0 0
-0.5 0 0 0.5 0 0 0 -0.5 0.5 0 0 0
-0.5 0 0 0.5 0 0 0 -0.5 -0.5 0 0 0
-0.5 0 0 -0.5 0 0 0 0.5 0.5 0 0 0
-0.5 0 0 -0.5 0 0 0 0.5 -0.5 0 0 0
-0.5 0 0 -0.5 0 0 0 -0.5 0.5 0 0 0
-0.5 0 0 -0.5 0 0 0 -0.5 -0.5 0 0 0
0 0.5 0.5 0 0 0 0 0 0 0 0.5 0.5
0 0.5 0.5 0 0 0 0 0 0 0 0.5 -0.5
0 0.5 0.5 0 0 0 0 0 0 0 -0.5 0.5
0 0.5 0.5 0 0 0 0 0 0 0 -0.5 -0.5
0 0.5 -0.5 0 0 0 0 0 0 0 0.5 0.5
0 0.5 -0.5 0 0 0 0 0 0 0 0.5 -0.5
0 0.5 -0.5 0 0 0 0 0 0 0 -0.5 0.5
0 0.5 -0.5 0 0 0 0 0 0 0 -0.5 -0.5
0 -0.5 0.5 0 0 0 0 0 0 0 0.5 0.5
0 -0.5 0.5 0 0 0 0 0 0 0 0.5 -0.5
0 -0.5 0.5 0 0 0 0 0 0 0 -0.5 0.5
0 -0.5 0.5 0 0 0 0 0 0 0 -0.5 -0.5
0 -0.5 -0.5 0 0 0 0 0 0 0 0.5 0.5
0 -0.5 -0.5 0 0 0 0 0 0 0 0.5 -0.5
0 -0.5 -0.5 0 0 0 0 0 0 0 -0.5 0.5
0 -0.5 -0.5 0 0 0 0 0 0 0 -0.5 -0.5
0 0.5 0.5 0 0 0 0.5 0 0 0.5 0 0
0 0.5 0.5 0 0 0 0.5 0 0 -0.5 0 0
0 0.5 0.5 0 0 0 -0.5 0 0 0.5 0 0
0 0.5 0.5 0 0 0 -0.5 0 0 -0.5 0 0
0 0.5 -0.5 0 0 0 0.5 0 0 0.5 0 0
0 0.5 -0.5 0 0 0 0.5 0 0 -0.5 0 0
0 0.5 -0.5 0 0 0 -0.5 0 0 0.5 0 0
0 0.5 -0.5 0 0 0 -0.5 0 0 -0.5 0 0
0 -0.5 0.5 0 0 0 0.5 0 0 0.5 0 0
0 -0.5 0.5 0 0 0 0.5 0 0 -0.5 0 0
0 -0.5 0.5 0 0 0 -0.5 0 0 0.5 0 0
0 -0.5 0.5 0 0 0 -0.5 0 0 -0.5 0 0
0 -0.5 -0.5 0 0 0 0.5 0 0 0.5 0 0
0 -0.5 -0.5 0 0 0 0.5 0 0 -0.5 0 0
0 -0.5 -0.5 0 0 0 -0.5 0 0 0.5 0 0
0 -0.5 -0.5 0 0 0 -0.5 0 0 -0.5 0 0
0 0.5 0.5 0 0 0 0 0.5 0.5 0 0 0
0 0.5 0.5 0 0 0 0 0.5 -0.5 0 0 0
0 0.5 0.5 0 0 0 0 -0.5 0.5 0 0 0
0 0.5 0.5 0 0 0 0 -0.5 -0.5 0 0 0
0 0.5 -0.5 0 0 0 0 0.5 0.5 0 0 0
0 0.5 -0.5 0 0 0 0 0.5 -0.5 0 0 0
0 0.5 -0.5 0 0 0 0 -0.5 0.5 0 0 0
0 0.5 -0.5 0 0 0 0 -0.5 -0.5 0 0 0
0 -0.5 0.5 0 0 0 0 0.5 0.5 0 0 0
0 -0.5 0.5 0 0 0 0 0.5 -0.5 0 0 0
0 -0.5 0.5 0 0 0 0 -0.5 0.5 0 0 0
0 -0.5 0.5 0 0 0 0 -0.5 -0.5 0 0 0
0 -0.5 -0.5 0 0 0 0 0.5 0.5 0 0 0
0 -0.5 -0.5 0 0 0 0 0.5 -0.5 0 0 0
0 -0.5 -0.5 0 0 0 0 -0.5 0.5 0 0 0
0 -0.5 -0.5 0 0 0 0 -0.5 -0.5 0 0 0
0.31048168488236688 -0.13879790206637507 0.21780397293701631 0.26870518189192266 0.48393939302668926 0.72835285693736351 0 0 0 0 0 0
0.00039192066417494413 0.30347777848011814 -0.10068406141166532 -0.39798018457990109 -0.40534456821332215 0.75833459491593869 0 0 0 0 0 0
0.055661219060878481 -0.26546989825430589 0.11221081986449992 0.30985165391957181 0.72520426971385954 0.54028419694725072 0 0 0 0 0 0
0.33422462827705546 -0.22682520729168043 0.13243696243969127 0.060041188440854334 -0.54010616233052211 0.72386812560928793 0 0 0 0 0 0
0.49637113312793446 0.4999346855296094 0.2858677337051555 0.41995357177319076 0.42556406088616944 -0.25395841168386518 0 0 0 0 0 0
0.228021797436464 0.57227276279441097 0.35474063655111637 0.022134113277827886 -0.37110013552832266 -0.59704589109805417 0 0 0 0 0 0
0.16714675745437427 -0.059669260022184104 -0.09582013904643652 -0.087281104321728545 -0.12038095815012624 -0.96809631523792739 0 0 0 0 0 0
0.27140333927636978 -0.84566164944830191 -0.29906563702245931 0.1673050580719897 0.059605023506835664 -0.30035413356676349 0 0 0 0 0 0
-0.52375450363425202 0.47068322829920861 0.35973569680730072 -0.42063631036559762 0.15538984633595004 0.41671073542800091 0 0 0 0 0 0
-0.2880396159197271 0.26156631692741739 -0.085152482307714994 0.3517797394957905 -0.43054224721742329 0.72955444245643597 0 0 0 0 0 0
-0.29994193160199228 -0.27540693275120104 -0.083349280805974382 -0.36948466891698772 0.63518379218055976 0.53596770988091758 0 0 0 0 0 0
-0.45178313498695538 -0.29152397639314154 0.20389526643991152 -0.21203509494998898 -0.51621475647615245 0.59824404230924255 0 0 0 0 0 0
-0.34836249653706536 0.41868579106062986 -0.20061433317678401 0.39119281380927584 0.4292789346474134 -0.5707779317619025 0 0 0 0 0 0
-0.15865814802878675 0.74712091009150272 0.2901921942468853 -0.43432844300710138 -0.30025082419141647 -0.23159161110390145 0 0 0 0 0 0
-0.83122729016850883 -0.21024291449547988 -0.33891399923875659 -0.14801247604491094 0.30951007595843183 0.17970038931181165 0 0 0 0 0 0
-0.78917141138905655 -0.10890708787749288 -0.1278464339506229 0.27917842230379181 -0.29377587087327506 -0.42983504416807616 0 0 0 0 0 0
-0.13264515539584401 0.13572518119938054 0.35147079031247691 0.31279966762804651 -0.20088510192629888 0.83800582650204458 0 0 0 0 0 0
0.25938072743118912 -0.3750559434504141 0.47624784063328063 -0.61542512339304511 -0.10181660513528448 0.41967602770149354 0 0 0 0 0 0
-0.0092026079655960213 -0.13523699368386735 -0.64828775225605573 0.52646052436329716 0.28566061745105037 0.45009619610187651 0 0 0 0 0 0
0.067763881965620762 0.0047657189627177566 -0.63759566305669113 -0.3347180413290704 -0.35832561934379537 0.59027425660088928 0 0 0 0 0 0
0.48415626000175327 -0.062806797933695729 0.62887967103526965 0.26148967869507511 -0.44091794162200265 -0.32151655958094005 0 0 0 0 0 0
0.25034010995281164 -0.30757560414177149 0.20950104890263629 -0.43997121946430023 -0.57232310826978228 -0.52698005026551553 0 0 0 0 0 0
0.55082307728868007 -0.10263994346285096 -0.6846383647184755 -0.070688608428210606 -0.45188830944192232 -0.090162994160507964 0 0 0 0 0 0
-0.035349493972151501 0.26396168372583095 -0.51701026283665252 -0.49028772840042295 -0.093945628496209035 -0.64231393662952552 0 0 0 0 0 0
-0.36708752558988633 0.083813210174907407 0.3457025912416955 0.56136523691799423 -0.21538623055600914 0.61415767945384048 0 0 0 0 0 0
-0.23449227402604605 0.52758275302250091 0.0024723956951358097 -0.80240074762216584 0.019478166912008803 0.14979098979563665 0 0 0 0 0 0
-0.53276596820603384 0.24064101066279087 0.047405816537582406 0.1895012764657231 -0.23218214970728496 0.75245314222365256 0 0 0 0 0 0
-0.44912236120284516 0.15054275400168765 -0.56706221228087217 -0.17243509053424513 0.093058155753296179 0.64472688053821181 0 0 0 0 0 0
0.074231671461243515 0.19340792547700164 0.58855821869400615 0.27986517036081637 0.21342870617078477 -0.69771479153280613 0 0 0 0 0 0
-0.39303151857788837 0.38718703250382169 0.0054816580536749156 -0.1026283910464665 0.30520097572013649 -0.76935177679713995 0 0 0 0 0 0
0.2508574949819159 0.054973481126329451 -0.45936318155666861 0.69561720917038228 0.43029006874307901 -0.23238127304383027 0 0 0 0 0 0
-0.28160567974538608 0.27260427106525342 -0.8416611138786223 -0.3103702584602141 0.067029062717738758 -0.19279297012920077 0 0 0 0 0 0
0.12555689603892792 0.17621181206406575 0.51773912244450859 0.71266344617871713 0.4178400669703744 0.051493253455439439 0 0 0 0 0 0
-0.12505897970105015 0.60856553336999319 0.39292094329242033 -0.62914650451799192 0.03828513353743649 0.24966036913221853 0 0 0 0 0 0
0.08129459053576378 0.090143451711841835 -0.57900387841756118 0.30632016843255061 0.74396108721684018 -0.052054889867432307 0 0 0 0 0 0
0.26421356774094573 0.12382617950770848 -0.67443845228146793 -0.45154425205930249 0.49922504605737883 -0.08290466691035428 0 0 0 0 0 0
-0.42827886149794792 0.44065025516804229 0.64246938937501197 0.089564610123236035 -0.34742369410134499 0.284451420317965 0 0 0 0 0 0
0.46576741632359153 0.60461170252410279 0.46455972240967763 -0.035416814062037276 -0.42790499335245474 0.13165345921215235 0 0 0 0 0 0
0.00027666634630262791 -0.027071853190042308 -0.95177601826089442 0.25631259580107046 -0.15012561357079882 0.071802525496915459 0 0 0 0 0 0
-0.20277233273122464 0.067977482806141507 -0.66053577804234598 -0.56024061474994213 -0.38295716745874198 0.23964388227671218 0 0 0 0 0 0
-0.26195234048583188 -0.50238167030059355 0.14581381211288619 0.24650345843557245 0.7158188346043115 -0.29081162607797501 0 0 0 0 0 0
-0.31300205923039054 -0.20852640157639046 0.56195225751842759 -0.56819070489471402 0.35529305605195127 0.30607560867470796 0 0 0 0 0 0
0.46743745034600959 -0.53330312600566632 -0.44381763470015939 0.1266604928403044 0.52608903747242897 -0.085459681374005989 0 0 0 0 0 0
-0.10674762593309947 -0.63479849672933786 -0.52105216037270852 -0.32294421520301247 0.34019930500232265 -0.30677667092137273 0 0 0 0 0 0
-0.48841583249910553 -0.58547619381646021 0.22862646753987265 0.47152072901123737 -0.2723334889468314 0.26438648280385552 0 0 0 0 0 0
-0.1440644935995139 -0.47851413380300534 0.31949799688546932 -0.56639727182524968 -0.45815641195814877 0.34274992060013237 0 0 0 0 0 0
-0.38254330632317302 -0.35372524932427563 -0.39950149163513365 0.10087006257108544 -0.72042020772505244 -0.19939302830694691 0 0 0 0 0 0
-0.06170378463536004 -0.30430700057805343 -0.54114237872168269 -0.53133568719686974 -0.57154498994677827 0.042113303005912039 0 0 0 0 0 0
0 0 0 0 0 0 0.45975229488617936 0.48488632787098851 -0.20790930918597356 0.18883806083077395 0.59294780060513963 0.35077042076505194
0 0 0 0 0 0 0.51616633427935321 0.73690597628751531 0.13290947981874265 0.0602625513891396 -0.30058997826064143 0.28087551960256113
0 0 0 0 0 0 0.73662343338121428 -0.30719823377159128 -0.054108823589446971 -0.2801778525443781 0.41038407015452988 0.33641147970614121
0 0 0 0 0 0 0.070393781374262956 -0.38274664146994841 -0.010269107691230543 0.12883277923155745 -0.81409891289719438 0.41120474757669345
0 0 0 0 0 0 0.086274754153918762 0.16268145559622435 -0.68815557941838101 -0.23988333432227027 0.65745377671905103 -0.052381549312834272
0 0 0 0 0 0 0.67116572368563476 -0.25781795500919868 0.061965813905361794 0.033229517851272559 -0.34191145207836821 -0.60101503260109268
0 0 0 0 0 0 0.52932150584852644 0.062822164221686863 -0.16360257376896539 0.023221808229246667 0.012031674091269307 -0.82971218107609301
0 0 0 0 0 0 0.61791300231011115 -0.53452383951334015 -0.15681634826420349 -0.10608961084816076 -0.40008544106778393 -0.36953085635814537
0 0 0 0 0 0 -0.19292986835104237 -0.0081524977539301127 0.66727052047668278 0.13413195715943119 0.26138280357761928 0.65661960315214662
0 0 0 0 0 0 -0.64973897712657647 0.35453488059973326 0.26937838210714538 0.3344858097031268 -0.50897581866993136 0.092964651403081494
0 0 0 0 0 0 -0.6195658657022709 -0.67919912121749093 0.16437200678820083 0.24986757336757109 0.11754308857078904 0.22706464561231146
0 0 0 0 0 0 -0.48803341466329142 -0.1449475256299875 -0.19657976184145856 0.13229073761933283 -0.79153280092350531 0.24113271039514894
0 0 0 0 0 0 -0.4833921571102755 -0.0062220781359217459 0.63103229852041653 0.4359761877793753 0.17327639481449422 -0.38469676512993928
0 0 0 0 0 0 -0.44374896517979429 0.13225984327709067 -0.23141916703385915 -0.038049400851319665 -0.20802480553192565 -0.82904600732757661
0 0 0 0 0 0 -0.33796276324524688 -0.19935686325544147 0.063165575188364811 0.06819854131898416 0.65867754987716975 -0.6352487434804438
0 0 0 0 0 0 -0.67733088287687682 -0.21822945615877817 -0.46483669797999605 -0.1790505103312314 -0.4884056426550345 -0.083225397264158257
0 0 0 0 0 0 0.53687740499073155 -0.11240189308536754 0.36133701880541746 0.491103459377976 -0.12148996014662476 0.55912575244985196
0 0 0 0 0 0 0.3269994031599831 -0.51565170997902676 0.35131066514747938 -0.47720198291114324 -0.43412416421371341 0.29592228444943774
0 0 0 0 0 0 0.47173249945040918 -0.20727248064403439 -0.7696679761552544 0.31274277500551789 0.019882468699069338 0.20955767304322551
0 0 0 0 0 0 0.11782916750794643 -0.4218986399912491 -0.87134572796897725 -0.11152448775677827 0.022376433066417987 0.18956801175816571
0 0 0 0 0 0 0.51824499994993189 -0.34641454836439589 0.48226647245492887 0.48743519118460765 0.16193598835252554 -0.3391486404592855
0 0 0 0 0 0 0.34244154417901357 -0.078179809053305793 0.81256635151000989 -0.39141061470169886 -0.083929192957708107 -0.23687813731684537
0 0 0 0 0 0 0.45015021602920496 -0.36537370301344479 -0.76367492042453677 0.17432492844621086 0.037411732522287876 -0.22108513668174248
0 0 0 0 0 0 0.11118415666837569 -0.10704666385317806 -0.98099343010789741 -0.10073626191474568 0.027071997324414277 -0.054316642433967124
0 0 0 0 0 0 -0.13310931909338655 -0.36356256855333791 0.61119587240353923 0.58757703702385611 0.20877418456630473 0.29615931336902385
0 0 0 0 0 0 -0.39107535510815666 0.18911014410445098 0.51391949257346237 -0.44392813180438651 -0.19345220362114754 0.5591853305333101
0 0 0 0 0 0 -0.30996434810019519 0.052692596985554882 -0.40262354323293603 0.35438101070853528 -0.45685339483174947 0.63619097010583026
0 0 0 0 0 0 -0.35269461370488758 0.27004135909957061 -0.46356652259690451 -0.23946779192133275 0.30497753178284032 0.66138803641024402
0 0 0 0 0 0 -0.65904472429494287 -0.13405448494311345 0.4533476089718268 0.4155004171520324 0.31603592984762507 -0.26390544950228101
0 0 0 0 0 0 -0.49583950164676988 0.18050054549752501 0.58160177500331511 -0.040844034345425002 -0.22526257323285154 -0.57523095792357704
0 0 0 0 0 0 -0.27623135152142042 -0.092351219961551517 -0.36742955696599033 0.32462205573879482 0.38458050925653681 -0.72586594223998435
0 0 0 0 0 0 -0.34767868845866001 -0.41854544106157715 -0.37915932028008392 -0.28974129097770979 -0.28255399024016942 -0.62959564809876878
0 0 0 0 0 0 -0.10603558008411286 0.5547594903305616 0.56285482651578411 0.063485294558223021 0.59491335993976324 0.078996958500470615
0 0 0 0 0 0 0.43370662958534989 0.18585040991547447 0.40481641991485945 -0.4134502221101759 0.59663084523322851 0.29423187983053761
0 0 0 0 0 0 0.2534347999048821 0.36687984497893955 -0.68745403210083578 0.029472891293838475 0.56588470167911498 -0.086503111955730766
0 0 0 0 0 0 0.066395813986758839 0.13241542979678031 -0.48914205230674268 -0.52913789246780651 0.64658220240244257 -0.2018473403170131
0 0 0 0 0 0 0.31555451160413989 0.39942383644622553 0.47379462410730455 0.42985535132326597 -0.5094591379297615 0.26847787054147632
0 0 0 0 0 0 -0.095245061163934511 0.16292261212720666 0.39919704830530062 -0.80653147070260611 -0.38254023343213889 -0.090533275528048546
0 0 0 0 0 0 0.032721911225341557 -0.072508709316724484 -0.44014442745539295 0.62431954767384445 -0.63047875279608157 -0.11254461890277859
0 0 0 0 0 0 -0.22232712713189628 0.093763764785799467 -0.011478707926135119 -0.78632388582225032 -0.076522303499247366 -0.56345925129629648
0 0 0 0 0 0 -0.39583613626793412 -0.36822936193875444 0.28293458302167601 0.74852124312517154 0.25875051961206769 -0.020809352508778273
0 0 0 0 0 0 -0.060154432725627954 -0.7738495507566544 0.28288569369139505 -0.47752088824404909 0.27558711177551043 0.11635955670148863
0 0 0 0 0 0 -0.061744944591440289 -0.57044475387480076 -0.59752422943762129 0.40751682493755131 0.063527708100355962 -0.3789978991042402
0 0 0 0 0 0 -0.15490119016325321 -0.46671005698674317 -0.44522400261969919 -0.19343685237228103 0.65977383457119387 -0.29537028090899747
0 0 0 0 0 0 0.47590187477312901 -0.11538814804822489 0.44452823071461378 0.27977728828568948 -0.65055390030830651 -0.24718803516415094
0 0 0 0 0 0 0.045534858037981227 -0.48164097967348618 0.47987697879255126 -0.43603219533473264 -0.58503620192040373 -0.057229325539280632
0 0 0 0 0 0 0.02604840809556612 -0.51468725964486595 -0.41010673104044565 0.46992989258684875 -0.58655118321295541 -0.036804617577956743
0 0 0 0 0 0 0.028269330939361396 -0.72386241387643802 -0.049918862725348213 -0.53567697402134418 -0.34153357437270926 -0.26293945106994138
