1 0 0 0 0 0 0 0 0 0 0
-1 0 0 0 0 0 0 0 0 0 0
0 1 0 0 0 0 0 0 0 0 0
0 -1 0 0 0 0 0 0 0 0 0
0 0 1 0 0 0 0 0 0 0 0
0 0 -1 0 0 0 0 0 0 0 0
0 0 0 1 0 0 0 0 0 0 0
0 0 0 -1 0 0 0 0 0 0 0
0 0 0 0 1 0 0 0 0 0 0
0 0 0 0 -1 0 0 0 0 0 0
0 0 0 0 0 1 0 0 0 0 0
0 0 0 0 0 -1 0 0 0 0 0
0 0 0 0 0 0 1 0 0 0 0
0 0 0 0 0 0 -1 0 0 0 0
0 0 0 0 0 0 0 1 0 0 0
0 0 0 0 0 0 0 -1 0 0 0
0.5 0.5 0.5 0.5 0 0 0 0 0 0 0
0.5 0.5 0.5 -0.5 0 0 0 0 0 0 0
0.5 0.5 -0.5 0.5 0 0 0 0 0 0 0
0.5 0.5 -0.5 -0.5 0 0 0 0 0 0 0
0.5 -0.5 0.5 0.5 0 0 0 0 0 0 0
0.5 -0.5 0.5 -0.5 0 0 0 0 0 0 0
0.5 -0.5 -0.5 0.5 0 0 0 0 0 0 0
0.5 -0.5 -0.5 -0.5 0 0 0 0 0 0 0
-0.5 0.5 0.5 0.5 0 0 0 0 0 0 0
-0.5 0.5 0.5 -0.5 0 0 0 0 0 0 0
-0.5 0.5 -0.5 0.5 0 0 0 0 0 0 0
-0.5 0.5 -0.5 -0.5 0 0 0 0 0 0 0
-0.5 -0.5 0.5 0.5 0 0 0 0 0 0 0
-0.5 -0.5 0.5 -0.5 0 0 0 0 0 0 0
-0.5 -0.5 -0.5 0.5 0 0 0 0 0 0 0
-0.5 -0.5 -0.5 -0.5 0 0 0 0 0 0 0
0.5 0.5 0 0 0.5 0.5 0 0 0 0 0
0.5 0.5 0 0 0.5 -0.5 0 0 0 0 0
0.5 0.5 0 0 -0.5 0.5 0 0 0 0 0
0.5 0.5 0 0 -0.5 -0.5 0 0 0 0 0
0.5 -0.5 0 0 0.5 0.5 0 0 0 0 0
0.5 -0.5 0 0 0.5 -0.5 0 0 0 0 0
0.5 -0.5 0 0 -0.5 0.5 0 0 0 0 0
0.5 -0.5 0 0 -0.5 -0.5 0 0 0 0 0
-0.5 0.5 0 0 0.5 0.5 0 0 0 0 0
-0.5 0.5 0 0 0.5 -0.5 0 0 0 0 0
-0.5 0.5 0 0 -0.5 0.5 0 0 0 0 0
-0.5 0.5 0 0 -0.5 -0.5 0 0 0 0 0
-0.5 -0.5 0 0 0.5 0.5 0 0 0 0 0
-0.5 -0.5 0 0 0.5 -0.5 0 0 0 0 0
-0.5 -0.5 0 0 -0.5 0.5 0 0 0 0 0
-0.5 -0.5 0 0 -0.5 -0.5 0 0 0 0 0
0.5 0.5 0 0 0 0 0.5 0.5 0 0 0
0.5 0.5 0 0 0 0 0.5 -0.5 0 0 0
0.5 0.5 0 0 0 0 -0.5 0.5 0 0 0
0.5 0.5 0 0 0 0 -0.5 -0.5 0 0 0
0.5 -0.5 0 0 0 0 0.5 0.5 0 0 0
0.5 -0.5 0 0 0 0 0.5 -0.5 0 0 0
0.5 -0.5 0 0 0 0 -0.5 0.5 0 0 0
0.5 -0.5 0 0 0 0 -0.5 -0.5 0 0 0
-0.5 0.5 0 0 0 0 0.5 0.5 0 0 0
-0.5 0.5 0 0 0 0 0.5 -0.5 0 0 0
-0.5 0.5 0 0 0 0 -0.5 0.5 0 0 0
-0.5 0.5 0 0 0 0 -0.5 -0.5 0 0 0
-0.5 -0.5 0 0 0 0 0.5 0.5 0 0 0
-0.5 -0.5 0 0 0 0 0.5 -0.5 0 0 0
-0.5 -0.5 0 0 0 0 -0.5 0.5 0 0 0
-0.5 -0.5 0 0 0 0 -0.5 -0.5 0 0 0
0 0 0.5 0.5 0.5 0.5 0 0 0 0 0
0 0 0.5 0.5 0.5 -0.5 0 0 0 0 0
0 0 0.5 0.5 -0.5 0.5 0 0 0 0 0
0 0 0.5 0.5 -0.5 -0.5 0 0 0 0 0
0 0 0.5 -0.5 0.5 0.5 0 0 0 0 0
0 0 0.5 -0.5 0.5 -0.5 0 0 0 0 0
0 0 0.5 -0.5 -0.5 0.5 0 0 0 0 0
0 0 0.5 -0.5 -0.5 -0.5 0 0 0 0 0
0 0 -0.5 0.5 0.5 0.5 0 0 0 0 0
0 0 -0.5 0.5 0.5 -0.5 0 0 0 0 0
0 0 -0.5 0.5 -0.5 0.5 0 0 0 0 0
0 0 -0.5 0.5 -0.5 -0.5 0 0 0 0 0
0 0 -0.5 -0.5 0.5 0.5 0 0 0 0 0
0 0 -0.5 -0.5 0.5 -0.5 0 0 0 0 0
0 0 -0.5 -0.5 -0.5 0.5 0 0 0 0 0
0 0 -0.5 -0.5 -0.5 -0.5 0 0 0 0 0
0 0 0.5 0.5 0 0 0.5 0.5 0 0 0
0 0 0.5 0.5 0 0 0.5 -0.5 0 0 0
0 0 0.5 0.5 0 0 -0.5 0.5 0 0 0
0 0 0.5 0.5 0 0 -0.5 -0.5 0 0 0
0 0 0.5 -0.5 0 0 0.5 0.5 0 0 0
0 0 0.5 -0.5 0 0 0.5 -0.5 0 0 0
0 0 0.5 -0.5 0 0 -0.5 0.5 0 0 0
0 0 0.5 -0.5 0 0 -0.5 -0.5 0 0 0
0 0 -0.5 0.5 0 0 0.5 0.5 0 0 0
0 0 -0.5 0.5 0 0 0.5 -0.5 0 0 0
0 0 -0.5 0.5 0 0 -0.5 0.5 0 0 0
0 0 -0.5 0.5 0 0 -0.5 -0.5 0 0 0
0 0 -0.5 -0.5 0 0 0.5 0.5 0 0 0
0 0 -0.5 -0.5 0 0 0.5 -0.5 0 0 0
0 0 -0.5 -0.5 0 0 -0.5 0.5 0 0 0
0 0 -0.5 -0.5 0 0 -0.5 -0.5 0 0 0
0 0 0 0 0.5 0.5 0.5 0.5 0 0 0
0 0 0 0 0.5 0.5 0.5 -0.5 0 0 0
0 0 0 0 0.5 0.5 -0.5 0.5 0 0 0
0 0 0 0 0.5 0.5 -0.5 -0.5 0 0 0
0 0 0 0 0.5 -0.5 0.5 0.5 0 0 0
0 0 0 0 0.5 -0.5 0.5 -0.5 0 0 0
0 0 0 0 0.5 -0.5 -0.5 0.5 0 0 0
0 0 0 0 0.5 -0.5 -0.5 -0.5 0 0 0
0 0 0 0 -0.5 0.5 0.5 0.5 0 0 0
0 0 0 0 -0.5 0.5 0.5 -0.5 0 0 0
0 0 0 0 -0.5 0.5 -0.5 0.5 0 0 0
0 0 0 0 -0.5 0.5 -0.5 -0.5 0 0 0
0 0 0 0 -0.5 -0.5 0.5 0.5 0 0 0
0 0 0 0 -0.5 -0.5 0.5 -0.5 0 0 0
0 0 0 0 -0.5 -0.5 -0.5 0.5 0 0 0
0 0 0 0 -0.5 -0.5 -0.5 -0.5 0 0 0
0.5 0 0.5 0 0.5 0 0 0 0.5 0 0
0.5 0 0.5 0 0.5 0 0 0 -0.5 0 0
0.5 0 0.5 0 -0.5 0 0 0 0.5 0 0
0.5 0 0.5 0 -0.5 0 0 0 -0.5 0 0
0.5 0 -0.5 0 0.5 0 0 0 0.5 0 0
0.5 0 -0.5 0 0.5 0 0 0 -0.5 0 0
0.5 0 -0.5 0 -0.5 0 0 0 0.5 0 0
0.5 0 -0.5 0 -0.5 0 0 0 -0.5 0 0
-0.5 0 0.5 0 0.5 0 0 0 0.5 0 0
-0.5 0 0.5 0 0.5 0 0 0 -0.5 0 0
-0.5 0 0.5 0 -0.5 0 0 0 0.5 0 0
-0.5 0 0.5 0 -0.5 0 0 0 -0.5 0 0
-0.5 0 -0.5 0 0.5 0 0 0 0.5 0 0
-0.5 0 -0.5 0 0.5 0 0 0 -0.5 0 0
-0.5 0 -0.5 0 -0.5 0 0 0 0.5 0 0
-0.5 0 -0.5 0 -0.5 0 0 0 -0.5 0 0
0.5 0 0 0.5 0 0 0.5 0 0.5 0 0
0.5 0 0 0.5 0 0 0.5 0 -0.5 0 0
0.5 0 0 0.5 0 0 -0.5 0 0.5 0 0
0.5 0 0 0.5 0 0 -0.5 0 -0.5 0 0
0.5 0 0 -0.5 0 0 0.5 0 0.5 0 0
0.5 0 0 -0.5 0 0 0.5 0 -0.5 0 0
0.5 0 0 -0.5 0 0 -0.5 0 0.5 0 0
0.5 0 0 -0.5 0 0 -0.5 0 -0.5 0 0
-0.5 0 0 0.5 0 0 0.5 0 0.5 0 0
-0.5 0 0 0.5 0 0 0.5 0 -0.5 0 0
-0.5 0 0 0.5 0 0 -0.5 0 0.5 0 0
-0.5 0 0 0.5 0 0 -0.5 0 -0.5 0 0
-0.5 0 0 -0.5 0 0 0.5 0 0.5 0 0
-0.5 0 0 -0.5 0 0 0.5 0 -0.5 0 0
-0.5 0 0 -0.5 0 0 -0.5 0 0.5 0 0
-0.5 0 0 -0.5 0 0 -0.5 0 -0.5 0 0
0.5 0 0 0 0 0.5 0 0.5 0.5 0 0
0.5 0 0 0 0 0.5 0 0.5 -0.5 0 0
0.5 0 0 0 0 0.5 0 -0.5 0.5 0 0
0.5 0 0 0 0 0.5 0 -0.5 -0.5 0 0
0.5 0 0 0 0 -0.5 0 0.5 0.5 0 0
0.5 0 0 0 0 -0.5 0 0.5 -0.5 0 0
0.5 0 0 0 0 -0.5 0 -0.5 0.5 0 0
0.5 0 0 0 0 -0.5 0 -0.5 -0.5 0 0
-0.5 0 0 0 0 0.5 0 0.5 0.5 0 0
-0.5 0 0 0 0 0.5 0 0.5 -0.5 0 0
-0.5 0 0 0 0 0.5 0 -0.5 0.5 0 0
-0.5 0 0 0 0 0.5 0 -0.5 -0.5 0 0
-0.5 0 0 0 0 -0.5 0 0.5 0.5 0 0
-0.5 0 0 0 0 -0.5 0 0.5 -0.5 0 0
-0.5 0 0 0 0 -0.5 0 -0.5 0.5 0 0
-0.5 0 0 0 0 -0.5 0 -0.5 -0.5 0 0
0 0.5 0.5 0 0 0 0 0.5 0.5 0 0
0 0.5 0.5 0 0 0 0 0.5 -0.5 0 0
0 0.5 0.5 0 0 0 0 -0.5 0.5 0 0
0 0.5 0.5 0 0 0 0 -0.5 -0.5 0 0
0 0.5 -0.5 0 0 0 0 0.5 0.5 0 0
0 0.5 -0.5 0 0 0 0 0.5 -0.5 0 0
0 0.5 -0.5 0 0 0 0 -0.5 0.5 0 0
0 0.5 -0.5 0 0 0 0 -0.5 -0.5 0 0
0 -0.5 0.5 0 0 0 0 0.5 0.5 0 0
0 -0.5 0.5 0 0 0 0 0.5 -0.5 0 0
0 -0.5 0.5 0 0 0 0 -0.5 0.5 0 0
0 -0.5 0.5 0 0 0 0 -0.5 -0.5 0 0
0 -0.5 -0.5 0 0 0 0 0.5 0.5 0 0
0 -0.5 -0.5 0 0 0 0 0.5 -0.5 0 0
0 -0.5 -0.5 0 0 0 0 -0.5 0.5 0 0
0 -0.5 -0.5 0 0 0 0 -0.5 -0.5 0 0
0 0.5 0 0.5 0 0.5 0 0 0.5 0 0
0 0.5 0 0.5 0 0.5 0 0 -0.5 0 0
0 0.5 0 0.5 0 -0.5 0 0 0.5 0 0
0 0.5 0 0.5 0 -0.5 0 0 -0.5 0 0
0 0.5 0 -0.5 0 0.5 0 0 0.5 0 0
0 0.5 0 -0.5 0 0.5 0 0 -0.5 0 0
0 0.5 0 -0.5 0 -0.5 0 0 0.5 0 0
0 0.5 0 -0.5 0 -0.5 0 0 -0.5 0 0
0 -0.5 0 0.5 0 0.5 0 0 0.5 0 0
0 -0.5 0 0.5 0 0.5 0 0 -0.5 0 0
0 -0.5 0 0.5 0 -0.5 0 0 0.5 0 0
0 -0.5 0 0.5 0 -0.5 0 0 -0.5 0 0
0 -0.5 0 -0.5 0 0.5 0 0 0.5 0 0
0 -0.5 0 -0.5 0 0.5 0 0 -0.5 0 0
0 -0.5 0 -0.5 0 -0.5 0 0 0.5 0 0
0 -0.5 0 -0.5 0 -0.5 0 0 -0.5 0 0
0 0.5 0 0 0.5 0 0.5 0 0.5 0 0
0 0.5 0 0 0.5 0 0.5 0 -0.5 0 0
0 0.5 0 0 0.5 0 -0.5 0 0.5 0 0
0 0.5 0 0 0.5 0 -0.5 0 -0.5 0 0
0 0.5 0 0 -0.5 0 0.5 0 0.5 0 0
0 0.5 0 0 -0.5 0 0.5 0 -0.5 0 0
0 0.5 0 0 -0.5 0 -0.5 0 0.5 0 0
0 0.5 0 0 -0.5 0 -0.5 0 -0.5 0 0
0 -0.5 0 0 0.5 0 0.5 0 0.5 0 0
0 -0.5 0 0 0.5 0 0.5 0 -0.5 0 0
0 -0.5 0 0 0.5 0 -0.5 0 0.5 0 0
0 -0.5 0 0 0.5 0 -0.5 0 -0.5 0 0
0 -0.5 0 0 -0.5 0 0.5 0 0.5 0 0
0 -0.5 0 0 -0.5 0 0.5 0 -0.5 0 0
0 -0.5 0 0 -0.5 0 -0.5 0 0.5 0 0
0 -0.5 0 0 -0.5 0 -0.5 0 -0.5 0 0
0 0 0.5 0 0 0.5 0.5 0 0.5 0 0
0 0 0.5 0 0 0.5 0.5 0 -0.5 0 0
0 0 0.5 0 0 0.5 -0.5 0 0.5 0 0
0 0 0.5 0 0 0.5 -0.5 0 -0.5 0 0
0 0 0.5 0 0 -0.5 0.5 0 0.5 0 0
0 0 0.5 0 0 -0.5 0.5 0 -0.5 0 0
0 0 0.5 0 0 -0.5 -0.5 0 0.5 0 0
0 0 0.5 0 0 -0.5 -0.5 0 -0.5 0 0
0 0 -0.5 0 0 0.5 0.5 0 0.5 0 0
0 0 -0.5 0 0 0.5 0.5 0 -0.5 0 0
0 0 -0.5 0 0 0.5 -0.5 0 0.5 0 0
0 0 -0.5 0 0 0.5 -0.5 0 -0.5 0 0
0 0 -0.5 0 0 -0.5 0.5 0 0.5 0 0
0 0 -0.5 0 0 -0.5 0.5 0 -0.5 0 0
0 0 -0.5 0 0 -0.5 -0.5 0 0.5 0 0
0 0 -0.5 0 0 -0.5 -0.5 0 -0.5 0 0
0 0 0 0.5 0.5 0 0 0.5 0.5 0 0
0 0 0 0.5 0.5 0 0 0.5 -0.5 0 0
0 0 0 0.5 0.5 0 0 -0.5 0.5 0 0
0 0 0 0.5 0.5 0 0 -0.5 -0.5 0 0
0 0 0 0.5 -0.5 0 0 0.5 0.5 0 0
0 0 0 0.5 -0.5 0 0 0.5 -0.5 0 0
0 0 0 0.5 -0.5 0 0 -0.5 0.5 0 0
0 0 0 0.5 -0.5 0 0 -0.5 -0.5 0 0
0 0 0 -0.5 0.5 0 0 0.5 0.5 0 0
0 0 0 -0.5 0.5 0 0 0.5 -0.5 0 0
0 0 0 -0.5 0.5 0 0 -0.5 0.5 0 0
0 0 0 -0.5 0.5 0 0 -0.5 -0.5 0 0
0 0 0 -0.5 -0.5 0 0 0.5 0.5 0 0
0 0 0 -0.5 -0.5 0 0 0.5 -0.5 0 0
0 0 0 -0.5 -0.5 0 0 -0.5 0.5 0 0
0 0 0 -0.5 -0.5 0 0 -0.5 -0.5 0 0
0.5 0 0.5 0 0 0.5 0 0 0 0.5 0
0.5 0 0.5 0 0 0.5 0 0 0 -0.5 0
0.5 0 0.5 0 0 -0.5 0 0 0 0.5 0
0.5 0 0.5 0 0 -0.5 0 0 0 -0.5 0
0.5 0 -0.5 0 0 0.5 0 0 0 0.5 0
0.5 0 -0.5 0 0 0.5 0 0 0 -0.5 0
0.5 0 -0.5 0 0 -0.5 0 0 0 0.5 0
0.5 0 -0.5 0 0 -0.5 0 0 0 -0.5 0
-0.5 0 0.5 0 0 0.5 0 0 0 0.5 0
-0.5 0 0.5 0 0 0.5 0 0 0 -0.5 0
-0.5 0 0.5 0 0 -0.5 0 0 0 0.5 0
-0.5 0 0.5 0 0 -0.5 0 0 0 -0.5 0
-0.5 0 -0.5 0 0 0.5 0 0 0 0.5 0
-0.5 0 -0.5 0 0 0.5 0 0 0 -0.5 0
-0.5 0 -0.5 0 0 -0.5 0 0 0 0.5 0
-0.5 0 -0.5 0 0 -0.5 0 0 0 -0.5 0
0.5 0 0 0.5 0 0 0 0.5 0 0.5 0
0.5 0 0 0.5 0 0 0 0.5 0 -0.5 0
0.5 0 0 0.5 0 0 0 -0.5 0 0.5 0
0.5 0 0 0.5 0 0 0 -0.5 0 -0.5 0
0.5 0 0 -0.5 0 0 0 0.5 0 0.5 0
0.5 0 0 -0.5 0 0 0 0.5 0 -0.5 0
0.5 0 0 -0.5 0 0 0 -0.5 0 0.5 0
0.5 0 0 -0.5 0 0 0 -0.5 0 -0.5 0
-0.5 0 0 0.5 0 0 0 0.5 0 0.5 0
-0.5 0 0 0.5 0 0 0 0.5 0 -0.5 0
-0.5 0 0 0.5 0 0 0 -0.5 0 0.5 0
-0.5 0 0 0.5 0 0 0 -0.5 0 -0.5 0
-0.5 0 0 -0.5 0 0 0 0.5 0 0.5 0
-0.5 0 0 -0.5 0 0 0 0.5 0 -0.5 0
-0.5 0 0 -0.5 0 0 0 -0.5 0 0.5 0
-0.5 0 0 -0.5 0 0 0 -0.5 0 -0.5 0
0.5 0 0 0 0.5 0 0.5 0 0 0.5 0
0.5 0 0 0 0.5 0 0.5 0 0 -0.5 0
0.5 0 0 0 0.5 0 -0.5 0 0 0.5 0
0.5 0 0 0 0.5 0 -0.5 0 0 -0.5 0
0.5 0 0 0 -0.5 0 0.5 0 0 0.5 0
0.5 0 0 0 -0.5 0 0.5 0 0 -0.5 0
0.5 0 0 0 -0.5 0 -0.5 0 0 0.5 0
0.5 0 0 0 -0.5 0 -0.5 0 0 -0.5 0
-0.5 0 0 0 0.5 0 0.5 0 0 0.5 0
-0.5 0 0 0 0.5 0 0.5 0 0 -0.5 0
-0.5 0 0 0 0.5 0 -0.5 0 0 0.5 0
-0.5 0 0 0 0.5 0 -0.5 0 0 -0.5 0
-0.5 0 0 0 -0.5 0 0.5 0 0 0.5 0
-0.5 0 0 0 -0.5 0 0.5 0 0 -0.5 0
-0.5 0 0 0 -0.5 0 -0.5 0 0 0.5 0
-0.5 0 0 0 -0.5 0 -0.5 0 0 -0.5 0
0 0.5 0.5 0 0 0 0.5 0 0 0.5 0
0 0.5 0.5 0 0 0 0.5 0 0 -0.5 0
0 0.5 0.5 0 0 0 -0.5 0 0 0.5 0
0 0.5 0.5 0 0 0 -0.5 0 0 -0.5 0
0 0.5 -0.5 0 0 0 0.5 0 0 0.5 0
0 0.5 -0.5 0 0 0 0.5 0 0 -0.5 0
0 0.5 -0.5 0 0 0 -0.5 0 0 0.5 0
0 0.5 -0.5 0 0 0 -0.5 0 0 -0.5 0
0 -0.5 0.5 0 0 0 0.5 0 0 0.5 0
0 -0.5 0.5 0 0 0 0.5 0 0 -0.5 0
0 -0.5 0.5 0 0 0 -0.5 0 0 0.5 0
0 -0.5 0.5 0 0 0 -0.5 0 0 -0.5 0
0 -0.5 -0.5 0 0 0 0.5 0 0 0.5 0
0 -0.5 -0.5 0 0 0 0.5 0 0 -0.5 0
0 -0.5 -0.5 0 0 0 -0.5 0 0 0.5 0
0 -0.5 -0.5 0 0 0 -0.5 0 0 -0.5 0
0 0.5 0 0.5 0.5 0 0 0 0 0.5 0
0 0.5 0 0.5 0.5 0 0 0 0 -0.5 0
0 0.5 0 0.5 -0.5 0 0 0 0 0.5 0
0 0.5 0 0.5 -0.5 0 0 0 0 -0.5 0
0 0.5 0 -0.5 0.5 0 0 0 0 0.5 0
0 0.5 0 -0.5 0.5 0 0 0 0 -0.5 0
0 0.5 0 -0.5 -0.5 0 0 0 0 0.5 0
0 0.5 0 -0.5 -0.5 0 0 0 0 -0.5 0
0 -0.5 0 0.5 0.5 0 0 0 0 0.5 0
0 -0.5 0 0.5 0.5 0 0 0 0 -0.5 0
0 -0.5 0 0.5 -0.5 0 0 0 0 0.5 0
0 -0.5 0 0.5 -0.5 0 0 0 0 -0.5 0
0 -0.5 0 -0.5 0.5 0 0 0 0 0.5 0
0 -0.5 0 -0.5 0.5 0 0 0 0 -0.5 0
0 -0.5 0 -0.5 -0.5 0 0 0 0 0.5 0
0 -0.5 0 -0.5 -0.5 0 0 0 0 -0.5 0
0 0.5 0 0 0 0.5 0 0.5 0 0.5 0
0 0.5 0 0 0 0.5 0 0.5 0 -0.5 0
0 0.5 0 0 0 0.5 0 -0.5 0 0.5 0
0 0.5 0 0 0 0.5 0 -0.5 0 -0.5 0
0 0.5 0 0 0 -0.5 0 0.5 0 0.5 0
0 0.5 0 0 0 -0.5 0 0.5 0 -0.5 0
0 0.5 0 0 0 -0.5 0 -0.5 0 0.5 0
0 0.5 0 0 0 -0.5 0 -0.5 0 -0.5 0
0 -0.5 0 0 0 0.5 0 0.5 0 0.5 0
0 -0.5 0 0 0 0.5 0 0.5 0 -0.5 0
0 -0.5 0 0 0 0.5 0 -0.5 0 0.5 0
0 -0.5 0 0 0 0.5 0 -0.5 0 -0.5 0
0 -0.5 0 0 0 -0.5 0 0.5 0 0.5 0
0 -0.5 0 0 0 -0.5 0 0.5 0 -0.5 0
0 -0.5 0 0 0 -0.5 0 -0.5 0 0.5 0
0 -0.5 0 0 0 -0.5 0 -0.5 0 -0.5 0
0 0 0.5 0 0.5 0 0 0.5 0 0.5 0
0 0 0.5 0 0.5 0 0 0.5 0 -0.5 0
0 0 0.5 0 0.5 0 0 -0.5 0 0.5 0
0 0 0.5 0 0.5 0 0 -0.5 0 -0.5 0
0 0 0.5 0 -0.5 0 0 0.5 0 0.5 0
0 0 0.5 0 -0.5 0 0 0.5 0 -0.5 0
0 0 0.5 0 -0.5 0 0 -0.5 0 0.5 0
0 0 0.5 0 -0.5 0 0 -0.5 0 -0.5 0
0 0 -0.5 0 0.5 0 0 0.5 0 0.5 0
0 0 -0.5 0 0.5 0 0 0.5 0 -0.5 0
0 0 -0.5 0 0.5 0 0 -0.5 0 0.5 0
0 0 -0.5 0 0.5 0 0 -0.5 0 -0.5 0
0 0 -0.5 0 -0.5 0 0 0.5 0 0.5 0
0 0 -0.5 0 -0.5 0 0 0.5 0 -0.5 0
0 0 -0.5 0 -0.5 0 0 -0.5 0 0.5 0
0 0 -0.5 0 -0.5 0 0 -0.5 0 -0.5 0
0 0 0 0.5 0 0.5 0.5 0 0 0.5 0
0 0 0 0.5 0 0.5 0.5 0 0 -0.5 0
0 0 0 0.5 0 0.5 -0.5 0 0 0.5 0
0 0 0 0.5 0 0.5 -0.5 0 0 -0.5 0
0 0 0 0.5 0 -0.5 0.5 0 0 0.5 0
0 0 0 0.5 0 -0.5 0.5 0 0 -0.5 0
0 0 0 0.5 0 -0.5 -0.5 0 0 0.5 0
0 0 0 0.5 0 -0.5 -0.5 0 0 -0.5 0
0 0 0 -0.5 0 0.5 0.5 0 0 0.5 0
0 0 0 -0.5 0 0.5 0.5 0 0 -0.5 0
0 0 0 -0.5 0 0.5 -0.5 0 0 0.5 0
0 0 0 -0.5 0 0.5 -0.5 0 0 -0.5 0
0 0 0 -0.5 0 -0.5 0.5 0 0 0.5 0
0 0 0 -0.5 0 -0.5 0.5 0 0 -0.5 0
0 0 0 -0.5 0 -0.5 -0.5 0 0 0.5 0
0 0 0 -0.5 0 -0.5 -0.5 0 0 -0.5 0
0.5 0 0.5 0 0 0 0.5 0 0 0 0.5
0.5 0 0.5 0 0 0 0.5 0 0 0 -0.5
0.5 0 0.5 0 0 0 -0.5 0 0 0 0.5
0.5 0 0.5 0 0 0 -0.5 0 0 0 -0.5
0.5 0 -0.5 0 0 0 0.5 0 0 0 0.5
0.5 0 -0.5 0 0 0 0.5 0 0 0 -0.5
0.5 0 -0.5 0 0 0 -0.5 0 0 0 0.5
0.5 0 -0.5 0 0 0 -0.5 0 0 0 -0.5
-0.5 0 0.5 0 0 0 0.5 0 0 0 0.5
-0.5 0 0.5 0 0 0 0.5 0 0 0 -0.5
-0.5 0 0.5 0 0 0 -0.5 0 0 0 0.5
-0.5 0 0.5 0 0 0 -0.5 0 0 0 -0.5
-0.5 0 -0.5 0 0 0 0.5 0 0 0 0.5
-0.5 0 -0.5 0 0 0 0.5 0 0 0 -0.5
-0.5 0 -0.5 0 0 0 -0.5 0 0 0 0.5
-0.5 0 -0.5 0 0 0 -0.5 0 0 0 -0.5
0.5 0 0 0.5 0 0.5 0 0 0 0 0.5
0.5 0 0 0.5 0 0.5 0 0 0 0 -0.5
0.5 0 0 0.5 0 -0.5 0 0 0 0 0.5
0.5 0 0 0.5 0 -0.5 0 0 0 0 -0.5
0.5 0 0 -0.5 0 0.5 0 0 0 0 0.5
0.5 0 0 -0.5 0 0.5 0 0 0 0 -0.5
0.5 0 0 -0.5 0 -0.5 0 0 0 0 0.5
0.5 0 0 -0.5 0 -0.5 0 0 0 0 -0.5
-0.5 0 0 0.5 0 0.5 0 0 0 0 0.5
-0.5 0 0 0.5 0 0.5 0 0 0 0 -0.5
-0.5 0 0 0.5 0 -0.5 0 0 0 0 0.5
-0.5 0 0 0.5 0 -0.5 0 0 0 0 -0.5
-0.5 0 0 -0.5 0 0.5 0 0 0 0 0.5
-0.5 0 0 -0.5 0 0.5 0 0 0 0 -0.5
-0.5 0 0 -0.5 0 -0.5 0 0 0 0 0.5
-0.5 0 0 -0.5 0 -0.5 0 0 0 0 -0.5
0.5 0 0 0 0.5 0 0 0.5 0 0 0.5
0.5 0 0 0 0.5 0 0 0.5 0 0 -0.5
0.5 0 0 0 0.5 0 0 -0.5 0 0 0.5
0.5 0 0 0 0.5 0 0 -0.5 0 0 -0.5
0.5 0 0 0 -0.5 0 0 0.5 0 0 0.5
0.5 0 0 0 -0.5 0 0 0.5 0 0 -0.5
0.5 0 0 0 -0.5 0 0 -0.5 0 0 0.5
0.5 0 0 0 -0.5 0 0 -0.5 0 0 -0.5
-0.5 0 0 0 0.5 0 0 0.5 0 0 0.5
-0.5 0 0 0 0.5 0 0 0.5 0 0 -0.5
-0.5 0 0 0 0.5 0 0 -0.5 0 0 0.5
-0.5 0 0 0 0.5 0 0 -0.5 0 0 -0.5
-0.5 0 0 0 -0.5 0 0 0.5 0 0 0.5
-0.5 0 0 0 -0.5 0 0 0.5 0 0 -0.5
-0.5 0 0 0 -0.5 0 0 -0.5 0 0 0.5
-0.5 0 0 0 -0.5 0 0 -0.5 0 0 -0.5
0 0.5 0.5 0 0.5 0 0 0 0 0 0.5
0 0.5 0.5 0 0.5 0 0 0 0 0 -0.5
0 0.5 0.5 0 -0.5 0 0 0 0 0 0.5
0 0.5 0.5 0 -0.5 0 0 0 0 0 -0.5
0 0.5 -0.5 0 0.5 0 0 0 0 0 0.5
0 0.5 -0.5 0 0.5 0 0 0 0 0 -0.5
0 0.5 -0.5 0 -0.5 0 0 0 0 0 0.5
0 0.5 -0.5 0 -0.5 0 0 0 0 0 -0.5
0 -0.5 0.5 0 0.5 0 0 0 0 0 0.5
0 -0.5 0.5 0 0.5 0 0 0 0 0 -0.5
0 -0.5 0.5 0 -0.5 0 0 0 0 0 0.5
0 -0.5 0.5 0 -0.5 0 0 0 0 0 -0.5
0 -0.5 -0.5 0 0.5 0 0 0 0 0 0.5
0 -0.5 -0.5 0 0.5 0 0 0 0 0 -0.5
0 -0.5 -0.5 0 -0.5 0 0 0 0 0 0.5
0 -0.5 -0.5 0 -0.5 0 0 0 0 0 -0.5
0 0.5 0 0.5 0 0 0 0.5 0 0 0.5
0 0.5 0 0.5 0 0 0 0.5 0 0 -0.5
0 0.5 0 0.5 0 0 0 -0.5 0 0 0.5
0 0.5 0 0.5 0 0 0 -0.5 0 0 -0.5
0 0.5 0 -0.5 0 0 0 0.5 0 0 0.5
0 0.5 0 -0.5 0 0 0 0.5 0 0 -0.5
0 0.5 0 -0.5 0 0 0 -0.5 0 0 0.5
0 0.5 0 -0.5 0 0 0 -0.5 0 0 -0.5
0 -0.5 0 0.5 0 0 0 0.5 0 0 0.5
0 -0.5 0 0.5 0 0 0 0.5 0 0 -0.5
0 -0.5 0 0.5 0 0 0 -0.5 0 0 0.5
0 -0.5 0 0.5 0 0 0 -0.5 0 0 -0.5
0 -0.5 0 -0.5 0 0 0 0.5 0 0 0.5
0 -0.5 0 -0.5 0 0 0 0.5 0 0 -0.5
0 -0.5 0 -0.5 0 0 0 -0.5 0 0 0.5
0 -0.5 0 -0.5 0 0 0 -0.5 0 0 -0.5
0 0.5 0 0 0 0.5 0.5 0 0 0 0.5
0 0.5 0 0 0 0.5 0.5 0 0 0 -0.5
0 0.5 0 0 0 0.5 -0.5 0 0 0 0.5
0 0.5 0 0 0 0.5 -0.5 0 0 0 -0.5
0 0.5 0 0 0 -0.5 0.5 0 0 0 0.5
0 0.5 0 0 0 -0.5 0.5 0 0 0 -0.5
0 0.5 0 0 0 -0.5 -0.5 0 0 0 0.5
0 0.5 0 0 0 -0.5 -0.5 0 0 0 -0.5
0 -0.5 0 0 0 0.5 0.5 0 0 0 0.5
0 -0.5 0 0 0 0.5 0.5 0 0 0 -0.5
0 -0.5 0 0 0 0.5 -0.5 0 0 0 0.5
0 -0.5 0 0 0 0.5 -0.5 0 0 0 -0.5
0 -0.5 0 0 0 -0.5 0.5 0 0 0 0.5
0 -0.5 0 0 0 -0.5 0.5 0 0 0 -0.5
0 -0.5 0 0 0 -0.5 -0.5 0 0 0 0.5
0 -0.5 0 0 0 -0.5 -0.5 0 0 0 -0.5
0 0 0.5 0 0 0.5 0 0.5 0 0 0.5
0 0 0.5 0 0 0.5 0 0.5 0 0 -0.5
0 0 0.5 0 0 0.5 0 -0.5 0 0 0.5
0 0 0.5 0 0 0.5 0 -0.5 0 0 -0.5
0 0 0.5 0 0 -0.5 0 0.5 0 0 0.5
0 0 0.5 0 0 -0.5 0 0.5 0 0 -0.5
0 0 0.5 0 0 -0.5 0 -0.5 0 0 0.5
0 0 0.5 0 0 -0.5 0 -0.5 0 0 -0.5
0 0 -0.5 0 0 0.5 0 0.5 0 0 0.5
0 0 -0.5 0 0 0.5 0 0.5 0 0 -0.5
0 0 -0.5 0 0 0.5 0 -0.5 0 0 0.5
0 0 -0.5 0 0 0.5 0 -0.5 0 0 -0.5
0 0 -0.5 0 0 -0.5 0 0.5 0 0 0.5
0 0 -0.5 0 0 -0.5 0 0.5 0 0 -0.5
0 0 -0.5 0 0 -0.5 0 -0.5 0 0 0.5
0 0 -0.5 0 0 -0.5 0 -0.5 0 0 -0.5
0 0 0 0.5 0.5 0 0.5 0 0 0 0.5
0 0 0 0.5 0.5 0 0.5 0 0 0 -0.5
0 0 0 0.5 0.5 0 -0.5 0 0 0 0.5
0 0 0 0.5 0.5 0 -0.5 0 0 0 -0.5
0 0 0 0.5 -0.5 0 0.5 0 0 0 0.5
0 0 0 0.5 -0.5 0 0.5 0 0 0 -0.5
0 0 0 0.5 -0.5 0 -0.5 0 0 0 0.5
0 0 0 0.5 -0.5 0 -0.5 0 0 0 -0.5
0 0 0 -0.5 0.5 0 0.5 0 0 0 0.5
0 0 0 -0.5 0.5 0 0.5 0 0 0 -0.5
0 0 0 -0.5 0.5 0 -0.5 0 0 0 0.5
0 0 0 -0.5 0.5 0 -0.5 0 0 0 -0.5
0 0 0 -0.5 -0.5 0 0.5 0 0 0 0.5
0 0 0 -0.5 -0.5 0 0.5 0 0 0 -0.5
0 0 0 -0.5 -0.5 0 -0.5 0 0 0 0.5
0 0 0 -0.5 -0.5 0 -0.5 0 0 0 -0.5
0.5 0.5 -6.1888992417861933e-18 -3.9198323339630213e-17 1.457934952524762e-17 3.2374151689875011e-17 -2.2686367557387011e-17 2.3368084481222313e-17 0.47140452079027845 0.47140452079110706 0.2357022603968715
0.50000000000000011 0.5 -2.764915726879131e-17 -5.4003987651301345e-17 -3.3134395896138192e-18 5.4556745171957244e-17 -3.21019241976334e-17 1.8534451710628208e-17 -0.4714045207902785 -0.47140452079110712 -0.23570226039687148
0.50000000000000011 0.49999999999999994 -5.3426510094379799e-17 -2.9512240540649103e-18 -6.86107786368811e-18 -2.9575011438090931e-17 4.018591922310553e-17 1.9844559960432766e-17 0.47140452079138001 -0.23570226039335035 -0.47140452079176609
0.49999999999999994 0.5 4.3965584134838067e-17 1.1479079577654716e-17 3.5107176369696147e-17 1.4252366788251693e-17 -2.8838626504604782e-17 -1.5637698364673897e-17 -0.4714045207913799 0.23570226039335027 0.4714045207917662
0.50000000000000011 0.5 1.9195798313704179e-17 -5.4252721416527776e-17 2.4522588140407416e-17 4.7509366776514461e-17 -5.5955216047950646e-17 1.3804667031217922e-17 -0.23570226039632572 0.47140452079203904 -0.47140452078961931
0.5 0.49999999999999994 -1.2931741251015214e-17 -2.7521159102382551e-17 -1.0254984617314869e-17 -4.6673007084367707e-18 -4.9847478787010941e-17 -5.5865901673948809e-17 0.23570226039632569 -0.47140452079203904 0.47140452078961942
0.50000000000000011 -0.5 8.9202705664640673e-18 -5.4167364649613125e-17 3.6700389791351536e-17 -2.9551963500137354e-17 -4.6432824457327761e-17 -2.7631850535999333e-17 0.47140452079027845 0.47140452079110717 0.23570226039687153
0.5 -0.50000000000000011 -5.3509177798439207e-17 1.3028351817158617e-17 -1.7286306985360145e-17 5.2889799867223142e-17 -1.6430800174866344e-17 -2.664612166842563e-17 -0.47140452079027856 -0.47140452079110701 -0.23570226039687148
0.5 -0.50000000000000011 -5.7506742814211857e-17 1.2070851084955815e-17 1.0732844237215531e-17 4.1009242134209266e-17 4.2770732388067978e-17 5.5266514738902517e-17 0.47140452079137996 -0.23570226039335029 -0.4714045207917662
0.5 -0.5 4.6482103063043194e-17 -4.2663646280281994e-17 1.6487771127331955e-17 2.3742707365933703e-17 -3.0562636517818207e-18 -3.2912916582503904e-17 -0.47140452079138001 0.23570226039335032 0.4714045207917662
0.5 -0.5 -1.5644736516854885e-17 9.0771213163750748e-19 4.5635734538032846e-17 5.0403769739672964e-17 -3.9187740724780198e-19 1.0335003791017333e-17 -0.23570226039632575 0.47140452079203909 -0.47140452078961936
0.5 -0.50000000000000011 1.2618731891425931e-17 -2.9428502676716457e-17 2.5726117705066257e-17 -3.1988362315368038e-17 4.6779160905921025e-17 5.4741372867524906e-17 0.23570226039632566 -0.47140452079203904 0.47140452078961942
-0.5 0.5 -2.5922329524981775e-18 3.114663732743031e-17 2.8707941064066073e-17 2.1973792674998322e-17 -1.0661262129317459e-17 8.666034808988727e-18 0.47140452079027845 0.47140452079110701 0.2357022603968715
-0.5 0.5 -5.5950704718536634e-17 -2.8789260111552148e-17 5.1989675207809152e-17 4.864710480578874e-17 -1.1675831584755781e-17 -5.5108634154899022e-17 -0.47140452079027845 -0.47140452079110706 -0.23570226039687153
-0.5 0.50000000000000011 -5.6298454312252098e-17 -4.5618204354120834e-19 1.5841356230228022e-18 -4.1139029579004088e-18 5.1829134991852827e-17 -1.8900343569134214e-17 0.47140452079138001 -0.2357022603933504 -0.4714045207917662
-0.5 0.50000000000000011 5.3706832784211046e-17 -4.00260615752634e-17 2.9573622328133821e-17 1.6180822426196551e-17 1.7260818826208585e-17 -3.0911839871842534e-17 -0.47140452079137996 0.23570226039335027 0.4714045207917662
-0.5 0.50000000000000011 -4.5728852618025347e-17 -5.4648989210960758e-17 3.9870978143474633e-17 5.1344399548027706e-17 -3.6849304748880034e-17 -5.565721552321788e-18 -0.23570226039632572 0.47140452079203904 -0.47140452078961936
-0.5 0.5 -8.9226998972404111e-18 -5.0282757710308669e-17 -3.3866362931904887e-17 -1.9080886829142811e-17 5.4232338587802118e-17 -5.1458583961926426e-17 0.23570226039632566 -0.47140452079203909 0.47140452078961936
-0.5 -0.5 -5.9177512052792793e-18 -4.559073458524727e-18 1.6361751455560501e-17 1.8071720373914207e-17 -2.9547638623727978e-17 4.7263100962239626e-18 0.47140452079027845 0.47140452079110701 0.2357022603968715
-0.5 -0.5 -5.5049572280023017e-17 -3.7185783867769878e-17 -6.9071397171756808e-19 4.2824419302123431e-17 2.2437716361624205e-17 -5.0094244746583338e-17 -0.47140452079027845 -0.47140452079110701 -0.23570226039687148
-0.5 -0.5 3.4796078603871834e-17 2.7789817555974396e-17 -1.133254308069395e-17 -3.6139010799400444e-17 2.0217389617485547e-17 4.3244829433512544e-17 0.47140452079137996 -0.23570226039335035 -0.47140452079176615
-0.50000000000000011 -0.5 2.6543886917429798e-17 -1.0672420949645572e-17 2.3663800417729304e-17 5.268456841783163e-17 4.5975597680855939e-18 -2.4375548696221579e-17 -0.47140452079137996 0.23570226039335032 0.4714045207917662
-0.5 -0.5 3.614622891248632e-18 -5.2223316996121526e-17 3.2714069087940623e-17 5.3315733313768154e-17 -2.4151692195244989e-17 4.6983240977577194e-17 -0.23570226039632569 0.47140452079203909 -0.47140452078961942
-0.5 -0.5 5.4309312316816953e-17 -3.132208774560254e-17 -2.7390240931678101e-17 -3.4724877254309743e-17 1.306329256192804e-17 2.1313529420299075e-17 0.23570226039632566 -0.47140452079203904 0.47140452078961936
-8.9692982328898028e-18 4.5491124503117662e-17 0.50000000000000011 0.5 3.4973023095213009e-17 2.6490104927889454e-17 -5.4598963981819828e-17 -3.9354651135602567e-17 0.47140452079027856 0.47140452079110706 0.2357022603968715
-5.3807311109678448e-17 2.2528221271923579e-18 0.50000000000000011 0.5 -5.5684526795557839e-18 3.4036578210096867e-17 2.2641303064860797e-17 1.2745232235901787e-17 -0.4714045207902785 -0.47140452079110712 -0.23570226039687153
3.5977036145929782e-17 -1.8535966637346975e-17 0.5 0.50000000000000011 -1.3617253260544845e-17 4.3001730770269362e-18 -4.6605304761128297e-17 -7.96116740528012e-18 0.47140452079138001 -0.23570226039335038 -0.4714045207917662
-7.6764702046103489e-18 3.123998048240697e-17 0.50000000000000011 0.5 -4.3955653334106488e-17 2.0649307425019442e-18 2.0410902986518684e-17 -5.1667553528835973e-17 -0.47140452079137996 0.23570226039335029 0.47140452079176626
3.852612701380984e-17 1.5467743753522154e-17 0.50000000000000011 0.5 -5.7038154910671246e-18 5.4544571706305051e-17 -3.0283275996970798e-17 5.3335374713216621e-17 -0.23570226039632572 0.47140452079203909 -0.47140452078961942
1.5596425265329208e-17 -1.3086150645361904e-17 0.49999999999999994 0.5 1.0675440250041788e-17 -5.3399007494923806e-17 5.4996351760755479e-17 -5.4883008049122056e-17 0.23570226039632569 -0.47140452079203904 0.47140452078961942
-2.9160950307154861e-17 1.681787269750809e-17 0.50000000000000011 -0.5 4.6424599775511372e-18 5.510916577345561e-17 -4.379203174351536e-17 -2.9561843375915688e-17 0.47140452079027845 0.47140452079110706 0.23570226039687145
-6.1165907756603104e-17 1.8094799456982663e-17 0.5 -0.5 -1.715192014733053e-17 5.4005034884617872e-17 -1.9520493769864545e-17 5.617141150047162e-18 -0.4714045207902785 -0.47140452079110706 -0.23570226039687153
2.4111628127308172e-17 -3.1556450367358367e-17 0.5 -0.5 -4.4856281179065937e-17 4.9519505672948985e-17 -5.4598442452902618e-17 5.4539033602673825e-17 0.47140452079137996 -0.2357022603933504 -0.4714045207917662
1.1480293803524658e-17 5.6535302585458945e-19 0.5 -0.5 2.8706302499918682e-17 -1.9817980531142594e-17 4.514859889926742e-17 -4.2934869729426189e-17 -0.47140452079137996 0.23570226039335029 0.47140452079176615
2.7651516848918457e-17 5.4723862549656297e-17 0.5 -0.5 5.4534276000501904e-17 -3.037418352543783e-18 -5.4681704876224756e-17 5.5156631594458982e-17 -0.23570226039632569 0.47140452079203904 -0.47140452078961936
-2.3778495710263733e-17 -8.4368104455132493e-18 0.50000000000000011 -0.5 -2.1583865403005403e-17 7.8682657792570492e-18 1.7950676291304975e-17 -2.4941622593057572e-17 0.23570226039632566 -0.47140452079203909 0.47140452078961936
-1.8534918888770772e-17 7.6961133700319601e-18 -0.5 0.49999999999999994 2.188449518800948e-17 2.4054713422775667e-17 -3.856780144536693e-17 -2.5230242479428309e-17 0.47140452079027845 0.47140452079110712 0.2357022603968715
-2.0606613098240128e-17 -3.3213247428952292e-17 -0.5 0.50000000000000011 -9.1852358317797603e-18 -1.6628769416729042e-17 -2.4910518795716859e-17 -5.4139328396820675e-17 -0.4714045207902785 -0.47140452079110695 -0.2357022603968715
-1.8940984916810865e-17 -3.2557245691392841e-17 -0.50000000000000011 0.5 -2.2640243347456325e-17 -3.0257550262661606e-17 -3.3716458988998531e-17 3.7249507858850981e-17 0.47140452079137996 -0.23570226039335029 -0.47140452079176615
5.0132626541735963e-17 -2.7601533684764315e-17 -0.5 0.5 3.8367998601631637e-17 3.7308683304865965e-18 -3.9614844942527521e-17 -3.7034835942227421e-17 -0.47140452079137996 0.23570226039335035 0.4714045207917662
3.0881702427459239e-17 5.1797894411519941e-17 -0.5 0.5 3.0696172328752975e-17 2.6096632140802668e-17 -2.3184579991873235e-17 -1.4667898136738407e-17 -0.23570226039632572 0.47140452079203904 -0.47140452078961936
-2.0227984462256025e-17 -4.162349075370154e-17 -0.5 0.5 -4.4057844447785325e-18 5.2097553851308175e-17 3.2433083640835527e-17 -3.8160238804743274e-17 0.23570226039632572 -0.47140452079203909 0.47140452078961947
-2.6652655656863601e-17 2.5346098812474817e-17 -0.5 -0.50000000000000011 -2.8843536456950949e-17 8.3636451805947516e-18 -2.2766738487396762e-17 -1.1188623754256234e-17 0.47140452079027845 0.47140452079110706 0.23570226039687159
-2.3546970083898444e-17 8.1746124836940191e-18 -0.5 -0.5 -1.2193959457611302e-17 2.8596953197425707e-17 -3.5211313615863423e-17 -2.5503797754770581e-17 -0.4714045207902785 -0.47140452079110706 -0.23570226039687148
-1.4675077255724974e-18 -5.5272324781847958e-17 -0.50000000000000011 -0.5 -2.2848359987776594e-17 -1.816814983224701e-17 5.3608801942311496e-17 2.0030350833334218e-17 0.47140452079137996 -0.23570226039335043 -0.47140452079176615
1.1499704596895244e-18 4.3585051750363792e-17 -0.5 -0.5 3.3049478191168317e-19 5.1169496922772571e-17 5.3571598741796133e-17 -1.6456846416095022e-17 -0.47140452079137996 0.23570226039335032 0.4714045207917662
-6.3364610499983215e-19 -6.5419790648907387e-18 -0.5 -0.50000000000000011 -7.9138193267655974e-18 -6.0942089355504574e-18 -2.3357898956488741e-17 2.5909624392542869e-17 -0.23570226039632577 0.47140452079203904 -0.47140452078961936
-1.8729535825757204e-17 -4.0147866353121325e-18 -0.49999999999999994 -0.5 -3.65178970463094e-18 -2.970033412294788e-17 -1.8566994749433313e-17 -5.3628487768023853e-17 0.23570226039632566 -0.47140452079203904 0.47140452078961942
-3.2554293976950362e-17 1.1419355412213138e-18 -4.965110168337677e-17 -1.2136826903848788e-18 0.5 0.5 -2.0699813602725634e-17 1.4192003985967533e-17 0.47140452079027845 0.47140452079110701 0.23570226039687153
-8.0665783520146598e-17 2.530393681231846e-18 -6.2813204411773916e-17 -1.9560419183424182e-17 0.5 0.5 2.9440021267501341e-17 -2.930942217261814e-17 -0.47140452079027845 -0.47140452079110706 -0.23570226039687145
-2.4045615326265769e-17 -2.7841082556338747e-17 -2.5388437354714968e-17 2.8243945646696931e-17 0.5 0.50000000000000011 4.4798705250940846e-17 4.6892094909058483e-17 0.47140452079138001 -0.23570226039335035 -0.47140452079176615
-8.2693433990971937e-18 4.4589256142485043e-17 5.5997290702798608e-18 -2.625546537479674e-17 0.5 0.50000000000000011 -3.9535966195844609e-17 -4.0196333667591244e-17 -0.47140452079137996 0.23570226039335029 0.47140452079176626
3.8455194557097825e-17 3.7298803511778739e-17 -1.7845309001061035e-17 -3.5898761679071187e-17 0.5 0.5 -1.363348082128726e-17 4.1705367292854876e-17 -0.23570226039632566 0.47140452079203904 -0.47140452078961931
-7.0608427254707451e-17 -8.3161783745964977e-18 5.1641138830682805e-17 -3.3887154867152109e-17 0.5 0.5 3.4398573338979876e-17 -5.0351619411202817e-17 0.23570226039632569 -0.47140452079203909 0.47140452078961942
-4.2993342815126684e-17 1.1566021514871294e-17 -4.3229881702305124e-18 1.3054360676787496e-17 0.50000000000000011 -0.5 -3.4812459292184864e-17 -2.8986024167904807e-17 0.47140452079027856 0.47140452079110706 0.23570226039687148
-2.4347998331983167e-18 -5.0820244095310098e-17 -9.4001453552183924e-19 -5.1145169326877042e-17 0.50000000000000011 -0.5 -1.9005837383352251e-17 -4.8994142430642057e-17 -0.47140452079027845 -0.47140452079110712 -0.23570226039687153
-9.4719332930157462e-18 -1.7759469326976978e-17 -1.5244214634426558e-17 1.119088241776705e-17 0.5 -0.49999999999999994 8.543421824268102e-18 -2.5692156402720332e-18 0.47140452079138001 -0.23570226039335032 -0.47140452079176615
-4.1097012004623158e-18 2.6444327916759597e-17 3.3535617186926885e-17 -2.1327634345150764e-17 0.50000000000000011 -0.5 -1.9780537767508924e-18 -4.1170408779711656e-17 -0.47140452079137996 0.23570226039335032 0.4714045207917662
3.949146967160629e-18 4.385636153549071e-17 -3.6425168001531474e-17 -1.5581062638223344e-17 0.50000000000000011 -0.5 -5.4966514497734938e-17 5.434942385416312e-17 -0.23570226039632569 0.47140452079203904 -0.47140452078961936
-1.559380103531838e-17 -8.0485486854165359e-18 4.9258294453273323e-19 -2.4276100661747128e-17 0.49999999999999989 -0.5 5.248497442111352e-17 -5.1923971174218608e-17 0.23570226039632569 -0.47140452079203904 0.47140452078961931
-6.4917329390833558e-18 4.8441891857876908e-17 2.2205095032225439e-17 4.1980426999972741e-18 -0.5 0.50000000000000011 -4.8071007418070719e-17 -1.4580027102450231e-18 0.4714045207902785 0.47140452079110712 0.2357022603968715
-2.2408167153367142e-17 1.0210083648652647e-17 -6.9989018453163865e-17 -1.2309455661910199e-17 -0.5 0.5 -5.1065867363697633e-18 1.8489786327788885e-17 -0.4714045207902785 -0.47140452079110706 -0.2357022603968715
-4.5155863950734744e-17 1.0579821758585111e-17 -3.6873797979566998e-17 1.7018437869056829e-17 -0.50000000000000011 0.5 2.7897429475221606e-17 3.4105109247658591e-17 0.47140452079137996 -0.23570226039335035 -0.47140452079176615
3.7164288324300051e-17 -7.7316312826101774e-18 -3.4181756966408027e-18 -4.8723942719615214e-17 -0.50000000000000011 0.5 -2.7079111055508834e-17 2.5415840552034081e-17 -0.47140452079138001 0.23570226039335029 0.47140452079176615
1.0982561120463458e-17 5.3142993246735027e-17 3.5787833392087807e-19 -3.8605241369539021e-17 -0.5 0.5 -5.4828260825929061e-17 5.4256291040412472e-17 -0.23570226039632572 0.47140452079203909 -0.47140452078961936
-3.1753610576838669e-17 -3.845529830858831e-17 4.5137977360624677e-17 -3.8201184253926429e-17 -0.5 0.5 1.829427150223693e-17 -5.1395593216386731e-17 0.23570226039632566 -0.47140452079203904 0.47140452078961936
-3.286010939724831e-17 3.966947719589549e-17 1.7189999582776526e-17 -1.8390246125964602e-17 -0.5 -0.5 -4.4905961787260257e-17 -2.1720151081418476e-17 0.4714045207902785 0.47140452079110706 0.23570226039687153
-5.4395106726097623e-17 -1.1133852331817843e-19 -4.6557236615827623e-17 -6.5742469354783349e-18 -0.5 -0.50000000000000011 -2.2248887313739067e-17 1.2764063426878656e-18 -0.47140452079027845 -0.47140452079110712 -0.23570226039687153
-1.4436401788097928e-17 -4.3786416801688521e-17 1.761555123932987e-17 -2.5085865740173939e-17 -0.5 -0.5 4.0846668992369362e-17 3.0582018829309951e-17 0.47140452079138001 -0.23570226039335032 -0.47140452079176615
-6.2659998856255391e-18 4.4921800470787061e-17 -1.6122457139903229e-17 -3.0161672806907852e-17 -0.5 -0.50000000000000011 2.1854698905952961e-17 -8.4638706047901655e-18 -0.47140452079137996 0.2357022603933504 0.4714045207917662
4.3463485190916304e-17 8.2183635994256583e-18 -5.0738245718206506e-17 -8.1725144928606937e-19 -0.5 -0.50000000000000011 -5.5580382335165739e-17 2.6472036772847599e-17 -0.23570226039632566 0.47140452079203909 -0.47140452078961942
3.8092346123550684e-17 1.2942036702475107e-17 2.216123366340491e-17 -2.9489630379211931e-17 -0.50000000000000011 -0.5 2.1285923564819143e-17 -3.1478315536010275e-17 0.23570226039632575 -0.47140452079203909 0.47140452078961936
-2.7342875284640235e-17 1.7812014344009764e-17 4.091683501013903e-17 8.1020224517101304e-18 2.6026933407237903e-18 4.3559566976999954e-18 0.50000000000000011 0.5 0.4714045207902785 0.47140452079110706 0.23570226039687156
-8.2393045824793599e-19 -2.5391474190098e-17 -1.0018901783265779e-17 -1.6011677477538508e-17 -1.8562120315409144e-17 3.4060156649882919e-17 0.5 0.50000000000000011 -0.4714045207902785 -0.47140452079110712 -0.23570226039687145
-3.066306495673022e-17 -3.0339259297098132e-17 -5.1436867045716514e-17 2.3557371200452472e-17 -9.4784797709106175e-18 -2.0349781774500736e-18 0.5 0.5 0.47140452079137996 -0.23570226039335029 -0.47140452079176615
2.9187260174789266e-17 5.4104778769302055e-17 1.7188115893675546e-17 3.2224827024015452e-17 3.1935974542998473e-17 -3.3637147189828717e-20 0.5 0.5 -0.4714045207913799 0.23570226039335032 0.4714045207917662
-9.2407929467650285e-19 5.4767325162446781e-17 -1.6285607371841735e-17 -3.643673797555704e-17 -1.1841909965165784e-17 -3.9684147321328746e-17 0.5 0.50000000000000011 -0.23570226039632572 0.47140452079203904 -0.47140452078961936
-2.1971657415761189e-17 5.1144833060911821e-17 1.9023096951009401e-17 -2.1586376082272477e-17 -1.3660069357335754e-17 -4.0576343658335075e-17 0.5 0.5 0.23570226039632572 -0.47140452079203904 0.47140452078961942
-1.1740636256773169e-17 1.945004500607546e-17 1.5228257750758802e-17 1.6161637379972423e-17 3.621381198945722e-18 -1.1489136992428643e-17 0.5 -0.50000000000000011 0.4714045207902785 0.47140452079110706 0.2357022603968715
-5.8298969834690546e-18 -3.8311865475416075e-17 -9.4602787133499688e-18 -4.3723394103618793e-17 -9.2704864063680482e-18 1.8005804529771532e-17 0.50000000000000011 -0.5 -0.4714045207902785 -0.47140452079110706 -0.2357022603968715
1.1449949881716913e-18 -2.5728793218905801e-17 -1.6242852150060413e-17 -1.1452270123282153e-17 -1.1206662602381269e-17 1.4142716786133236e-17 0.49999999999999994 -0.49999999999999994 0.47140452079137996 -0.23570226039335032 -0.4714045207917662
-5.619522858323815e-18 8.6888401498284612e-18 1.4666412204011415e-17 -4.6595746116469937e-17 -1.5905944899338177e-17 5.9921297604358553e-17 0.5 -0.5 -0.47140452079137996 0.23570226039335032 0.47140452079176615
2.3076922441603246e-17 4.2686834992446239e-18 -2.3860819797275232e-17 -3.7413975358985088e-18 4.0639877988947247e-18 2.4687284729092013e-17 0.5 -0.49999999999999994 -0.23570226039632572 0.47140452079203909 -0.47140452078961942
1.9593880990685864e-17 -2.23066999621887e-17 -6.3388994554308924e-18 -3.1152468222530982e-17 -1.6468543774706186e-17 1.5125359514403409e-17 0.5 -0.5 0.23570226039632569 -0.47140452079203909 0.47140452078961936
-3.9255988756009164e-17 7.8040252744790132e-18 1.2184529795843637e-18 -2.0051499848558817e-18 1.8067452592405964e-17 1.5322958650202401e-17 -0.5 0.50000000000000011 0.47140452079027845 0.47140452079110701 0.2357022603968715
-5.0307424607844653e-17 -2.6970292844820044e-17 -3.6524518479327377e-17 -4.4967410919174248e-17 -1.6645141087108176e-18 2.9823520832635898e-17 -0.5 0.5 -0.4714045207902785 -0.47140452079110706 -0.23570226039687148
2.5914590402062258e-17 -6.2255918366530494e-17 -5.527980130828081e-17 2.7978357167336167e-17 -1.8966076845137717e-17 -2.8506602676865445e-17 -0.5 0.5 0.47140452079137996 -0.23570226039335035 -0.47140452079176615
-4.8244007011496555e-18 3.8593809940793148e-17 1.6705318198638095e-17 -4.7863503920011426e-17 4.9339821689071591e-17 -6.5588159428482469e-18 -0.5 0.5 -0.47140452079137996 0.23570226039335029 0.4714045207917662
1.6293639120964177e-17 3.9342391996118218e-17 -1.449433527758181e-17 3.1254493420186926e-17 6.9125527953564622e-18 4.907160289358945e-17 -0.5 0.50000000000000011 -0.23570226039632575 0.47140452079203898 -0.47140452078961931
-5.585836435665967e-17 1.8770026967876017e-18 3.5598696652378389e-17 -1.9125061061089998e-17 -3.9838432450136955e-17 1.2351095073415648e-17 -0.50000000000000011 0.5 0.23570226039632569 -0.47140452079203915 0.47140452078961942
-1.9178125693381979e-17 3.0136446141361306e-17 3.5064609655715955e-17 -2.0145792975360859e-17 5.6749291654598881e-18 3.3387276900343589e-17 -0.50000000000000011 -0.5 0.47140452079027845 0.47140452079110706 0.23570226039687142
-2.7856081027154168e-18 -3.7497031294111731e-17 4.6384710214929564e-17 3.7163122414986273e-17 -2.2769477918886882e-17 3.3087646100822148e-17 -0.5 -0.5 -0.47140452079027845 -0.47140452079110701 -0.23570226039687153
5.4328887702220028e-17 -2.8469748024397714e-17 -9.9829591387195052e-17 -1.9968139438499328e-17 6.3442307464784527e-17 1.9825228700121615e-17 -0.5 -0.5 0.47140452079137996 -0.2357022603933504 -0.4714045207917662
-3.5054782457402792e-17 5.3840469225884417e-18 -1.8092825324472485e-17 -6.6375482561874372e-17 -1.1561750997918071e-18 -5.6409539773681596e-18 -0.5 -0.5 -0.47140452079137996 0.23570226039335032 0.47140452079176609
-1.4806282899624687e-17 1.3065133927016625e-17 -8.287285646689898e-19 -2.569571209843425e-17 2.740550002673393e-17 1.8806570436282522e-19 -0.5 -0.49999999999999994 -0.23570226039632572 0.47140452079203904 -0.47140452078961936
-1.944073981962354e-17 -3.6510978258857607e-17 6.0892082047535895e-19 -5.2772895163508046e-17 -1.550322127465665e-17 -2.4796573280659453e-17 -0.5 -0.50000000000000011 0.23570226039632564 -0.47140452079203909 0.47140452078961936
-4.495242294716704e-17 -6.5624616801642997e-18 -8.7869742865396552e-18 -6.3527241704203711e-17 -5.2227353190338974e-18 4.9344527838759968e-17 -5.5892159761111298e-17 -1.5744162995870703e-18 0.94280904158165857 0.23570226039775671 -0.23570226039489467
-4.2927075035414633e-17 2.456433323729551e-17 3.6791153109072724e-17 -5.5040431362655376e-17 4.8140840330744548e-17 1.1987304148215794e-17 -2.3846869061523358e-17 -5.0130965868683284e-18 -1.1014984536135628e-12 0.70710678118445747 0.70710678118863768
1.3689954729106175e-17 -5.881008983411941e-17 -6.7332361345848457e-17 4.4540137531018105e-18 2.499404171493093e-17 3.827517423142966e-17 -2.7561489638153279e-17 1.804918637554106e-17 1.1014637972426316e-12 -0.70710678118445747 -0.70710678118863768
-5.4111443859117359e-17 1.7004524645254176e-17 -1.1527006231365025e-18 -3.7032884602066739e-17 -1.6052089674755449e-18 -5.5978541732902106e-17 -2.7800340766528602e-17 -2.199093599732599e-17 -0.94280904158165846 -0.2357022603977568 0.23570226039489478
-3.9437310559371447e-17 2.8952486959361161e-18 -5.8946225204659476e-17 -6.5866817096769624e-17 8.1740955452733534e-17 -4.4376153378640095e-18 -1.4843529188252049e-17 7.5107097964213292e-17 0.23570226039395273 0.94280904158314627 -0.23570226039274789
-5.9231302468597163e-17 -2.8393644165859034e-17 5.1783817473040349e-17 -9.2131547896267288e-17 -3.1997931907237188e-17 3.0780404266436813e-17 -4.9591345293630663e-17 -5.5870017377688897e-17 0.70710678118660431 -9.3201988243150778e-13 0.70710678118649084
-3.2524213147494624e-17 4.1292462094224145e-17 3.4107422435395986e-18 -1.4799805656465639e-18 7.7797464598448811e-17 -9.1887587266424261e-18 6.4531224935426479e-18 1.2183249165945409e-17 -0.70710678118660431 9.3201697180504838e-13 -0.70710678118649084
-4.6554855659185756e-17 -7.3520625534552988e-17 1.4791814849001391e-17 9.2547203115389189e-19 1.1620333084325872e-17 -1.2140034713649803e-18 -3.6659260182669689e-17 -5.1765511747310384e-17 -0.23570226039395276 -0.94280904158314616 0.23570226039274789
5.3194544620768502e-17 6.7014290455462348e-17 -4.6808077956154095e-17 -3.5106872201847742e-17 5.1090071546667711e-17 4.8056480441903064e-17 -4.75846998705435e-17 6.0056368553155942e-17 0.23570226039505426 0.23570226039868875 -0.94280904158138568
9.6705243503923559e-18 -4.0496361427059079e-17 -3.5385310135363367e-17 9.0495282580753934e-18 -1.5209281359291494e-17 1.2164936540974003e-17 5.82045988208217e-17 -4.9733972708676848e-17 0.70710678118770565 -0.7071067811853895 -2.1468174380771132e-12
-2.0355463308482507e-17 5.3835688393757783e-17 1.1151200353621761e-17 -1.4704705412255027e-17 1.5997810881609834e-17 -8.9411234728614941e-18 -3.9588465337326647e-17 2.7578714907520902e-17 -0.70710678118770576 0.70710678118538939 2.1468139768507153e-12
-2.8074873140510512e-17 -4.1399757754337887e-18 1.9078590501356781e-17 -6.761899320726287e-17 -2.1185417600770394e-17 -5.3874893943827427e-17 1.2442019314867968e-17 -7.301123349390511e-17 -0.23570226039505421 -0.23570226039868872 0.94280904158138557
