1 0 0 0 0 0 0 0 0 0 0
-1 0 0 0 0 0 0 0 0 0 0
0 1 0 0 0 0 0 0 0 0 0
0 -1 0 0 0 0 0 0 0 0 0
0 0 1 0 0 0 0 0 0 0 0
0 0 -1 0 0 0 0 0 0 0 0
0 0 0 1 0 0 0 0 0 0 0
0 0 0 -1 0 0 0 0 0 0 0
0 0 0 0 1 0 0 0 0 0 0
0 0 0 0 -1 0 0 0 0 0 0
0 0 0 0 0 1 0 0 0 0 0
0 0 0 0 0 -1 0 0 0 0 0
0 0 0 0 0 0 1 0 0 0 0
0 0 0 0 0 0 -1 0 0 0 0
0 0 0 0 0 0 0 1 0 0 0
0 0 0 0 0 0 0 -1 0 0 0
0.5 0.5 0.5 0.5 0 0 0 0 0 0 0
0.5 0.5 0.5 -0.5 0 0 0 0 0 0 0
0.5 0.5 -0.5 0.5 0 0 0 0 0 0 0
0.5 0.5 -0.5 -0.5 0 0 0 0 0 0 0
0.5 -0.5 0.5 0.5 0 0 0 0 0 0 0
0.5 -0.5 0.5 -0.5 0 0 0 0 0 0 0
0.5 -0.5 -0.5 0.5 0 0 0 0 0 0 0
0.5 -0.5 -0.5 -0.5 0 0 0 0 0 0 0
-0.5 0.5 0.5 0.5 0 0 0 0 0 0 0
-0.5 0.5 0.5 -0.5 0 0 0 0 0 0 0
-0.5 0.5 -0.5 0.5 0 0 0 0 0 0 0
-0.5 0.5 -0.5 -0.5 0 0 0 0 0 0 0
-0.5 -0.5 0.5 0.5 0 0 0 0 0 0 0
-0.5 -0.5 0.5 -0.5 0 0 0 0 0 0 0
-0.5 -0.5 -0.5 0.5 0 0 0 0 0 0 0
-0.5 -0.5 -0.5 -0.5 0 0 0 0 0 0 0
0.5 0.5 0 0 0.5 0.5 0 0 0 0 0
0.5 0.5 0 0 0.5 -0.5 0 0 0 0 0
0.5 0.5 0 0 -0.5 0.5 0 0 0 0 0
0.5 0.5 0 0 -0.5 -0.5 0 0 0 0 0
0.5 -0.5 0 0 0.5 0.5 0 0 0 0 0
0.5 -0.5 0 0 0.5 -0.5 0 0 0 0 0
0.5 -0.5 0 0 -0.5 0.5 0 0 0 0 0
0.5 -0.5 0 0 -0.5 -0.5 0 0 0 0 0
-0.5 0.5 0 0 0.5 0.5 0 0 0 0 0
-0.5 0.5 0 0 0.5 -0.5 0 0 0 0 0
-0.5 0.5 0 0 -0.5 0.5 0 0 0 0 0
-0.5 0.5 0 0 -0.5 -0.5 0 0 0 0 0
-0.5 -0.5 0 0 0.5 0.5 0 0 0 0 0
-0.5 -0.5 0 0 0.5 -0.5 0 0 0 0 0
-0.5 -0.5 0 0 -0.5 0.5 0 0 0 0 0
-0.5 -0.5 0 0 -0.5 -0.5 0 0 0 0 0
0.5 0.5 0 0 0 0 0.5 0.5 0 0 0
0.5 0.5 0 0 0 0 0.5 -0.5 0 0 0
0.5 0.5 0 0 0 0 -0.5 0.5 0 0 0
0.5 0.5 0 0 0 0 -0.5 -0.5 0 0 0
0.5 -0.5 0 0 0 0 0.5 0.5 0 0 0
0.5 -0.5 0 0 0 0 0.5 -0.5 0 0 0
0.5 -0.5 0 0 0 0 -0.5 0.5 0 0 0
0.5 -0.5 0 0 0 0 -0.5 -0.5 0 0 0
-0.5 0.5 0 0 0 0 0.5 0.5 0 0 0
-0.5 0.5 0 0 0 0 0.5 -0.5 0 0 0
-0.5 0.5 0 0 0 0 -0.5 0.5 0 0 0
-0.5 0.5 0 0 0 0 -0.5 -0.5 0 0 0
-0.5 -0.5 0 0 0 0 0.5 0.5 0 0 0
-0.5 -0.5 0 0 0 0 0.5 -0.5 0 0 0
-0.5 -0.5 0 0 0 0 -0.5 0.5 0 0 0
-0.5 -0.5 0 0 0 0 -0.5 -0.5 0 0 0
0 0 0.5 0.5 0.5 0.5 0 0 0 0 0
0 0 0.5 0.5 0.5 -0.5 0 0 0 0 0
0 0 0.5 0.5 -0.5 0.5 0 0 0 0 0
0 0 0.5 0.5 -0.5 -0.5 0 0 0 0 0
0 0 0.5 -0.5 0.5 0.5 0 0 0 0 0
0 0 0.5 -0.5 0.5 -0.5 0 0 0 0 0
0 0 0.5 -0.5 -0.5 0.5 0 0 0 0 0
0 0 0.5 -0.5 -0.5 -0.5 0 0 0 0 0
0 0 -0.5 0.5 0.5 0.5 0 0 0 0 0
0 0 -0.5 0.5 0.5 -0.5 0 0 0 0 0
0 0 -0.5 0.5 -0.5 0.5 0 0 0 0 0
0 0 -0.5 0.5 -0.5 -0.5 0 0 0 0 0
0 0 -0.5 -0.5 0.5 0.5 0 0 0 0 0
0 0 -0.5 -0.5 0.5 -0.5 0 0 0 0 0
0 0 -0.5 -0.5 -0.5 0.5 0 0 0 0 0
0 0 -0.5 -0.5 -0.5 -0.5 0 0 0 0 0
0 0 0.5 0.5 0 0 0.5 0.5 0 0 0
0 0 0.5 0.5 0 0 0.5 -0.5 0 0 0
0 0 0.5 0.5 0 0 -0.5 0.5 0 0 0
0 0 0.5 0.5 0 0 -0.5 -0.5 0 0 0
0 0 0.5 -0.5 0 0 0.5 0.5 0 0 0
0 0 0.5 -0.5 0 0 0.5 -0.5 0 0 0
0 0 0.5 -0.5 0 0 -0.5 0.5 0 0 0
0 0 0.5 -0.5 0 0 -0.5 -0.5 0 0 0
0 0 -0.5 0.5 0 0 0.5 0.5 0 0 0
0 0 -0.5 0.5 0 0 0.5 -0.5 0 0 0
0 0 -0.5 0.5 0 0 -0.5 0.5 0 0 0
0 0 -0.5 0.5 0 0 -0.5 -0.5 0 0 0
0 0 -0.5 -0.5 0 0 0.5 0.5 0 0 0
0 0 -0.5 -0.5 0 0 0.5 -0.5 0 0 0
0 0 -0.5 -0.5 0 0 -0.5 0.5 0 0 0
0 0 -0.5 -0.5 0 0 -0.5 -0.5 0 0 0
0 0 0 0 0.5 0.5 0.5 0.5 0 0 0
0 0 0 0 0.5 0.5 0.5 -0.5 0 0 0
0 0 0 0 0.5 0.5 -0.5 0.5 0 0 0
0 0 0 0 0.5 0.5 -0.5 -0.5 0 0 0
0 0 0 0 0.5 -0.5 0.5 0.5 0 0 0
0 0 0 0 0.5 -0.5 0.5 -0.5 0 0 0
0 0 0 0 0.5 -0.5 -0.5 0.5 0 0 0
0 0 0 0 0.5 -0.5 -0.5 -0.5 0 0 0
0 0 0 0 -0.5 0.5 0.5 0.5 0 0 0
0 0 0 0 -0.5 0.5 0.5 -0.5 0 0 0
0 0 0 0 -0.5 0.5 -0.5 0.5 0 0 0
0 0 0 0 -0.5 0.5 -0.5 -0.5 0 0 0
0 0 0 0 -0.5 -0.5 0.5 0.5 0 0 0
0 0 0 0 -0.5 -0.5 0.5 -0.5 0 0 0
0 0 0 0 -0.5 -0.5 -0.5 0.5 0 0 0
0 0 0 0 -0.5 -0.5 -0.5 -0.5 0 0 0
0.5 0 0.5 0 0.5 0 0 0 0.5 0 0
0.5 0 0.5 0 0.5 0 0 0 -0.5 0 0
0.5 0 0.5 0 -0.5 0 0 0 0.5 0 0
0.5 0 0.5 0 -0.5 0 0 0 -0.5 0 0
0.5 0 -0.5 0 0.5 0 0 0 0.5 0 0
0.5 0 -0.5 0 0.5 0 0 0 -0.5 0 0
0.5 0 -0.5 0 -0.5 0 0 0 0.5 0 0
0.5 0 -0.5 0 -0.5 0 0 0 -0.5 0 0
-0.5 0 0.5 0 0.5 0 0 0 0.5 0 0
-0.5 0 0.5 0 0.5 0 0 0 -0.5 0 0
-0.5 0 0.5 0 -0.5 0 0 0 0.5 0 0
-0.5 0 0.5 0 -0.5 0 0 0 -0.5 0 0
-0.5 0 -0.5 0 0.5 0 0 0 0.5 0 0
-0.5 0 -0.5 0 0.5 0 0 0 -0.5 0 0
-0.5 0 -0.5 0 -0.5 0 0 0 0.5 0 0
-0.5 0 -0.5 0 -0.5 0 0 0 -0.5 0 0
0.5 0 0 0.5 0 0 0.5 0 0.5 0 0
0.5 0 0 0.5 0 0 0.5 0 -0.5 0 0
0.5 0 0 0.5 0 0 -0.5 0 0.5 0 0
0.5 0 0 0.5 0 0 -0.5 0 -0.5 0 0
0.5 0 0 -0.5 0 0 0.5 0 0.5 0 0
0.5 0 0 -0.5 0 0 0.5 0 -0.5 0 0
0.5 0 0 -0.5 0 0 -0.5 0 0.5 0 0
0.5 0 0 -0.5 0 0 -0.5 0 -0.5 0 0
-0.5 0 0 0.5 0 0 0.5 0 0.5 0 0
-0.5 0 0 0.5 0 0 0.5 0 -0.5 0 0
-0.5 0 0 0.5 0 0 -0.5 0 0.5 0 0
-0.5 0 0 0.5 0 0 -0.5 0 -0.5 0 0
-0.5 0 0 -0.5 0 0 0.5 0 0.5 0 0
-0.5 0 0 -0.5 0 0 0.5 0 -0.5 0 0
-0.5 0 0 -0.5 0 0 -0.5 0 0.5 0 0
-0.5 0 0 -0.5 0 0 -0.5 0 -0.5 0 0
0.5 0 0 0 0 0.5 0 0.5 0.5 0 0
0.5 0 0 0 0 0.5 0 0.5 -0.5 0 0
0.5 0 0 0 0 0.5 0 -0.5 0.5 0 0
0.5 0 0 0 0 0.5 0 -0.5 -0.5 0 0
0.5 0 0 0 0 -0.5 0 0.5 0.5 0 0
0.5 0 0 0 0 -0.5 0 0.5 -0.5 0 0
0.5 0 0 0 0 -0.5 0 -0.5 0.5 0 0
0.5 0 0 0 0 -0.5 0 -0.5 -0.5 0 0
-0.5 0 0 0 0 0.5 0 0.5 0.5 0 0
-0.5 0 0 0 0 0.5 0 0.5 -0.5 0 0
-0.5 0 0 0 0 0.5 0 -0.5 0.5 0 0
-0.5 0 0 0 0 0.5 0 -0.5 -0.5 0 0
-0.5 0 0 0 0 -0.5 0 0.5 0.5 0 0
-0.5 0 0 0 0 -0.5 0 0.5 -0.5 0 0
-0.5 0 0 0 0 -0.5 0 -0.5 0.5 0 0
-0.5 0 0 0 0 -0.5 0 -0.5 -0.5 0 0
0 0.5 0.5 0 0 0 0 0.5 0.5 0 0
0 0.5 0.5 0 0 0 0 0.5 -0.5 0 0
0 0.5 0.5 0 0 0 0 -0.5 0.5 0 0
0 0.5 0.5 0 0 0 0 -0.5 -0.5 0 0
0 0.5 -0.5 0 0 0 0 0.5 0.5 0 0
0 0.5 -0.5 0 0 0 0 0.5 -0.5 0 0
0 0.5 -0.5 0 0 0 0 -0.5 0.5 0 0
0 0.5 -0.5 0 0 0 0 -0.5 -0.5 0 0
0 -0.5 0.5 0 0 0 0 0.5 0.5 0 0
0 -0.5 0.5 0 0 0 0 0.5 -0.5 0 0
0 -0.5 0.5 0 0 0 0 -0.5 0.5 0 0
0 -0.5 0.5 0 0 0 0 -0.5 -0.5 0 0
0 -0.5 -0.5 0 0 0 0 0.5 0.5 0 0
0 -0.5 -0.5 0 0 0 0 0.5 -0.5 0 0
0 -0.5 -0.5 0 0 0 0 -0.5 0.5 0 0
0 -0.5 -0.5 0 0 0 0 -0.5 -0.5 0 0
0 0.5 0 0.5 0 0.5 0 0 0.5 0 0
0 0.5 0 0.5 0 0.5 0 0 -0.5 0 0
0 0.5 0 0.5 0 -0.5 0 0 0.5 0 0
0 0.5 0 0.5 0 -0.5 0 0 -0.5 0 0
0 0.5 0 -0.5 0 0.5 0 0 0.5 0 0
0 0.5 0 -0.5 0 0.5 0 0 -0.5 0 0
0 0.5 0 -0.5 0 -0.5 0 0 0.5 0 0
0 0.5 0 -0.5 0 -0.5 0 0 -0.5 0 0
0 -0.5 0 0.5 0 0.5 0 0 0.5 0 0
0 -0.5 0 0.5 0 0.5 0 0 -0.5 0 0
0 -0.5 0 0.5 0 -0.5 0 0 0.5 0 0
0 -0.5 0 0.5 0 -0.5 0 0 -0.5 0 0
0 -0.5 0 -0.5 0 0.5 0 0 0.5 0 0
0 -0.5 0 -0.5 0 0.5 0 0 -0.5 0 0
0 -0.5 0 -0.5 0 -0.5 0 0 0.5 0 0
0 -0.5 0 -0.5 0 -0.5 0 0 -0.5 0 0
0 0.5 0 0 0.5 0 0.5 0 0.5 0 0
0 0.5 0 0 0.5 0 0.5 0 -0.5 0 0
0 0.5 0 0 0.5 0 -0.5 0 0.5 0 0
0 0.5 0 0 0.5 0 -0.5 0 -0.5 0 0
0 0.5 0 0 -0.5 0 0.5 0 0.5 0 0
0 0.5 0 0 -0.5 0 0.5 0 -0.5 0 0
0 0.5 0 0 -0.5 0 -0.5 0 0.5 0 0
0 0.5 0 0 -0.5 0 -0.5 0 -0.5 0 0
0 -0.5 0 0 0.5 0 0.5 0 0.5 0 0
0 -0.5 0 0 0.5 0 0.5 0 -0.5 0 0
0 -0.5 0 0 0.5 0 -0.5 0 0.5 0 0
0 -0.5 0 0 0.5 0 -0.5 0 -0.5 0 0
0 -0.5 0 0 -0.5 0 0.5 0 0.5 0 0
0 -0.5 0 0 -0.5 0 0.5 0 -0.5 0 0
0 -0.5 0 0 -0.5 0 -0.5 0 0.5 0 0
0 -0.5 0 0 -0.5 0 -0.5 0 -0.5 0 0
0 0 0.5 0 0 0.5 0.5 0 0.5 0 0
0 0 0.5 0 0 0.5 0.5 0 -0.5 0 0
0 0 0.5 0 0 0.5 -0.5 0 0.5 0 0
0 0 0.5 0 0 0.5 -0.5 0 -0.5 0 0
0 0 0.5 0 0 -0.5 0.5 0 0.5 0 0
0 0 0.5 0 0 -0.5 0.5 0 -0.5 0 0
0 0 0.5 0 0 -0.5 -0.5 0 0.5 0 0
0 0 0.5 0 0 -0.5 -0.5 0 -0.5 0 0
0 0 -0.5 0 0 0.5 0.5 0 0.5 0 0
0 0 -0.5 0 0 0.5 0.5 0 -0.5 0 0
0 0 -0.5 0 0 0.5 -0.5 0 0.5 0 0
0 0 -0.5 0 0 0.5 -0.5 0 -0.5 0 0
0 0 -0.5 0 0 -0.5 0.5 0 0.5 0 0
0 0 -0.5 0 0 -0.5 0.5 0 -0.5 0 0
0 0 -0.5 0 0 -0.5 -0.5 0 0.5 0 0
0 0 -0.5 0 0 -0.5 -0.5 0 -0.5 0 0
0 0 0 0.5 0.5 0 0 0.5 0.5 0 0
0 0 0 0.5 0.5 0 0 0.5 -0.5 0 0
0 0 0 0.5 0.5 0 0 -0.5 0.5 0 0
0 0 0 0.5 0.5 0 0 -0.5 -0.5 0 0
0 0 0 0.5 -0.5 0 0 0.5 0.5 0 0
0 0 0 0.5 -0.5 0 0 0.5 -0.5 0 0
0 0 0 0.5 -0.5 0 0 -0.5 0.5 0 0
0 0 0 0.5 -0.5 0 0 -0.5 -0.5 0 0
0 0 0 -0.5 0.5 0 0 0.5 0.5 0 0
0 0 0 -0.5 0.5 0 0 0.5 -0.5 0 0
0 0 0 -0.5 0.5 0 0 -0.5 0.5 0 0
0 0 0 -0.5 0.5 0 0 -0.5 -0.5 0 0
0 0 0 -0.5 -0.5 0 0 0.5 0.5 0 0
0 0 0 -0.5 -0.5 0 0 0.5 -0.5 0 0
0 0 0 -0.5 -0.5 0 0 -0.5 0.5 0 0
0 0 0 -0.5 -0.5 0 0 -0.5 -0.5 0 0
0.5 0 0.5 0 0 0.5 0 0 0 0.5 0
0.5 0 0.5 0 0 0.5 0 0 0 -0.5 0
0.5 0 0.5 0 0 -0.5 0 0 0 0.5 0
0.5 0 0.5 0 0 -0.5 0 0 0 -0.5 0
0.5 0 -0.5 0 0 0.5 0 0 0 0.5 0
0.5 0 -0.5 0 0 0.5 0 0 0 -0.5 0
0.5 0 -0.5 0 0 -0.5 0 0 0 0.5 0
0.5 0 -0.5 0 0 -0.5 0 0 0 -0.5 0
-0.5 0 0.5 0 0 0.5 0 0 0 0.5 0
-0.5 0 0.5 0 0 0.5 0 0 0 -0.5 0
-0.5 0 0.5 0 0 -0.5 0 0 0 0.5 0
-0.5 0 0.5 0 0 -0.5 0 0 0 -0.5 0
-0.5 0 -0.5 0 0 0.5 0 0 0 0.5 0
-0.5 0 -0.5 0 0 0.5 0 0 0 -0.5 0
-0.5 0 -0.5 0 0 -0.5 0 0 0 0.5 0
-0.5 0 -0.5 0 0 -0.5 0 0 0 -0.5 0
0.5 0 0 0.5 0 0 0 0.5 0 0.5 0
0.5 0 0 0.5 0 0 0 0.5 0 -0.5 0
0.5 0 0 0.5 0 0 0 -0.5 0 0.5 0
0.5 0 0 0.5 0 0 0 -0.5 0 -0.5 0
0.5 0 0 -0.5 0 0 0 0.5 0 0.5 0
0.5 0 0 -0.5 0 0 0 0.5 0 -0.5 0
0.5 0 0 -0.5 0 0 0 -0.5 0 0.5 0
0.5 0 0 -0.5 0 0 0 -0.5 0 -0.5 0
-0.5 0 0 0.5 0 0 0 0.5 0 0.5 0
-0.5 0 0 0.5 0 0 0 0.5 0 -0.5 0
-0.5 0 0 0.5 0 0 0 -0.5 0 0.5 0
-0.5 0 0 0.5 0 0 0 -0.5 0 -0.5 0
-0.5 0 0 -0.5 0 0 0 0.5 0 0.5 0
-0.5 0 0 -0.5 0 0 0 0.5 0 -0.5 0
-0.5 0 0 -0.5 0 0 0 -0.5 0 0.5 0
-0.5 0 0 -0.5 0 0 0 -0.5 0 -0.5 0
0.5 0 0 0 0.5 0 0.5 0 0 0.5 0
0.5 0 0 0 0.5 0 0.5 0 0 -0.5 0
0.5 0 0 0 0.5 0 -0.5 0 0 0.5 0
0.5 0 0 0 0.5 0 -0.5 0 0 -0.5 0
0.5 0 0 0 -0.5 0 0.5 0 0 0.5 0
0.5 0 0 0 -0.5 0 0.5 0 0 -0.5 0
0.5 0 0 0 -0.5 0 -0.5 0 0 0.5 0
0.5 0 0 0 -0.5 0 -0.5 0 0 -0.5 0
-0.5 0 0 0 0.5 0 0.5 0 0 0.5 0
-0.5 0 0 0 0.5 0 0.5 0 0 -0.5 0
-0.5 0 0 0 0.5 0 -0.5 0 0 0.5 0
-0.5 0 0 0 0.5 0 -0.5 0 0 -0.5 0
-0.5 0 0 0 -0.5 0 0.5 0 0 0.5 0
-0.5 0 0 0 -0.5 0 0.5 0 0 -0.5 0
-0.5 0 0 0 -0.5 0 -0.5 0 0 0.5 0
-0.5 0 0 0 -0.5 0 -0.5 0 0 -0.5 0
0 0.5 0.5 0 0 0 0.5 0 0 0.5 0
0 0.5 0.5 0 0 0 0.5 0 0 -0.5 0
0 0.5 0.5 0 0 0 -0.5 0 0 0.5 0
0 0.5 0.5 0 0 0 -0.5 0 0 -0.5 0
0 0.5 -0.5 0 0 0 0.5 0 0 0.5 0
0 0.5 -0.5 0 0 0 0.5 0 0 -0.5 0
0 0.5 -0.5 0 0 0 -0.5 0 0 0.5 0
0 0.5 -0.5 0 0 0 -0.5 0 0 -0.5 0
0 -0.5 0.5 0 0 0 0.5 0 0 0.5 0
0 -0.5 0.5 0 0 0 0.5 0 0 -0.5 0
0 -0.5 0.5 0 0 0 -0.5 0 0 0.5 0
0 -0.5 0.5 0 0 0 -0.5 0 0 -0.5 0
0 -0.5 -0.5 0 0 0 0.5 0 0 0.5 0
0 -0.5 -0.5 0 0 0 0.5 0 0 -0.5 0
0 -0.5 -0.5 0 0 0 -0.5 0 0 0.5 0
0 -0.5 -0.5 0 0 0 -0.5 0 0 -0.5 0
0 0.5 0 0.5 0.5 0 0 0 0 0.5 0
0 0.5 0 0.5 0.5 0 0 0 0 -0.5 0
0 0.5 0 0.5 -0.5 0 0 0 0 0.5 0
0 0.5 0 0.5 -0.5 0 0 0 0 -0.5 0
0 0.5 0 -0.5 0.5 0 0 0 0 0.5 0
0 0.5 0 -0.5 0.5 0 0 0 0 -0.5 0
0 0.5 0 -0.5 -0.5 0 0 0 0 0.5 0
0 0.5 0 -0.5 -0.5 0 0 0 0 -0.5 0
0 -0.5 0 0.5 0.5 0 0 0 0 0.5 0
0 -0.5 0 0.5 0.5 0 0 0 0 -0.5 0
0 -0.5 0 0.5 -0.5 0 0 0 0 0.5 0
0 -0.5 0 0.5 -0.5 0 0 0 0 -0.5 0
0 -0.5 0 -0.5 0.5 0 0 0 0 0.5 0
0 -0.5 0 -0.5 0.5 0 0 0 0 -0.5 0
0 -0.5 0 -0.5 -0.5 0 0 0 0 0.5 0
0 -0.5 0 -0.5 -0.5 0 0 0 0 -0.5 0
0 0.5 0 0 0 0.5 0 0.5 0 0.5 0
0 0.5 0 0 0 0.5 0 0.5 0 -0.5 0
0 0.5 0 0 0 0.5 0 -0.5 0 0.5 0
0 0.5 0 0 0 0.5 0 -0.5 0 -0.5 0
0 0.5 0 0 0 -0.5 0 0.5 0 0.5 0
0 0.5 0 0 0 -0.5 0 0.5 0 -0.5 0
0 0.5 0 0 0 -0.5 0 -0.5 0 0.5 0
0 0.5 0 0 0 -0.5 0 -0.5 0 -0.5 0
0 -0.5 0 0 0 0.5 0 0.5 0 0.5 0
0 -0.5 0 0 0 0.5 0 0.5 0 -0.5 0
0 -0.5 0 0 0 0.5 0 -0.5 0 0.5 0
0 -0.5 0 0 0 0.5 0 -0.5 0 -0.5 0
0 -0.5 0 0 0 -0.5 0 0.5 0 0.5 0
0 -0.5 0 0 0 -0.5 0 0.5 0 -0.5 0
0 -0.5 0 0 0 -0.5 0 -0.5 0 0.5 0
0 -0.5 0 0 0 -0.5 0 -0.5 0 -0.5 0
0 0 0.5 0 0.5 0 0 0.5 0 0.5 0
0 0 0.5 0 0.5 0 0 0.5 0 -0.5 0
0 0 0.5 0 0.5 0 0 -0.5 0 0.5 0
0 0 0.5 0 0.5 0 0 -0.5 0 -0.5 0
0 0 0.5 0 -0.5 0 0 0.5 0 0.5 0
0 0 0.5 0 -0.5 0 0 0.5 0 -0.5 0
0 0 0.5 0 -0.5 0 0 -0.5 0 0.5 0
0 0 0.5 0 -0.5 0 0 -0.5 0 -0.5 0
0 0 -0.5 0 0.5 0 0 0.5 0 0.5 0
0 0 -0.5 0 0.5 0 0 0.5 0 -0.5 0
0 0 -0.5 0 0.5 0 0 -0.5 0 0.5 0
0 0 -0.5 0 0.5 0 0 -0.5 0 -0.5 0
0 0 -0.5 0 -0.5 0 0 0.5 0 0.5 0
0 0 -0.5 0 -0.5 0 0 0.5 0 -0.5 0
0 0 -0.5 0 -0.5 0 0 -0.5 0 0.5 0
0 0 -0.5 0 -0.5 0 0 -0.5 0 -0.5 0
0 0 0 0.5 0 0.5 0.5 0 0 0.5 0
0 0 0 0.5 0 0.5 0.5 0 0 -0.5 0
0 0 0 0.5 0 0.5 -0.5 0 0 0.5 0
0 0 0 0.5 0 0.5 -0.5 0 0 -0.5 0
0 0 0 0.5 0 -0.5 0.5 0 0 0.5 0
0 0 0 0.5 0 -0.5 0.5 0 0 -0.5 0
0 0 0 0.5 0 -0.5 -0.5 0 0 0.5 0
0 0 0 0.5 0 -0.5 -0.5 0 0 -0.5 0
0 0 0 -0.5 0 0.5 0.5 0 0 0.5 0
0 0 0 -0.5 0 0.5 0.5 0 0 -0.5 0
0 0 0 -0.5 0 0.5 -0.5 0 0 0.5 0
0 0 0 -0.5 0 0.5 -0.5 0 0 -0.5 0
0 0 0 -0.5 0 -0.5 0.5 0 0 0.5 0
0 0 0 -0.5 0 -0.5 0.5 0 0 -0.5 0
0 0 0 -0.5 0 -0.5 -0.5 0 0 0.5 0
0 0 0 -0.5 0 -0.5 -0.5 0 0 -0.5 0
0.5 0 0.5 0 0 0 0.5 0 0 0 0.5
0.5 0 0.5 0 0 0 0.5 0 0 0 -0.5
0.5 0 0.5 0 0 0 -0.5 0 0 0 0.5
0.5 0 0.5 0 0 0 -0.5 0 0 0 -0.5
0.5 0 -0.5 0 0 0 0.5 0 0 0 0.5
0.5 0 -0.5 0 0 0 0.5 0 0 0 -0.5
0.5 0 -0.5 0 0 0 -0.5 0 0 0 0.5
0.5 0 -0.5 0 0 0 -0.5 0 0 0 -0.5
-0.5 0 0.5 0 0 0 0.5 0 0 0 0.5
-0.5 0 0.5 0 0 0 0.5 0 0 0 -0.5
-0.5 0 0.5 0 0 0 -0.5 0 0 0 0.5
-0.5 0 0.5 0 0 0 -0.5 0 0 0 -0.5
-0.5 0 -0.5 0 0 0 0.5 0 0 0 0.5
-0.5 0 -0.5 0 0 0 0.5 0 0 0 -0.5
-0.5 0 -0.5 0 0 0 -0.5 0 0 0 0.5
-0.5 0 -0.5 0 0 0 -0.5 0 0 0 -0.5
0.5 0 0 0.5 0 0.5 0 0 0 0 0.5
0.5 0 0 0.5 0 0.5 0 0 0 0 -0.5
0.5 0 0 0.5 0 -0.5 0 0 0 0 0.5
0.5 0 0 0.5 0 -0.5 0 0 0 0 -0.5
0.5 0 0 -0.5 0 0.5 0 0 0 0 0.5
0.5 0 0 -0.5 0 0.5 0 0 0 0 -0.5
0.5 0 0 -0.5 0 -0.5 0 0 0 0 0.5
0.5 0 0 -0.5 0 -0.5 0 0 0 0 -0.5
-0.5 0 0 0.5 0 0.5 0 0 0 0 0.5
-0.5 0 0 0.5 0 0.5 0 0 0 0 -0.5
-0.5 0 0 0.5 0 -0.5 0 0 0 0 0.5
-0.5 0 0 0.5 0 -0.5 0 0 0 0 -0.5
-0.5 0 0 -0.5 0 0.5 0 0 0 0 0.5
-0.5 0 0 -0.5 0 0.5 0 0 0 0 -0.5
-0.5 0 0 -0.5 0 -0.5 0 0 0 0 0.5
-0.5 0 0 -0.5 0 -0.5 0 0 0 0 -0.5
0.5 0 0 0 0.5 0 0 0.5 0 0 0.5
0.5 0 0 0 0.5 0 0 0.5 0 0 -0.5
0.5 0 0 0 0.5 0 0 -0.5 0 0 0.5
0.5 0 0 0 0.5 0 0 -0.5 0 0 -0.5
0.5 0 0 0 -0.5 0 0 0.5 0 0 0.5
0.5 0 0 0 -0.5 0 0 0.5 0 0 -0.5
0.5 0 0 0 -0.5 0 0 -0.5 0 0 0.5
0.5 0 0 0 -0.5 0 0 -0.5 0 0 -0.5
-0.5 0 0 0 0.5 0 0 0.5 0 0 0.5
-0.5 0 0 0 0.5 0 0 0.5 0 0 -0.5
-0.5 0 0 0 0.5 0 0 -0.5 0 0 0.5
-0.5 0 0 0 0.5 0 0 -0.5 0 0 -0.5
-0.5 0 0 0 -0.5 0 0 0.5 0 0 0.5
-0.5 0 0 0 -0.5 0 0 0.5 0 0 -0.5
-0.5 0 0 0 -0.5 0 0 -0.5 0 0 0.5
-0.5 0 0 0 -0.5 0 0 -0.5 0 0 -0.5
0 0.5 0.5 0 0.5 0 0 0 0 0 0.5
0 0.5 0.5 0 0.5 0 0 0 0 0 -0.5
0 0.5 0.5 0 -0.5 0 0 0 0 0 0.5
0 0.5 0.5 0 -0.5 0 0 0 0 0 -0.5
0 0.5 -0.5 0 0.5 0 0 0 0 0 0.5
0 0.5 -0.5 0 0.5 0 0 0 0 0 -0.5
0 0.5 -0.5 0 -0.5 0 0 0 0 0 0.5
0 0.5 -0.5 0 -0.5 0 0 0 0 0 -0.5
0 -0.5 0.5 0 0.5 0 0 0 0 0 0.5
0 -0.5 0.5 0 0.5 0 0 0 0 0 -0.5
0 -0.5 0.5 0 -0.5 0 0 0 0 0 0.5
0 -0.5 0.5 0 -0.5 0 0 0 0 0 -0.5
0 -0.5 -0.5 0 0.5 0 0 0 0 0 0.5
0 -0.5 -0.5 0 0.5 0 0 0 0 0 -0.5
0 -0.5 -0.5 0 -0.5 0 0 0 0 0 0.5
0 -0.5 -0.5 0 -0.5 0 0 0 0 0 -0.5
0 0.5 0 0.5 0 0 0 0.5 0 0 0.5
0 0.5 0 0.5 0 0 0 0.5 0 0 -0.5
0 0.5 0 0.5 0 0 0 -0.5 0 0 0.5
0 0.5 0 0.5 0 0 0 -0.5 0 0 -0.5
0 0.5 0 -0.5 0 0 0 0.5 0 0 0.5
0 0.5 0 -0.5 0 0 0 0.5 0 0 -0.5
0 0.5 0 -0.5 0 0 0 -0.5 0 0 0.5
0 0.5 0 -0.5 0 0 0 -0.5 0 0 -0.5
0 -0.5 0 0.5 0 0 0 0.5 0 0 0.5
0 -0.5 0 0.5 0 0 0 0.5 0 0 -0.5
0 -0.5 0 0.5 0 0 0 -0.5 0 0 0.5
0 -0.5 0 0.5 0 0 0 -0.5 0 0 -0.5
0 -0.5 0 -0.5 0 0 0 0.5 0 0 0.5
0 -0.5 0 -0.5 0 0 0 0.5 0 0 -0.5
0 -0.5 0 -0.5 0 0 0 -0.5 0 0 0.5
0 -0.5 0 -0.5 0 0 0 -0.5 0 0 -0.5
0 0.5 0 0 0 0.5 0.5 0 0 0 0.5
0 0.5 0 0 0 0.5 0.5 0 0 0 -0.5
0 0.5 0 0 0 0.5 -0.5 0 0 0 0.5
0 0.5 0 0 0 0.5 -0.5 0 0 0 -0.5
0 0.5 0 0 0 -0.5 0.5 0 0 0 0.5
0 0.5 0 0 0 -0.5 0.5 0 0 0 -0.5
0 0.5 0 0 0 -0.5 -0.5 0 0 0 0.5
0 0.5 0 0 0 -0.5 -0.5 0 0 0 -0.5
0 -0.5 0 0 0 0.5 0.5 0 0 0 0.5
0 -0.5 0 0 0 0.5 0.5 0 0 0 -0.5
0 -0.5 0 0 0 0.5 -0.5 0 0 0 0.5
0 -0.5 0 0 0 0.5 -0.5 0 0 0 -0.5
0 -0.5 0 0 0 -0.5 0.5 0 0 0 0.5
0 -0.5 0 0 0 -0.5 0.5 0 0 0 -0.5
0 -0.5 0 0 0 -0.5 -0.5 0 0 0 0.5
0 -0.5 0 0 0 -0.5 -0.5 0 0 0 -0.5
0 0 0.5 0 0 0.5 0 0.5 0 0 0.5
0 0 0.5 0 0 0.5 0 0.5 0 0 -0.5
0 0 0.5 0 0 0.5 0 -0.5 0 0 0.5
0 0 0.5 0 0 0.5 0 -0.5 0 0 -0.5
0 0 0.5 0 0 -0.5 0 0.5 0 0 0.5
0 0 0.5 0 0 -0.5 0 0.5 0 0 -0.5
0 0 0.5 0 0 -0.5 0 -0.5 0 0 0.5
0 0 0.5 0 0 -0.5 0 -0.5 0 0 -0.5
0 0 -0.5 0 0 0.5 0 0.5 0 0 0.5
0 0 -0.5 0 0 0.5 0 0.5 0 0 -0.5
0 0 -0.5 0 0 0.5 0 -0.5 0 0 0.5
0 0 -0.5 0 0 0.5 0 -0.5 0 0 -0.5
0 0 -0.5 0 0 -0.5 0 0.5 0 0 0.5
0 0 -0.5 0 0 -0.5 0 0.5 0 0 -0.5
0 0 -0.5 0 0 -0.5 0 -0.5 0 0 0.5
0 0 -0.5 0 0 -0.5 0 -0.5 0 0 -0.5
0 0 0 0.5 0.5 0 0.5 0 0 0 0.5
0 0 0 0.5 0.5 0 0.5 0 0 0 -0.5
0 0 0 0.5 0.5 0 -0.5 0 0 0 0.5
0 0 0 0.5 0.5 0 -0.5 0 0 0 -0.5
0 0 0 0.5 -0.5 0 0.5 0 0 0 0.5
0 0 0 0.5 -0.5 0 0.5 0 0 0 -0.5
0 0 0 0.5 -0.5 0 -0.5 0 0 0 0.5
0 0 0 0.5 -0.5 0 -0.5 0 0 0 -0.5
0 0 0 -0.5 0.5 0 0.5 0 0 0 0.5
0 0 0 -0.5 0.5 0 0.5 0 0 0 -0.5
0 0 0 -0.5 0.5 0 -0.5 0 0 0 0.5
0 0 0 -0.5 0.5 0 -0.5 0 0 0 -0.5
0 0 0 -0.5 -0.5 0 0.5 0 0 0 0.5
0 0 0 -0.5 -0.5 0 0.5 0 0 0 -0.5
0 0 0 -0.5 -0.5 0 -0.5 0 0 0 0.5
0 0 0 -0.5 -0.5 0 -0.5 0 0 0 -0.5
0.5 0.49999999999999994 -5.416795177177392e-17 -5.333204951471268e-17 5.2340598441271779e-17 5.0164055216974234e-17 7.5394622659647245e-18 5.4114320124294451e-17 0.47140452079102524 0.23570226039557096 0.47140452079101064
0.49999999999999989 0.50000000000000011 -1.2213278995656593e-19 -1.4427794944780467e-17 -3.3595967593132282e-17 -5.1991608349081488e-17 1.1751699472395666e-17 -5.2198085760469662e-17 -0.47140452079102535 -0.23570226039557091 -0.47140452079101053
0.5 0.50000000000000011 2.3676584438537472e-17 5.3520226302039713e-17 -3.9775823610107705e-17 5.414995700011261e-17 -4.0474110831008604e-17 5.1539505208723281e-17 0.47140452079105205 -0.47140452079102485 -0.23570226039548869
0.49999999999999994 0.5 -2.168791110280201e-17 6.2338948996492727e-17 5.2426416056911503e-17 -5.3983860670437568e-17 -1.0965421991336856e-17 -4.7853439929407124e-17 -0.47140452079105211 0.47140452079102485 0.23570226039548867
0.5 0.5 -2.5752407162189802e-17 -2.3613652913216077e-17 -1.1828612423980295e-17 4.2249573798802811e-17 -1.8734740882993937e-18 -4.1494723328360758e-17 0.23570226039548789 0.47140452079101092 -0.47140452079106626
0.5 0.50000000000000011 -3.5175319127167524e-17 -5.425321439475203e-17 -1.9350892269838891e-17 -5.4440705820683726e-17 4.9520694563377993e-17 5.2931162766501124e-17 -0.23570226039548792 -0.47140452079101103 0.47140452079106637
0.50000000000000011 -0.49999999999999994 -5.107020276102662e-17 -5.0700770565049585e-17 5.2248126468930801e-17 2.5033476322699307e-17 -2.5952827731259962e-17 5.3403184817742873e-17 0.47140452079102513 0.23570226039557102 0.47140452079101053
0.50000000000000011 -0.49999999999999989 5.3077277402610322e-17 -1.3389365697400443e-17 -4.9532971737485528e-17 -4.078190132624341e-17 5.1951891547753481e-17 -2.9938280354834252e-17 -0.47140452079102524 -0.23570226039557104 -0.47140452079101058
0.5 -0.5 5.2467575413706045e-17 4.7943796320978613e-17 5.2408399238483706e-18 5.2363223302171942e-17 -5.2109659794740633e-17 2.6853004654267841e-17 0.47140452079105211 -0.47140452079102485 -0.23570226039548869
0.5 -0.50000000000000011 -2.8688215914424042e-17 5.8945624354206514e-17 -4.0644110807047525e-17 2.9260044004959787e-17 4.1713646042880786e-17 1.1830297825537672e-17 -0.47140452079105222 0.47140452079102485 0.23570226039548864
0.5 -0.5 -4.031311852943631e-17 -2.3251179918343269e-17 6.7239689188332759e-18 3.9462440495355661e-17 2.3012044181459188e-17 -4.8811493409091961e-17 0.23570226039548786 0.47140452079101092 -0.47140452079106643
0.50000000000000011 -0.49999999999999989 -9.8712830792012988e-18 1.4008841522613989e-17 -5.266540749580903e-17 4.5892648126653196e-17 4.4274310834483656e-17 -2.7100054645920702e-18 -0.23570226039548789 -0.47140452079101092 0.47140452079106643
-0.5 0.5 -2.5028825594755975e-17 -1.7433766849787254e-17 5.0577427695374538e-17 3.0149803195886023e-17 -4.7463993847931332e-17 2.8091900287655264e-17 0.47140452079102529 0.23570226039557096 0.47140452079101053
-0.5 0.5 -5.454659123857279e-19 1.3829543094900076e-17 -5.3532639142535668e-17 -1.8691816436530553e-17 3.6259029070688184e-17 -1.3100046227051339e-17 -0.47140452079102518 -0.23570226039557088 -0.47140452079101058
-0.5 0.49999999999999994 5.1711982487362295e-17 2.7289675957228864e-17 5.0178448087881769e-17 4.3299444411175599e-17 -1.4406247540965436e-17 4.4567097673267081e-17 0.47140452079105222 -0.47140452079102479 -0.23570226039548872
-0.5 0.5 1.8847854430930711e-17 5.4367847645823202e-17 -1.9517727291948996e-17 1.3193015419874911e-17 5.243765328696932e-17 -1.5616494439625456e-17 -0.47140452079105211 0.47140452079102479 0.23570226039548861
-0.50000000000000011 0.5 2.0893561277267099e-17 -1.6782420777410539e-19 -3.5741791275998791e-17 3.3721082502764056e-17 1.3130839273241385e-18 -6.3557136219704674e-17 0.23570226039548794 0.47140452079101103 -0.47140452079106643
-0.50000000000000011 0.5 4.094490872086806e-17 2.9103721170596555e-17 -5.3196937242431574e-17 -1.3065588009669524e-18 4.1741390288317097e-17 5.0328140284644981e-17 -0.23570226039548783 -0.47140452079101097 0.47140452079106632
-0.49999999999999989 -0.50000000000000011 -1.3271435353473716e-17 -5.386587720136522e-17 -2.7742236983779232e-17 5.3698143855214142e-17 4.2622001511707465e-17 2.0084023667055763e-17 0.47140452079102518 0.23570226039557102 0.47140452079101053
-0.49999999999999994 -0.50000000000000011 -6.0843421880939076e-18 -4.017804656604585e-17 -5.160190081858405e-17 -5.1816639406668733e-17 2.1200065417427593e-17 -3.8059529392423072e-17 -0.47140452079102524 -0.23570226039557102 -0.47140452079101058
-0.5 -0.50000000000000011 5.3130717948579628e-17 5.4173549158087442e-18 1.6658340766984916e-17 5.0935957335291386e-17 -9.1947696252647454e-18 5.4032806791687167e-17 0.47140452079105211 -0.47140452079102485 -0.23570226039548872
-0.5 -0.5 2.1479026654613833e-17 6.076738154060131e-17 -4.5650035847313575e-17 2.3087157874931268e-17 5.0571553566067613e-17 5.3530133751778146e-17 -0.47140452079105216 0.47140452079102485 0.23570226039548858
-0.5 -0.50000000000000011 5.8680722008614085e-17 -1.2066359567249569e-17 -6.5596156156872648e-18 5.5863855887521501e-17 -4.53599621933545e-17 -4.8052537882334477e-17 0.23570226039548792 0.47140452079101103 -0.47140452079106648
-0.5 -0.50000000000000011 1.9218326276576733e-18 9.0384914612423428e-18 -5.2704328503871474e-17 -4.8333305063012364e-17 5.3150942728141798e-17 5.1885522780978932e-17 -0.23570226039548794 -0.47140452079101092 0.47140452079106637
2.4900043622240675e-19 -5.4610404582335747e-17 0.5 0.50000000000000011 3.844476630401229e-17 4.4918842232469586e-17 -1.5852621224465396e-17 4.3022712076237584e-17 0.47140452079102529 0.23570226039557093 0.47140452079101058
4.3586885255955984e-20 5.2709310257317416e-17 0.5 0.50000000000000011 -5.4701090439336256e-17 -1.7826735906807826e-17 2.5103225664785616e-17 4.535932437369002e-17 -0.47140452079102524 -0.23570226039557093 -0.47140452079101058
2.7392318416805579e-17 1.6747893129980179e-17 0.50000000000000011 0.5 -2.3177517597920659e-17 1.7052151021622508e-17 -3.1234865455664403e-17 5.3106146663425951e-17 0.47140452079105205 -0.47140452079102479 -0.23570226039548872
-6.4095713307682517e-18 5.1321329243307298e-17 0.49999999999999989 0.50000000000000011 -5.4292533372347827e-17 -3.8705988186527958e-17 5.6226515557312483e-17 -1.4083729913831142e-17 -0.47140452079105211 0.47140452079102479 0.23570226039548858
9.0135677276037272e-17 9.5262088702681522e-18 0.49999999999999989 0.50000000000000011 4.9533913738710949e-17 4.9188712963471912e-17 -3.0282484347168222e-17 -5.1649964975266054e-17 0.23570226039548792 0.47140452079101092 -0.47140452079106643
1.3913633159666055e-17 5.7237547910791671e-18 0.5 0.5 -4.6575398887112505e-17 1.8567774194196469e-17 7.7237817803462446e-18 8.9781857120344105e-18 -0.23570226039548792 -0.47140452079101097 0.47140452079106632
4.7851434480905745e-17 -1.8752230613895252e-18 0.50000000000000011 -0.5 -5.4271617401857065e-18 1.6523482219071233e-17 -2.8690639964275299e-17 8.4729316559637251e-19 0.47140452079102518 0.23570226039557093 0.47140452079101064
-2.7795131118776857e-17 -1.1352406655409045e-17 0.5 -0.5 -5.316098499813046e-17 -5.1558279444381717e-17 5.1589090558735783e-17 2.6371341000211459e-17 -0.47140452079102524 -0.23570226039557096 -0.47140452079101058
4.7807692355612277e-17 3.1200674788594253e-17 0.5 -0.5 5.485406197305495e-17 5.3624753786782628e-17 3.744289700598024e-17 5.2385289783521958e-17 0.47140452079105205 -0.47140452079102485 -0.23570226039548864
-7.2131371113007944e-18 5.105569996652284e-17 0.50000000000000011 -0.49999999999999994 -6.421919887502107e-18 -1.8065195424195339e-17 2.4550529810781598e-17 1.207951313081694e-17 -0.47140452079105222 0.47140452079102491 0.23570226039548864
5.1094147226097436e-17 4.3373144636593982e-18 0.50000000000000011 -0.5 -4.5652104167920184e-18 1.244993516734564e-17 1.6824008546118222e-17 5.1672396617486198e-18 0.23570226039548792 0.47140452079101097 -0.47140452079106632
-3.53759156952497e-17 1.7129981117915414e-17 0.50000000000000011 -0.5 4.6685412144849002e-18 2.5905125896698907e-17 3.4116369474296394e-17 5.2726096426971394e-17 -0.23570226039548794 -0.47140452079101097 0.47140452079106637
7.2026511673496999e-18 -4.4778955532560614e-17 -0.5 0.5 2.0111862881805045e-18 1.1197246189884075e-17 -8.4440736490196054e-18 4.6902477689906528e-17 0.47140452079102529 0.23570226039557099 0.47140452079101053
-9.9910523934370544e-18 3.4439064048627617e-17 -0.50000000000000011 0.5 -5.1777760131383166e-17 -5.3126865029485492e-17 5.1266174339845687e-17 1.6777821036431908e-17 -0.47140452079102518 -0.23570226039557099 -0.47140452079101064
-2.4979122614644137e-17 -3.1407212409100203e-17 -0.49999999999999994 0.50000000000000011 -3.0049137621560117e-17 5.4853427827391031e-17 -1.9132486803614043e-17 5.4379907463649567e-17 0.47140452079105216 -0.47140452079102479 -0.23570226039548869
-1.7033453757451192e-18 2.1481421367639138e-17 -0.5 0.5 -5.3571420320863045e-17 -1.8369124307853834e-17 1.850005743171413e-17 -4.1999572380675933e-17 -0.47140452079105205 0.47140452079102485 0.23570226039548867
4.457988620493222e-17 2.3828584385503343e-17 -0.50000000000000011 0.5 -5.2657187067032616e-17 5.1517847691979997e-17 -1.9769273759084516e-17 -3.2766238805587481e-18 0.235702260395488 0.47140452079101097 -0.47140452079106637
-3.576845094555694e-17 -3.7303530998689126e-17 -0.5 0.5 2.2544870506769792e-17 4.5403718807052828e-17 4.9368947819528701e-17 5.2723348397825428e-17 -0.23570226039548783 -0.47140452079101103 0.47140452079106637
4.643433618672986e-18 -3.4031810809532256e-17 -0.49999999999999983 -0.50000000000000011 1.1371399497964342e-17 1.252165229101644e-17 5.2539240691052674e-17 4.3397755477215862e-17 0.47140452079102518 0.23570226039557096 0.47140452079101053
-1.2356572192386357e-17 5.5261009939255726e-17 -0.5 -0.5 -5.2199972448805221e-17 -2.762084601434247e-17 2.6589483616485888e-17 -5.1894273202233863e-17 -0.47140452079102529 -0.23570226039557099 -0.47140452079101047
-4.3191978165801124e-18 4.4206397623676907e-17 -0.50000000000000011 -0.5 5.4436678950359457e-17 4.5265843682238971e-17 3.9680087760635601e-17 2.8691982498459753e-17 0.47140452079105216 -0.47140452079102491 -0.23570226039548864
-5.3441744782205746e-17 8.716382505406213e-19 -0.5 -0.50000000000000011 -2.5747370764162531e-17 4.8758052024396539e-17 -4.4978549325481942e-18 -1.4273901126183226e-17 -0.47140452079105222 0.47140452079102485 0.23570226039548872
5.0918492369431752e-17 4.3777136463239525e-18 -0.5 -0.50000000000000011 -2.1765737323378259e-17 5.3219091336115109e-17 -5.2063469335172459e-17 -5.3596428799777937e-17 0.23570226039548794 0.47140452079101097 -0.47140452079106637
-7.1570229224850144e-17 9.0962978736162624e-18 -0.5 -0.5 -2.935964591529115e-17 9.4675734629996843e-19 5.3951921720087174e-17 5.4922451387853224e-17 -0.23570226039548789 -0.47140452079101097 0.47140452079106637
-4.742940719624755e-19 -8.2875723120057253e-17 -4.9741125092366863e-17 -3.1898645854099605e-17 0.5 0.5 -5.2557870844793343e-17 5.3568027142005305e-17 0.47140452079102518 0.23570226039557096 0.47140452079101053
-4.277233587138629e-17 4.5244622253613259e-18 2.2739484014892757e-17 -1.4907435050825468e-17 0.5 0.50000000000000011 2.8149457982346385e-17 7.8192784518453729e-19 -0.47140452079102529 -0.23570226039557096 -0.47140452079101069
8.0775385921557585e-17 2.704072583147535e-19 6.6204181677355185e-17 1.2717587841552544e-17 0.5 0.5 -2.8468118351928403e-17 3.1469873962806712e-17 0.47140452079105216 -0.47140452079102474 -0.23570226039548867
-3.3348302181877628e-17 4.7480081702494912e-17 3.6501681684016922e-18 1.0894159817215225e-16 0.49999999999999994 0.50000000000000011 3.0212350180417306e-17 1.4673905912983656e-18 -0.47140452079105216 0.47140452079102491 0.23570226039548864
4.7488003754223621e-17 6.7570559421151325e-17 3.5016999580465643e-17 -1.1972022757592011e-17 0.5 0.5 5.7931192000670226e-19 -5.4536386292998255e-17 0.23570226039548786 0.47140452079101097 -0.47140452079106637
-3.8951006826594836e-17 -1.7174178994578003e-17 3.7190342577549024e-18 4.6519206897588049e-17 0.50000000000000011 0.5 5.3463161145165207e-17 -1.7330355479179752e-17 -0.23570226039548792 -0.47140452079101103 0.47140452079106632
-2.8280843557664824e-17 -3.9894450473715932e-19 -5.4462503018949972e-17 -4.0193065729296836e-19 0.50000000000000011 -0.49999999999999989 2.0943173586820784e-17 5.1503621265134099e-17 0.47140452079102524 0.23570226039557099 0.47140452079101064
-6.0451392314033249e-17 1.9735027134044887e-17 6.0093792719758715e-17 1.9889854535933806e-17 0.5 -0.5 1.1520939680160856e-17 4.4393694285180754e-18 -0.47140452079102524 -0.23570226039557107 -0.47140452079101058
6.261336064324281e-17 -5.5997511921382016e-18 4.3665336758144978e-17 3.8460701502096807e-17 0.5 -0.5 -1.6127147522834936e-17 5.3907676097036964e-17 0.47140452079105211 -0.47140452079102485 -0.23570226039548867
-1.9820878688581496e-17 -2.1905136909450038e-17 1.3558697976565477e-18 8.3698208059996862e-17 0.5 -0.5 -1.5999655021547395e-17 -5.5413877948679668e-18 -0.47140452079105216 0.47140452079102479 0.23570226039548867
5.0325736088955803e-17 3.2396834084872321e-18 -8.4873386795390258e-18 8.5631113285797735e-18 0.50000000000000011 -0.5 4.8409083040292466e-17 -3.7039408720246658e-17 0.23570226039548792 0.47140452079101097 -0.47140452079106643
-4.1400808514837933e-17 -3.0407167070951794e-17 5.3961407518330969e-18 -1.4887266427219318e-17 0.5 -0.5 5.510227091570947e-17 5.3652146989118254e-17 -0.23570226039548789 -0.47140452079101103 0.47140452079106637
6.1736486337884698e-17 -1.3540405928527907e-17 -8.0572466391530627e-17 1.5651227384996884e-19 -0.5 0.5 -4.7604913698459288e-17 5.816622729362534e-17 0.47140452079102529 0.23570226039557099 0.47140452079101053
-2.9575000743010903e-17 -1.2456784373662452e-17 1.1216305226546238e-17 -4.5322458519157689e-17 -0.5 0.5 5.2450055399628081e-17 8.7647301281341145e-19 -0.47140452079102524 -0.23570226039557102 -0.47140452079101053
2.0529850275674121e-17 -2.071507364736874e-18 7.5775150472521686e-17 1.0566734174737155e-17 -0.5 0.5 -1.6753891622027977e-17 5.3509338117060388e-17 0.471404520791052 -0.47140452079102485 -0.23570226039548869
-1.68364536225703e-17 3.4528381310658577e-17 1.3839658026170711e-17 4.1083570618327018e-17 -0.50000000000000011 0.5 4.3550316358865109e-17 1.9300930665522761e-17 -0.47140452079105216 0.47140452079102479 0.23570226039548861
4.0230105809440014e-17 4.6682813264456298e-17 3.8775499097587012e-17 3.6911773216313258e-18 -0.5 0.5 5.6995441402611041e-18 -3.9283119010939157e-17 0.23570226039548783 0.47140452079101092 -0.47140452079106637
5.4768825331373892e-19 -1.7895266134640458e-17 -1.7387705793344998e-17 -6.250048707504835e-17 -0.49999999999999989 0.50000000000000011 5.3209883898261146e-17 5.0952990678505229e-17 -0.23570226039548786 -0.47140452079101097 0.47140452079106637
3.2752137744892623e-17 1.0571285605608711e-17 -4.0790415072595718e-17 -3.8317470738764034e-17 -0.5 -0.5 -5.7514140750075944e-18 5.004912452739531e-17 0.47140452079102529 0.23570226039557099 0.47140452079101064
-1.2485966435175873e-17 -1.8596625573190254e-17 6.0450812747836692e-17 1.1637192332664179e-17 -0.5 -0.5 -2.2640316623565447e-17 1.0399700674080211e-18 -0.47140452079102529 -0.23570226039557099 -0.47140452079101047
1.4465567799981635e-18 -6.6793305078987503e-18 4.9433603321248663e-17 -7.695033475335196e-20 -0.5 -0.50000000000000011 -5.3558379250523244e-17 5.148294166697314e-17 0.47140452079105211 -0.47140452079102491 -0.23570226039548869
-2.4451663434029891e-17 -3.0530877381347625e-17 -2.8001829496774205e-18 5.8668872389353771e-17 -0.50000000000000011 -0.5 -2.4207648249811031e-17 -3.6812049710935068e-17 -0.47140452079105216 0.47140452079102479 0.23570226039548869
3.3108741278020736e-17 3.1542626321944138e-17 -9.9254614882112669e-18 1.5343737973889939e-17 -0.50000000000000011 -0.5 -5.4618901794851413e-17 -5.3539948603547129e-17 0.23570226039548792 0.47140452079101097 -0.47140452079106637
-3.9032527740437147e-17 -4.2748476027004375e-17 1.3712616191403972e-17 3.4364860934015335e-17 -0.5 -0.5 5.4733097102081526e-17 1.2674544398046283e-17 -0.23570226039548792 -0.47140452079101097 0.47140452079106632
7.689760008790428e-18 -1.6322243393646371e-17 -1.8798307914824271e-17 -8.0994148484794205e-18 1.306785525737393e-17 3.811123814780029e-17 0.5 0.49999999999999994 0.47140452079102529 0.23570226039557096 0.47140452079101053
-7.5516325553613019e-17 4.6627020497142766e-18 -7.5683118701738264e-17 -1.8906507533100358e-18 -3.0592087293983645e-17 -5.5547890189312105e-17 0.5 0.5 -0.47140452079102513 -0.23570226039557099 -0.47140452079101064
4.8980722595332061e-17 1.2366639360482012e-18 5.1303284987947453e-17 -1.631839240815902e-18 2.922891539243453e-17 7.8232649614712545e-18 0.5 0.50000000000000011 0.47140452079105216 -0.47140452079102479 -0.23570226039548869
-2.4138691626873307e-18 8.3376999449258999e-17 2.1616265312725005e-17 6.3987911454146318e-17 -2.0767011158346034e-17 -9.256673425314456e-18 0.5 0.5 -0.47140452079105205 0.47140452079102485 0.23570226039548861
5.859334435811947e-17 -2.1785553220317621e-18 3.6068667121247057e-18 4.9926380471076335e-17 -5.2739831939620935e-17 2.0149978378163222e-19 0.50000000000000022 0.49999999999999989 0.23570226039548792 0.47140452079101097 -0.47140452079106643
-1.7374992389899362e-17 -2.6117946718635513e-17 3.0682085255912068e-17 2.3996932450069002e-17 -1.9883401859649392e-17 1.5668938554671005e-17 0.50000000000000011 0.49999999999999983 -0.23570226039548794 -0.47140452079101092 0.47140452079106626
-2.6548475336653388e-17 6.8587220838811813e-18 -1.6037529136137323e-17 -3.8379686169768373e-17 9.6783859336599533e-18 4.1971844953323718e-17 0.5 -0.50000000000000011 0.47140452079102529 0.23570226039557102 0.47140452079101064
-5.91919715714973e-17 1.8809241036817565e-17 4.9761370810934497e-17 -2.9828846676349799e-17 -7.3860461209732025e-17 -9.0702168369031441e-18 0.5 -0.5 -0.47140452079102524 -0.23570226039557096 -0.47140452079101053
3.8263866412862471e-17 1.1513920743988857e-17 4.7701330910300333e-17 -8.756845852749461e-19 -1.7324083342715575e-17 3.5330634511249734e-17 0.50000000000000011 -0.5 0.47140452079105216 -0.47140452079102485 -0.23570226039548869
-6.718841241634464e-18 4.1397963842281708e-17 -2.6845472000812739e-18 5.9642747990922493e-17 -4.2113241628221318e-17 -2.4144691348305496e-18 0.5 -0.50000000000000011 -0.47140452079105216 0.47140452079102485 0.23570226039548869
7.4813210536173427e-17 2.2945854321891825e-17 1.9275617226524002e-18 4.9614111771396382e-17 8.2509943139611337e-18 2.7703947095848603e-17 0.5 -0.5 0.23570226039548792 0.47140452079101097 -0.47140452079106637
-5.2236326677017145e-17 -2.3702290597847693e-17 2.0466182332550517e-18 -2.6346819914696451e-17 -2.354813956517534e-18 6.3813616311165314e-17 0.49999999999999989 -0.50000000000000011 -0.23570226039548789 -0.47140452079101097 0.47140452079106637
-2.6072668721250745e-17 1.4310623795659214e-19 -9.1925749489038596e-18 -7.1700428180893096e-17 3.2004430997720692e-17 2.9124931006145325e-17 -0.5 0.5 0.47140452079102529 0.23570226039557096 0.47140452079101053
2.8123335073511093e-17 2.2272796217926439e-17 4.3409859650432856e-17 -2.3516748487433137e-17 -8.2306997504237081e-17 -2.7757139809216597e-18 -0.5 0.5 -0.47140452079102529 -0.23570226039557096 -0.47140452079101058
1.9437975961571778e-17 2.4112758392960878e-17 5.0690467520053238e-17 -2.7329667005762493e-18 -2.163691710465338e-17 3.5147859374090103e-17 -0.5 0.50000000000000011 0.47140452079105205 -0.47140452079102479 -0.23570226039548867
-7.7115033907071087e-18 5.1770594315758184e-17 2.3959190233572617e-18 5.8797099396013683e-17 -2.5014995715414678e-17 -1.3291233642713605e-17 -0.50000000000000011 0.5 -0.47140452079105216 0.47140452079102491 0.23570226039548864
1.1087751172195601e-16 2.3061830550113883e-17 1.2058306361973162e-17 -2.5735993616142242e-17 1.8584433828681019e-17 1.8685009307549641e-17 -0.5 0.5 0.23570226039548789 0.47140452079101103 -0.47140452079106643
7.1549047185350864e-18 -1.1228071425821924e-17 -1.821340311394859e-17 -3.293995558288872e-17 -4.0769118576394098e-17 8.8613363876178114e-18 -0.5 0.50000000000000011 -0.23570226039548794 -0.47140452079101097 0.47140452079106643
6.6027648099943231e-18 3.7322205208059881e-17 -1.8381111189501351e-17 -3.2704821913187371e-17 2.6856460871449542e-17 2.1248465321219177e-17 -0.50000000000000011 -0.5 0.47140452079102524 0.23570226039557104 0.47140452079101064
-5.7327507097993664e-17 1.9452100429976187e-17 2.4093205815829073e-17 -2.3187114380725324e-19 -8.3002122404404485e-17 -3.7141468567169446e-18 -0.5 -0.5 -0.47140452079102529 -0.23570226039557099 -0.47140452079101053
2.4207452606750709e-17 2.2905511340349925e-17 -1.1047478556323844e-17 3.7612331890419367e-17 4.7719182477986345e-17 7.5672805564019748e-18 -0.5 -0.50000000000000011 0.47140452079105216 -0.47140452079102491 -0.23570226039548867
-4.1087447795039793e-17 1.6784815369604933e-17 3.0482720399490849e-18 5.5057456467703285e-17 -1.9321361071463691e-17 1.4599055000876135e-17 -0.50000000000000011 -0.49999999999999989 -0.47140452079105216 0.47140452079102485 0.23570226039548853
5.8356917039156717e-17 6.7273583814598071e-17 4.1421673849133596e-17 -2.726779095842518e-18 -4.3822049465674776e-17 3.561745624583526e-17 -0.49999999999999989 -0.50000000000000011 0.23570226039548789 0.47140452079101092 -0.47140452079106637
-2.4638344674421192e-17 -8.1365762786397538e-18 -1.8337927535365888e-17 2.3957688543703326e-17 -3.3267520607547364e-17 -1.4488377070292426e-17 -0.50000000000000011 -0.5 -0.23570226039548794 -0.47140452079101092 0.47140452079106643
9.3104202455506255e-17 -6.6350430926873087e-17 4.4916101558368203e-17 -5.9592354487524025e-17 5.233660731746088e-19 5.631678133987768e-17 -3.8591898679128427e-17 -1.7514804125139683e-17 0.94280904158207735 -0.23570226039545383 0.23570226039552181
-1.4891329192528702e-17 1.7647786704428343e-17 1.8215332518942864e-18 5.668139627263354e-17 5.1917519523650255e-18 5.8566518059762368e-17 -3.2034443713383851e-17 4.2306893833688887e-17 -2.6955996732429915e-14 0.70710678118659587 0.70710678118649939
-1.019992638597216e-17 5.6247428525462893e-17 3.0388861249331817e-17 -1.6457084311412389e-17 2.4022280914833849e-18 3.2539506157006744e-19 -1.4464135983225262e-17 1.9808571143482411e-17 2.6871702237162088e-14 -0.70710678118659587 -0.70710678118649928
-5.6811854467885984e-17 -9.1816094981835427e-18 -4.9341670036894826e-17 3.4592546875163216e-17 -5.4351099515730897e-17 -3.3781740529661191e-17 1.0440094495734587e-16 2.8095556677917341e-17 -0.94280904158207735 0.23570226039545386 -0.23570226039552192
8.9306994097998829e-17 -6.4835124749673493e-17 5.406102168771308e-17 -2.8561096293758363e-17 5.5579698817526785e-19 4.0368682227473129e-17 -2.0347022018822548e-17 1.3932161368819661e-17 0.70710678118651304 0.70710678118658199 -5.5810089395508567e-14
-6.2290826610658007e-17 1.3670552057288446e-19 -2.087709266029864e-19 -8.9208024898856175e-18 1.5542891634649356e-17 6.6497903161254732e-17 1.3791768886558148e-17 9.0459092669568189e-17 0.23570226039553738 -0.23570226039544007 0.94280904158207701
7.1884939700587789e-17 6.7746913643529593e-17 -6.6134720274848893e-18 -2.2905392225554921e-17 -5.9181096332400288e-17 -1.5037430086451865e-17 1.4825508694082088e-17 -5.1172574377203399e-17 -0.23570226039553738 0.23570226039544001 -0.94280904158207701
-4.5423821283294019e-17 8.0698312274053094e-18 -6.3289371410422546e-18 6.4673898133391101e-17 -5.2713226191433594e-17 2.9639328201822045e-17 4.1686440234316858e-17 2.5278166579310335e-17 -0.70710678118651316 -0.70710678118658199 5.5843090999937027e-14
8.9965045776679441e-17 1.1357197524611276e-17 6.0706062801691729e-17 -5.6787735276651851e-17 -2.1744635180126346e-17 5.9187117609630165e-17 -5.8619016809639826e-17 -1.2913649183298564e-17 0.70710678118653991 -1.3876493976059457e-14 -0.70710678118655512
-5.82500839028793e-18 6.6467651841186439e-18 6.7574270322407676e-17 4.6484413427962468e-17 1.3578999340916211e-17 2.3407824982444839e-17 2.6952414261899754e-18 6.9129214564004288e-17 0.23570226039556422 -0.94280904158203582 0.23570226039557768
1.6556661684674797e-17 6.3831032153919121e-17 -9.814294954886126e-18 6.6128575873986293e-17 -4.9264809546003931e-17 -6.3768181314406197e-17 4.9869799603288022e-17 -5.0584055451207679e-17 -0.23570226039556424 0.94280904158203582 -0.23570226039557776
-2.6639660510085368e-17 4.3318372710575194e-17 1.6923994606880823e-17 7.1282422755601193e-17 3.9697042288130457e-19 9.2671479867054245e-18 4.5714040735914916e-17 3.0083070669805126e-17 -0.70710678118654013 1.3836314394876257e-14 0.70710678118655501
