1 0 0 0 0 0 0 0 0 0 0 0
-1 0 0 0 0 0 0 0 0 0 0 0
0 1 0 0 0 0 0 0 0 0 0 0
0 -1 0 0 0 0 0 0 0 0 0 0
0 0 1 0 0 0 0 0 0 0 0 0
0 0 -1 0 0 0 0 0 0 0 0 0
0 0 0 1 0 0 0 0 0 0 0 0
0 0 0 -1 0 0 0 0 0 0 0 0
0 0 0 0 1 0 0 0 0 0 0 0
0 0 0 0 -1 0 0 0 0 0 0 0
0 0 0 0 0 1 0 0 0 0 0 0
0 0 0 0 0 -1 0 0 0 0 0 0
0 0 0 0 0 0 1 0 0 0 0 0
0 0 0 0 0 0 -1 0 0 0 0 0
0 0 0 0 0 0 0 1 0 0 0 0
0 0 0 0 0 0 0 -1 0 0 0 0
0.5 0.5 0.5 0.5 0 0 0 0 0 0 0 0
0.5 0.5 0.5 -0.5 0 0 0 0 0 0 0 0
0.5 0.5 -0.5 0.5 0 0 0 0 0 0 0 0
0.5 0.5 -0.5 -0.5 0 0 0 0 0 0 0 0
0.5 -0.5 0.5 0.5 0 0 0 0 0 0 0 0
0.5 -0.5 0.5 -0.5 0 0 0 0 0 0 0 0
0.5 -0.5 -0.5 0.5 0 0 0 0 0 0 0 0
0.5 -0.5 -0.5 -0.5 0 0 0 0 0 0 0 0
-0.5 0.5 0.5 0.5 0 0 0 0 0 0 0 0
-0.5 0.5 0.5 -0.5 0 0 0 0 0 0 0 0
-0.5 0.5 -0.5 0.5 0 0 0 0 0 0 0 0
-0.5 0.5 -0.5 -0.5 0 0 0 0 0 0 0 0
-0.5 -0.5 0.5 0.5 0 0 0 0 0 0 0 0
-0.5 -0.5 0.5 -0.5 0 0 0 0 0 0 0 0
-0.5 -0.5 -0.5 0.5 0 0 0 0 0 0 0 0
-0.5 -0.5 -0.5 -0.5 0 0 0 0 0 0 0 0
0.5 0.5 0 0 0 0.5 0 0 0 0 0 0.5
0.5 0.5 0 0 0 0.5 0 0 0 0 0 -0.5
0.5 0.5 0 0 0 -0.5 0 0 0 0 0 0.5
0.5 0.5 0 0 0 -0.5 0 0 0 0 0 -0.5
0.5 -0.5 0 0 0 0.5 0 0 0 0 0 0.5
0.5 -0.5 0 0 0 0.5 0 0 0 0 0 -0.5
0.5 -0.5 0 0 0 -0.5 0 0 0 0 0 0.5
0.5 -0.5 0 0 0 -0.5 0 0 0 0 0 -0.5
-0.5 0.5 0 0 0 0.5 0 0 0 0 0 0.5
-0.5 0.5 0 0 0 0.5 0 0 0 0 0 -0.5
-0.5 0.5 0 0 0 -0.5 0 0 0 0 0 0.5
-0.5 0.5 0 0 0 -0.5 0 0 0 0 0 -0.5
-0.5 -0.5 0 0 0 0.5 0 0 0 0 0 0.5
-0.5 -0.5 0 0 0 0.5 0 0 0 0 0 -0.5
-0.5 -0.5 0 0 0 -0.5 0 0 0 0 0 0.5
-0.5 -0.5 0 0 0 -0.5 0 0 0 0 0 -0.5
0.5 0.5 0 0 0 0 0.5 0.5 0 0 0 0
0.5 0.5 0 0 0 0 0.5 -0.5 0 0 0 0
0.5 0.5 0 0 0 0 -0.5 0.5 0 0 0 0
0.5 0.5 0 0 0 0 -0.5 -0.5 0 0 0 0
0.5 -0.5 0 0 0 0 0.5 0.5 0 0 0 0
0.5 -0.5 0 0 0 0 0.5 -0.5 0 0 0 0
0.5 -0.5 0 0 0 0 -0.5 0.5 0 0 0 0
0.5 -0.5 0 0 0 0 -0.5 -0.5 0 0 0 0
-0.5 0.5 0 0 0 0 0.5 0.5 0 0 0 0
-0.5 0.5 0 0 0 0 0.5 -0.5 0 0 0 0
-0.5 0.5 0 0 0 0 -0.5 0.5 0 0 0 0
-0.5 0.5 0 0 0 0 -0.5 -0.5 0 0 0 0
-0.5 -0.5 0 0 0 0 0.5 0.5 0 0 0 0
-0.5 -0.5 0 0 0 0 0.5 -0.5 0 0 0 0
-0.5 -0.5 0 0 0 0 -0.5 0.5 0 0 0 0
-0.5 -0.5 0 0 0 0 -0.5 -0.5 0 0 0 0
0.5 0.5 0 0 0 0 0 0 0.5 0 0.5 0
0.5 0.5 0 0 0 0 0 0 0.5 0 -0.5 0
0.5 0.5 0 0 0 0 0 0 -0.5 0 0.5 0
0.5 0.5 0 0 0 0 0 0 -0.5 0 -0.5 0
0.5 -0.5 0 0 0 0 0 0 0.5 0 0.5 0
0.5 -0.5 0 0 0 0 0 0 0.5 0 -0.5 0
0.5 -0.5 0 0 0 0 0 0 -0.5 0 0.5 0
0.5 -0.5 0 0 0 0 0 0 -0.5 0 -0.5 0
-0.5 0.5 0 0 0 0 0 0 0.5 0 0.5 0
-0.5 0.5 0 0 0 0 0 0 0.5 0 -0.5 0
-0.5 0.5 0 0 0 0 0 0 -0.5 0 0.5 0
-0.5 0.5 0 0 0 0 0 0 -0.5 0 -0.5 0
-0.5 -0.5 0 0 0 0 0 0 0.5 0 0.5 0
-0.5 -0.5 0 0 0 0 0 0 0.5 0 -0.5 0
-0.5 -0.5 0 0 0 0 0 0 -0.5 0 0.5 0
-0.5 -0.5 0 0 0 0 0 0 -0.5 0 -0.5 0
0.5 0 0.5 0 0.5 0 0 0 0 0 0.5 0
0.5 0 0.5 0 0.5 0 0 0 0 0 -0.5 0
0.5 0 0.5 0 -0.5 0 0 0 0 0 0.5 0
0.5 0 0.5 0 -0.5 0 0 0 0 0 -0.5 0
0.5 0 -0.5 0 0.5 0 0 0 0 0 0.5 0
0.5 0 -0.5 0 0.5 0 0 0 0 0 -0.5 0
0.5 0 -0.5 0 -0.5 0 0 0 0 0 0.5 0
0.5 0 -0.5 0 -0.5 0 0 0 0 0 -0.5 0
-0.5 0 0.5 0 0.5 0 0 0 0 0 0.5 0
-0.5 0 0.5 0 0.5 0 0 0 0 0 -0.5 0
-0.5 0 0.5 0 -0.5 0 0 0 0 0 0.5 0
-0.5 0 0.5 0 -0.5 0 0 0 0 0 -0.5 0
-0.5 0 -0.5 0 0.5 0 0 0 0 0 0.5 0
-0.5 0 -0.5 0 0.5 0 0 0 0 0 -0.5 0
-0.5 0 -0.5 0 -0.5 0 0 0 0 0 0.5 0
-0.5 0 -0.5 0 -0.5 0 0 0 0 0 -0.5 0
0.5 0 0.5 0 0 0.5 0.5 0 0 0 0 0
0.5 0 0.5 0 0 0.5 -0.5 0 0 0 0 0
0.5 0 0.5 0 0 -0.5 0.5 0 0 0 0 0
0.5 0 0.5 0 0 -0.5 -0.5 0 0 0 0 0
0.5 0 -0.5 0 0 0.5 0.5 0 0 0 0 0
0.5 0 -0.5 0 0 0.5 -0.5 0 0 0 0 0
0.5 0 -0.5 0 0 -0.5 0.5 0 0 0 0 0
0.5 0 -0.5 0 0 -0.5 -0.5 0 0 0 0 0
-0.5 0 0.5 0 0 0.5 0.5 0 0 0 0 0
-0.5 0 0.5 0 0 0.5 -0.5 0 0 0 0 0
-0.5 0 0.5 0 0 -0.5 0.5 0 0 0 0 0
-0.5 0 0.5 0 0 -0.5 -0.5 0 0 0 0 0
-0.5 0 -0.5 0 0 0.5 0.5 0 0 0 0 0
-0.5 0 -0.5 0 0 0.5 -0.5 0 0 0 0 0
-0.5 0 -0.5 0 0 -0.5 0.5 0 0 0 0 0
-0.5 0 -0.5 0 0 -0.5 -0.5 0 0 0 0 0
0.5 0 0.5 0 0 0 0 0.5 0 0.5 0 0
0.5 0 0.5 0 0 0 0 0.5 0 -0.5 0 0
0.5 0 0.5 0 0 0 0 -0.5 0 0.5 0 0
0.5 0 0.5 0 0 0 0 -0.5 0 -0.5 0 0
0.5 0 -0.5 0 0 0 0 0.5 0 0.5 0 0
0.5 0 -0.5 0 0 0 0 0.5 0 -0.5 0 0
0.5 0 -0.5 0 0 0 0 -0.5 0 0.5 0 0
0.5 0 -0.5 0 0 0 0 -0.5 0 -0.5 0 0
-0.5 0 0.5 0 0 0 0 0.5 0 0.5 0 0
-0.5 0 0.5 0 0 0 0 0.5 0 -0.5 0 0
-0.5 0 0.5 0 0 0 0 -0.5 0 0.5 0 0
-0.5 0 0.5 0 0 0 0 -0.5 0 -0.5 0 0
-0.5 0 -0.5 0 0 0 0 0.5 0 0.5 0 0
-0.5 0 -0.5 0 0 0 0 0.5 0 -0.5 0 0
-0.5 0 -0.5 0 0 0 0 -0.5 0 0.5 0 0
-0.5 0 -0.5 0 0 0 0 -0.5 0 -0.5 0 0
0.5 0 0.5 0 0 0 0 0 0.5 0 0 0.5
0.5 0 0.5 0 0 0 0 0 0.5 0 0 -0.5
0.5 0 0.5 0 0 0 0 0 -0.5 0 0 0.5
0.5 0 0.5 0 0 0 0 0 -0.5 0 0 -0.5
0.5 0 -0.5 0 0 0 0 0 0.5 0 0 0.5
0.5 0 -0.5 0 0 0 0 0 0.5 0 0 -0.5
0.5 0 -0.5 0 0 0 0 0 -0.5 0 0 0.5
0.5 0 -0.5 0 0 0 0 0 -0.5 0 0 -0.5
-0.5 0 0.5 0 0 0 0 0 0.5 0 0 0.5
-0.5 0 0.5 0 0 0 0 0 0.5 0 0 -0.5
-0.5 0 0.5 0 0 0 0 0 -0.5 0 0 0.5
-0.5 0 0.5 0 0 0 0 0 -0.5 0 0 -0.5
-0.5 0 -0.5 0 0 0 0 0 0.5 0 0 0.5
-0.5 0 -0.5 0 0 0 0 0 0.5 0 0 -0.5
-0.5 0 -0.5 0 0 0 0 0 -0.5 0 0 0.5
-0.5 0 -0.5 0 0 0 0 0 -0.5 0 0 -0.5
0.5 0 0 0.5 0.5 0 0 0.5 0 0 0 0
0.5 0 0 0.5 0.5 0 0 -0.5 0 0 0 0
0.5 0 0 0.5 -0.5 0 0 0.5 0 0 0 0
0.5 0 0 0.5 -0.5 0 0 -0.5 0 0 0 0
0.5 0 0 -0.5 0.5 0 0 0.5 0 0 0 0
0.5 0 0 -0.5 0.5 0 0 -0.5 0 0 0 0
0.5 0 0 -0.5 -0.5 0 0 0.5 0 0 0 0
0.5 0 0 -0.5 -0.5 0 0 -0.5 0 0 0 0
-0.5 0 0 0.5 0.5 0 0 0.5 0 0 0 0
-0.5 0 0 0.5 0.5 0 0 -0.5 0 0 0 0
-0.5 0 0 0.5 -0.5 0 0 0.5 0 0 0 0
-0.5 0 0 0.5 -0.5 0 0 -0.5 0 0 0 0
-0.5 0 0 -0.5 0.5 0 0 0.5 0 0 0 0
-0.5 0 0 -0.5 0.5 0 0 -0.5 0 0 0 0
-0.5 0 0 -0.5 -0.5 0 0 0.5 0 0 0 0
-0.5 0 0 -0.5 -0.5 0 0 -0.5 0 0 0 0
0.5 0 0 0.5 0 0.5 0 0 0 0 0.5 0
0.5 0 0 0.5 0 0.5 0 0 0 0 -0.5 0
0.5 0 0 0.5 0 -0.5 0 0 0 0 0.5 0
0.5 0 0 0.5 0 -0.5 0 0 0 0 -0.5 0
0.5 0 0 -0.5 0 0.5 0 0 0 0 0.5 0
0.5 0 0 -0.5 0 0.5 0 0 0 0 -0.5 0
0.5 0 0 -0.5 0 -0.5 0 0 0 0 0.5 0
0.5 0 0 -0.5 0 -0.5 0 0 0 0 -0.5 0
-0.5 0 0 0.5 0 0.5 0 0 0 0 0.5 0
-0.5 0 0 0.5 0 0.5 0 0 0 0 -0.5 0
-0.5 0 0 0.5 0 -0.5 0 0 0 0 0.5 0
-0.5 0 0 0.5 0 -0.5 0 0 0 0 -0.5 0
-0.5 0 0 -0.5 0 0.5 0 0 0 0 0.5 0
-0.5 0 0 -0.5 0 0.5 0 0 0 0 -0.5 0
-0.5 0 0 -0.5 0 -0.5 0 0 0 0 0.5 0
-0.5 0 0 -0.5 0 -0.5 0 0 0 0 -0.5 0
0.5 0 0 0.5 0 0 0.5 0 0.5 0 0 0
0.5 0 0 0.5 0 0 0.5 0 -0.5 0 0 0
0.5 0 0 0.5 0 0 -0.5 0 0.5 0 0 0
0.5 0 0 0.5 0 0 -0.5 0 -0.5 0 0 0
0.5 0 0 -0.5 0 0 0.5 0 0.5 0 0 0
0.5 0 0 -0.5 0 0 0.5 0 -0.5 0 0 0
0.5 0 0 -0.5 0 0 -0.5 0 0.5 0 0 0
0.5 0 0 -0.5 0 0 -0.5 0 -0.5 0 0 0
-0.5 0 0 0.5 0 0 0.5 0 0.5 0 0 0
-0.5 0 0 0.5 0 0 0.5 0 -0.5 0 0 0
-0.5 0 0 0.5 0 0 -0.5 0 0.5 0 0 0
-0.5 0 0 0.5 0 0 -0.5 0 -0.5 0 0 0
-0.5 0 0 -0.5 0 0 0.5 0 0.5 0 0 0
-0.5 0 0 -0.5 0 0 0.5 0 -0.5 0 0 0
-0.5 0 0 -0.5 0 0 -0.5 0 0.5 0 0 0
-0.5 0 0 -0.5 0 0 -0.5 0 -0.5 0 0 0
0.5 0 0 0.5 0 0 0 0 0 0.5 0 0.5
0.5 0 0 0.5 0 0 0 0 0 0.5 0 -0.5
0.5 0 0 0.5 0 0 0 0 0 -0.5 0 0.5
0.5 0 0 0.5 0 0 0 0 0 -0.5 0 -0.5
0.5 0 0 -0.5 0 0 0 0 0 0.5 0 0.5
0.5 0 0 -0.5 0 0 0 0 0 0.5 0 -0.5
0.5 0 0 -0.5 0 0 0 0 0 -0.5 0 0.5
0.5 0 0 -0.5 0 0 0 0 0 -0.5 0 -0.5
-0.5 0 0 0.5 0 0 0 0 0 0.5 0 0.5
-0.5 0 0 0.5 0 0 0 0 0 0.5 0 -0.5
-0.5 0 0 0.5 0 0 0 0 0 -0.5 0 0.5
-0.5 0 0 0.5 0 0 0 0 0 -0.5 0 -0.5
-0.5 0 0 -0.5 0 0 0 0 0 0.5 0 0.5
-0.5 0 0 -0.5 0 0 0 0 0 0.5 0 -0.5
-0.5 0 0 -0.5 0 0 0 0 0 -0.5 0 0.5
-0.5 0 0 -0.5 0 0 0 0 0 -0.5 0 -0.5
0.5 0 0 0 0.5 0 0.5 0 0 0 0 0.5
0.5 0 0 0 0.5 0 0.5 0 0 0 0 -0.5
0.5 0 0 0 0.5 0 -0.5 0 0 0 0 0.5
0.5 0 0 0 0.5 0 -0.5 0 0 0 0 -0.5
0.5 0 0 0 -0.5 0 0.5 0 0 0 0 0.5
0.5 0 0 0 -0.5 0 0.5 0 0 0 0 -0.5
0.5 0 0 0 -0.5 0 -0.5 0 0 0 0 0.5
0.5 0 0 0 -0.5 0 -0.5 0 0 0 0 -0.5
-0.5 0 0 0 0.5 0 0.5 0 0 0 0 0.5
-0.5 0 0 0 0.5 0 0.5 0 0 0 0 -0.5
-0.5 0 0 0 0.5 0 -0.5 0 0 0 0 0.5
-0.5 0 0 0 0.5 0 -0.5 0 0 0 0 -0.5
-0.5 0 0 0 -0.5 0 0.5 0 0 0 0 0.5
-0.5 0 0 0 -0.5 0 0.5 0 0 0 0 -0.5
-0.5 0 0 0 -0.5 0 -0.5 0 0 0 0 0.5
-0.5 0 0 0 -0.5 0 -0.5 0 0 0 0 -0.5
0.5 0 0 0 0.5 0 0 0 0.5 0.5 0 0
0.5 0 0 0 0.5 0 0 0 0.5 -0.5 0 0
0.5 0 0 0 0.5 0 0 0 -0.5 0.5 0 0
0.5 0 0 0 0.5 0 0 0 -0.5 -0.5 0 0
0.5 0 0 0 -0.5 0 0 0 0.5 0.5 0 0
0.5 0 0 0 -0.5 0 0 0 0.5 -0.5 0 0
0.5 0 0 0 -0.5 0 0 0 -0.5 0.5 0 0
0.5 0 0 0 -0.5 0 0 0 -0.5 -0.5 0 0
-0.5 0 0 0 0.5 0 0 0 0.5 0.5 0 0
-0.5 0 0 0 0.5 0 0 0 0.5 -0.5 0 0
-0.5 0 0 0 0.5 0 0 0 -0.5 0.5 0 0
-0.5 0 0 0 0.5 0 0 0 -0.5 -0.5 0 0
-0.5 0 0 0 -0.5 0 0 0 0.5 0.5 0 0
-0.5 0 0 0 -0.5 0 0 0 0.5 -0.5 0 0
-0.5 0 0 0 -0.5 0 0 0 -0.5 0.5 0 0
-0.5 0 0 0 -0.5 0 0 0 -0.5 -0.5 0 0
0.5 0 0 0 0 0.5 0 0.5 0.5 0 0 0
0.5 0 0 0 0 0.5 0 0.5 -0.5 0 0 0
0.5 0 0 0 0 0.5 0 -0.5 0.5 0 0 0
0.5 0 0 0 0 0.5 0 -0.5 -0.5 0 0 0
0.5 0 0 0 0 -0.5 0 0.5 0.5 0 0 0
0.5 0 0 0 0 -0.5 0 0.5 -0.5 0 0 0
0.5 0 0 0 0 -0.5 0 -0.5 0.5 0 0 0
0.5 0 0 0 0 -0.5 0 -0.5 -0.5 0 0 0
-0.5 0 0 0 0 0.5 0 0.5 0.5 0 0 0
-0.5 0 0 0 0 0.5 0 0.5 -0.5 0 0 0
-0.5 0 0 0 0 0.5 0 -0.5 0.5 0 0 0
-0.5 0 0 0 0 0.5 0 -0.5 -0.5 0 0 0
-0.5 0 0 0 0 -0.5 0 0.5 0.5 0 0 0
-0.5 0 0 0 0 -0.5 0 0.5 -0.5 0 0 0
-0.5 0 0 0 0 -0.5 0 -0.5 0.5 0 0 0
-0.5 0 0 0 0 -0.5 0 -0.5 -0.5 0 0 0
0.5 0 0 0 0 0 0.5 0 0 0.5 0.5 0
0.5 0 0 0 0 0 0.5 0 0 0.5 -0.5 0
0.5 0 0 0 0 0 0.5 0 0 -0.5 0.5 0
0.5 0 0 0 0 0 0.5 0 0 -0.5 -0.5 0
0.5 0 0 0 0 0 -0.5 0 0 0.5 0.5 0
0.5 0 0 0 0 0 -0.5 0 0 0.5 -0.5 0
0.5 0 0 0 0 0 -0.5 0 0 -0.5 0.5 0
0.5 0 0 0 0 0 -0.5 0 0 -0.5 -0.5 0
-0.5 0 0 0 0 0 0.5 0 0 0.5 0.5 0
-0.5 0 0 0 0 0 0.5 0 0 0.5 -0.5 0
-0.5 0 0 0 0 0 0.5 0 0 -0.5 0.5 0
-0.5 0 0 0 0 0 0.5 0 0 -0.5 -0.5 0
-0.5 0 0 0 0 0 -0.5 0 0 0.5 0.5 0
-0.5 0 0 0 0 0 -0.5 0 0 0.5 -0.5 0
-0.5 0 0 0 0 0 -0.5 0 0 -0.5 0.5 0
-0.5 0 0 0 0 0 -0.5 0 0 -0.5 -0.5 0
0.5 0 0 0 0 0 0 0.5 0 0 0.5 0.5
0.5 0 0 0 0 0 0 0.5 0 0 0.5 -0.5
0.5 0 0 0 0 0 0 0.5 0 0 -0.5 0.5
0.5 0 0 0 0 0 0 0.5 0 0 -0.5 -0.5
0.5 0 0 0 0 0 0 -0.5 0 0 0.5 0.5
0.5 0 0 0 0 0 0 -0.5 0 0 0.5 -0.5
0.5 0 0 0 0 0 0 -0.5 0 0 -0.5 0.5
0.5 0 0 0 0 0 0 -0.5 0 0 -0.5 -0.5
-0.5 0 0 0 0 0 0 0.5 0 0 0.5 0.5
-0.5 0 0 0 0 0 0 0.5 0 0 0.5 -0.5
-0.5 0 0 0 0 0 0 0.5 0 0 -0.5 0.5
-0.5 0 0 0 0 0 0 0.5 0 0 -0.5 -0.5
-0.5 0 0 0 0 0 0 -0.5 0 0 0.5 0.5
-0.5 0 0 0 0 0 0 -0.5 0 0 0.5 -0.5
-0.5 0 0 0 0 0 0 -0.5 0 0 -0.5 0.5
-0.5 0 0 0 0 0 0 -0.5 0 0 -0.5 -0.5
0 0.5 0.5 0 0.5 0 0 0.5 0 0 0 0
0 0.5 0.5 0 0.5 0 0 -0.5 0 0 0 0
0 0.5 0.5 0 -0.5 0 0 0.5 0 0 0 0
0 0.5 0.5 0 -0.5 0 0 -0.5 0 0 0 0
0 0.5 -0.5 0 0.5 0 0 0.5 0 0 0 0
0 0.5 -0.5 0 0.5 0 0 -0.5 0 0 0 0
0 0.5 -0.5 0 -0.5 0 0 0.5 0 0 0 0
0 0.5 -0.5 0 -0.5 0 0 -0.5 0 0 0 0
0 -0.5 0.5 0 0.5 0 0 0.5 0 0 0 0
0 -0.5 0.5 0 0.5 0 0 -0.5 0 0 0 0
0 -0.5 0.5 0 -0.5 0 0 0.5 0 0 0 0
0 -0.5 0.5 0 -0.5 0 0 -0.5 0 0 0 0
0 -0.5 -0.5 0 0.5 0 0 0.5 0 0 0 0
0 -0.5 -0.5 0 0.5 0 0 -0.5 0 0 0 0
0 -0.5 -0.5 0 -0.5 0 0 0.5 0 0 0 0
0 -0.5 -0.5 0 -0.5 0 0 -0.5 0 0 0 0
0 0.5 0.5 0 0 0.5 0 0 0.5 0 0 0
0 0.5 0.5 0 0 0.5 0 0 -0.5 0 0 0
0 0.5 0.5 0 0 -0.5 0 0 0.5 0 0 0
0 0.5 0.5 0 0 -0.5 0 0 -0.5 0 0 0
0 0.5 -0.5 0 0 0.5 0 0 0.5 0 0 0
0 0.5 -0.5 0 0 0.5 0 0 -0.5 0 0 0
0 0.5 -0.5 0 0 -0.5 0 0 0.5 0 0 0
0 0.5 -0.5 0 0 -0.5 0 0 -0.5 0 0 0
0 -0.5 0.5 0 0 0.5 0 0 0.5 0 0 0
0 -0.5 0.5 0 0 0.5 0 0 -0.5 0 0 0
0 -0.5 0.5 0 0 -0.5 0 0 0.5 0 0 0
0 -0.5 0.5 0 0 -0.5 0 0 -0.5 0 0 0
0 -0.5 -0.5 0 0 0.5 0 0 0.5 0 0 0
0 -0.5 -0.5 0 0 0.5 0 0 -0.5 0 0 0
0 -0.5 -0.5 0 0 -0.5 0 0 0.5 0 0 0
0 -0.5 -0.5 0 0 -0.5 0 0 -0.5 0 0 0
0 0.5 0.5 0 0 0 0.5 0 0 0.5 0 0
0 0.5 0.5 0 0 0 0.5 0 0 -0.5 0 0
0 0.5 0.5 0 0 0 -0.5 0 0 0.5 0 0
0 0.5 0.5 0 0 0 -0.5 0 0 -0.5 0 0
0 0.5 -0.5 0 0 0 0.5 0 0 0.5 0 0
0 0.5 -0.5 0 0 0 0.5 0 0 -0.5 0 0
0 0.5 -0.5 0 0 0 -0.5 0 0 0.5 0 0
0 0.5 -0.5 0 0 0 -0.5 0 0 -0.5 0 0
0 -0.5 0.5 0 0 0 0.5 0 0 0.5 0 0
0 -0.5 0.5 0 0 0 0.5 0 0 -0.5 0 0
0 -0.5 0.5 0 0 0 -0.5 0 0 0.5 0 0
0 -0.5 0.5 0 0 0 -0.5 0 0 -0.5 0 0
0 -0.5 -0.5 0 0 0 0.5 0 0 0.5 0 0
0 -0.5 -0.5 0 0 0 0.5 0 0 -0.5 0 0
0 -0.5 -0.5 0 0 0 -0.5 0 0 0.5 0 0
0 -0.5 -0.5 0 0 0 -0.5 0 0 -0.5 0 0
0 0.5 0.5 0 0 0 0 0 0 0 0.5 0.5
0 0.5 0.5 0 0 0 0 0 0 0 0.5 -0.5
0 0.5 0.5 0 0 0 0 0 0 0 -0.5 0.5
0 0.5 0.5 0 0 0 0 0 0 0 -0.5 -0.5
0 0.5 -0.5 0 0 0 0 0 0 0 0.5 0.5
0 0.5 -0.5 0 0 0 0 0 0 0 0.5 -0.5
0 0.5 -0.5 0 0 0 0 0 0 0 -0.5 0.5
0 0.5 -0.5 0 0 0 0 0 0 0 -0.5 -0.5
0 -0.5 0.5 0 0 0 0 0 0 0 0.5 0.5
0 -0.5 0.5 0 0 0 0 0 0 0 0.5 -0.5
0 -0.5 0.5 0 0 0 0 0 0 0 -0.5 0.5
0 -0.5 0.5 0 0 0 0 0 0 0 -0.5 -0.5
0 -0.5 -0.5 0 0 0 0 0 0 0 0.5 0.5
0 -0.5 -0.5 0 0 0 0 0 0 0 0.5 -0.5
0 -0.5 -0.5 0 0 0 0 0 0 0 -0.5 0.5
0 -0.5 -0.5 0 0 0 0 0 0 0 -0.5 -0.5
0 0.5 0 0.5 0.5 0 0 0 0 0 0 0.5
0 0.5 0 0.5 0.5 0 0 0 0 0 0 -0.5
0 0.5 0 0.5 -0.5 0 0 0 0 0 0 0.5
0 0.5 0 0.5 -0.5 0 0 0 0 0 0 -0.5
0 0.5 0 -0.5 0.5 0 0 0 0 0 0 0.5
0 0.5 0 -0.5 0.5 0 0 0 0 0 0 -0.5
0 0.5 0 -0.5 -0.5 0 0 0 0 0 0 0.5
0 0.5 0 -0.5 -0.5 0 0 0 0 0 0 -0.5
0 -0.5 0 0.5 0.5 0 0 0 0 0 0 0.5
0 -0.5 0 0.5 0.5 0 0 0 0 0 0 -0.5
0 -0.5 0 0.5 -0.5 0 0 0 0 0 0 0.5
0 -0.5 0 0.5 -0.5 0 0 0 0 0 0 -0.5
0 -0.5 0 -0.5 0.5 0 0 0 0 0 0 0.5
0 -0.5 0 -0.5 0.5 0 0 0 0 0 0 -0.5
0 -0.5 0 -0.5 -0.5 0 0 0 0 0 0 0.5
0 -0.5 0 -0.5 -0.5 0 0 0 0 0 0 -0.5
0 0.5 0 0.5 0 0.5 0.5 0 0 0 0 0
0 0.5 0 0.5 0 0.5 -0.5 0 0 0 0 0
0 0.5 0 0.5 0 -0.5 0.5 0 0 0 0 0
0 0.5 0 0.5 0 -0.5 -0.5 0 0 0 0 0
0 0.5 0 -0.5 0 0.5 0.5 0 0 0 0 0
0 0.5 0 -0.5 0 0.5 -0.5 0 0 0 0 0
0 0.5 0 -0.5 0 -0.5 0.5 0 0 0 0 0
0 0.5 0 -0.5 0 -0.5 -0.5 0 0 0 0 0
0 -0.5 0 0.5 0 0.5 0.5 0 0 0 0 0
0 -0.5 0 0.5 0 0.5 -0.5 0 0 0 0 0
0 -0.5 0 0.5 0 -0.5 0.5 0 0 0 0 0
0 -0.5 0 0.5 0 -0.5 -0.5 0 0 0 0 0
0 -0.5 0 -0.5 0 0.5 0.5 0 0 0 0 0
0 -0.5 0 -0.5 0 0.5 -0.5 0 0 0 0 0
0 -0.5 0 -0.5 0 -0.5 0.5 0 0 0 0 0
0 -0.5 0 -0.5 0 -0.5 -0.5 0 0 0 0 0
0 0.5 0 0.5 0 0 0 0.5 0.5 0 0 0
0 0.5 0 0.5 0 0 0 0.5 -0.5 0 0 0
0 0.5 0 0.5 0 0 0 -0.5 0.5 0 0 0
0 0.5 0 0.5 0 0 0 -0.5 -0.5 0 0 0
0 0.5 0 -0.5 0 0 0 0.5 0.5 0 0 0
0 0.5 0 -0.5 0 0 0 0.5 -0.5 0 0 0
0 0.5 0 -0.5 0 0 0 -0.5 0.5 0 0 0
0 0.5 0 -0.5 0 0 0 -0.5 -0.5 0 0 0
0 -0.5 0 0.5 0 0 0 0.5 0.5 0 0 0
0 -0.5 0 0.5 0 0 0 0.5 -0.5 0 0 0
0 -0.5 0 0.5 0 0 0 -0.5 0.5 0 0 0
0 -0.5 0 0.5 0 0 0 -0.5 -0.5 0 0 0
0 -0.5 0 -0.5 0 0 0 0.5 0.5 0 0 0
0 -0.5 0 -0.5 0 0 0 0.5 -0.5 0 0 0
0 -0.5 0 -0.5 0 0 0 -0.5 0.5 0 0 0
0 -0.5 0 -0.5 0 0 0 -0.5 -0.5 0 0 0
0 0.5 0 0.5 0 0 0 0 0 0.5 0.5 0
0 0.5 0 0.5 0 0 0 0 0 0.5 -0.5 0
0 0.5 0 0.5 0 0 0 0 0 -0.5 0.5 0
0 0.5 0 0.5 0 0 0 0 0 -0.5 -0.5 0
0 0.5 0 -0.5 0 0 0 0 0 0.5 0.5 0
0 0.5 0 -0.5 0 0 0 0 0 0.5 -0.5 0
0 0.5 0 -0.5 0 0 0 0 0 -0.5 0.5 0
0 0.5 0 -0.5 0 0 0 0 0 -0.5 -0.5 0
0 -0.5 0 0.5 0 0 0 0 0 0.5 0.5 0
0 -0.5 0 0.5 0 0 0 0 0 0.5 -0.5 0
0 -0.5 0 0.5 0 0 0 0 0 -0.5 0.5 0
0 -0.5 0 0.5 0 0 0 0 0 -0.5 -0.5 0
0 -0.5 0 -0.5 0 0 0 0 0 0.5 0.5 0
0 -0.5 0 -0.5 0 0 0 0 0 0.5 -0.5 0
0 -0.5 0 -0.5 0 0 0 0 0 -0.5 0.5 0
0 -0.5 0 -0.5 0 0 0 0 0 -0.5 -0.5 0
0 0.5 0 0 0.5 0.5 0 0 0 0.5 0 0
0 0.5 0 0 0.5 0.5 0 0 0 -0.5 0 0
0 0.5 0 0 0.5 -0.5 0 0 0 0.5 0 0
0 0.5 0 0 0.5 -0.5 0 0 0 -0.5 0 0
0 0.5 0 0 -0.5 0.5 0 0 0 0.5 0 0
0 0.5 0 0 -0.5 0.5 0 0 0 -0.5 0 0
0 0.5 0 0 -0.5 -0.5 0 0 0 0.5 0 0
0 0.5 0 0 -0.5 -0.5 0 0 0 -0.5 0 0
0 -0.5 0 0 0.5 0.5 0 0 0 0.5 0 0
0 -0.5 0 0 0.5 0.5 0 0 0 -0.5 0 0
0 -0.5 0 0 0.5 -0.5 0 0 0 0.5 0 0
0 -0.5 0 0 0.5 -0.5 0 0 0 -0.5 0 0
0 -0.5 0 0 -0.5 0.5 0 0 0 0.5 0 0
0 -0.5 0 0 -0.5 0.5 0 0 0 -0.5 0 0
0 -0.5 0 0 -0.5 -0.5 0 0 0 0.5 0 0
0 -0.5 0 0 -0.5 -0.5 0 0 0 -0.5 0 0
0 0.5 0 0 0.5 0 0.5 0 0 0 0.5 0
0 0.5 0 0 0.5 0 0.5 0 0 0 -0.5 0
0 0.5 0 0 0.5 0 -0.5 0 0 0 0.5 0
0 0.5 0 0 0.5 0 -0.5 0 0 0 -0.5 0
0 0.5 0 0 -0.5 0 0.5 0 0 0 0.5 0
0 0.5 0 0 -0.5 0 0.5 0 0 0 -0.5 0
0 0.5 0 0 -0.5 0 -0.5 0 0 0 0.5 0
0 0.5 0 0 -0.5 0 -0.5 0 0 0 -0.5 0
0 -0.5 0 0 0.5 0 0.5 0 0 0 0.5 0
0 -0.5 0 0 0.5 0 0.5 0 0 0 -0.5 0
0 -0.5 0 0 0.5 0 -0.5 0 0 0 0.5 0
0 -0.5 0 0 0.5 0 -0.5 0 0 0 -0.5 0
0 -0.5 0 0 -0.5 0 0.5 0 0 0 0.5 0
0 -0.5 0 0 -0.5 0 0.5 0 0 0 -0.5 0
0 -0.5 0 0 -0.5 0 -0.5 0 0 0 0.5 0
0 -0.5 0 0 -0.5 0 -0.5 0 0 0 -0.5 0
0 0.5 0 0 0 0.5 0 0.5 0 0 0.5 0
0 0.5 0 0 0 0.5 0 0.5 0 0 -0.5 0
0 0.5 0 0 0 0.5 0 -0.5 0 0 0.5 0
0 0.5 0 0 0 0.5 0 -0.5 0 0 -0.5 0
0 0.5 0 0 0 -0.5 0 0.5 0 0 0.5 0
0 0.5 0 0 0 -0.5 0 0.5 0 0 -0.5 0
0 0.5 0 0 0 -0.5 0 -0.5 0 0 0.5 0
0 0.5 0 0 0 -0.5 0 -0.5 0 0 -0.5 0
0 -0.5 0 0 0 0.5 0 0.5 0 0 0.5 0
0 -0.5 0 0 0 0.5 0 0.5 0 0 -0.5 0
0 -0.5 0 0 0 0.5 0 -0.5 0 0 0.5 0
0 -0.5 0 0 0 0.5 0 -0.5 0 0 -0.5 0
0 -0.5 0 0 0 -0.5 0 0.5 0 0 0.5 0
0 -0.5 0 0 0 -0.5 0 0.5 0 0 -0.5 0
0 -0.5 0 0 0 -0.5 0 -0.5 0 0 0.5 0
0 -0.5 0 0 0 -0.5 0 -0.5 0 0 -0.5 0
0 0.5 0 0 0 0 0.5 0 0.5 0 0 0.5
0 0.5 0 0 0 0 0.5 0 0.5 0 0 -0.5
0 0.5 0 0 0 0 0.5 0 -0.5 0 0 0.5
0 0.5 0 0 0 0 0.5 0 -0.5 0 0 -0.5
0 0.5 0 0 0 0 -0.5 0 0.5 0 0 0.5
0 0.5 0 0 0 0 -0.5 0 0.5 0 0 -0.5
0 0.5 0 0 0 0 -0.5 0 -0.5 0 0 0.5
0 0.5 0 0 0 0 -0.5 0 -0.5 0 0 -0.5
0 -0.5 0 0 0 0 0.5 0 0.5 0 0 0.5
0 -0.5 0 0 0 0 0.5 0 0.5 0 0 -0.5
0 -0.5 0 0 0 0 0.5 0 -0.5 0 0 0.5
0 -0.5 0 0 0 0 0.5 0 -0.5 0 0 -0.5
0 -0.5 0 0 0 0 -0.5 0 0.5 0 0 0.5
0 -0.5 0 0 0 0 -0.5 0 0.5 0 0 -0.5
0 -0.5 0 0 0 0 -0.5 0 -0.5 0 0 0.5
0 -0.5 0 0 0 0 -0.5 0 -0.5 0 0 -0.5
0 0.5 0 0 0 0 0 0.5 0 0.5 0 0.5
0 0.5 0 0 0 0 0 0.5 0 0.5 0 -0.5
0 0.5 0 0 0 0 0 0.5 0 -0.5 0 0.5
0 0.5 0 0 0 0 0 0.5 0 -0.5 0 -0.5
0 0.5 0 0 0 0 0 -0.5 0 0.5 0 0.5
0 0.5 0 0 0 0 0 -0.5 0 0.5 0 -0.5
0 0.5 0 0 0 0 0 -0.5 0 -0.5 0 0.5
0 0.5 0 0 0 0 0 -0.5 0 -0.5 0 -0.5
0 -0.5 0 0 0 0 0 0.5 0 0.5 0 0.5
0 -0.5 0 0 0 0 0 0.5 0 0.5 0 -0.5
0 -0.5 0 0 0 0 0 0.5 0 -0.5 0 0.5
0 -0.5 0 0 0 0 0 0.5 0 -0.5 0 -0.5
0 -0.5 0 0 0 0 0 -0.5 0 0.5 0 0.5
0 -0.5 0 0 0 0 0 -0.5 0 0.5 0 -0.5
0 -0.5 0 0 0 0 0 -0.5 0 -0.5 0 0.5
0 -0.5 0 0 0 0 0 -0.5 0 -0.5 0 -0.5
0 0 0.5 0.5 0.5 0.5 0 0 0 0 0 0
0 0 0.5 0.5 0.5 -0.5 0 0 0 0 0 0
0 0 0.5 0.5 -0.5 0.5 0 0 0 0 0 0
0 0 0.5 0.5 -0.5 -0.5 0 0 0 0 0 0
0 0 0.5 -0.5 0.5 0.5 0 0 0 0 0 0
0 0 0.5 -0.5 0.5 -0.5 0 0 0 0 0 0
0 0 0.5 -0.5 -0.5 0.5 0 0 0 0 0 0
0 0 0.5 -0.5 -0.5 -0.5 0 0 0 0 0 0
0 0 -0.5 0.5 0.5 0.5 0 0 0 0 0 0
0 0 -0.5 0.5 0.5 -0.5 0 0 0 0 0 0
0 0 -0.5 0.5 -0.5 0.5 0 0 0 0 0 0
0 0 -0.5 0.5 -0.5 -0.5 0 0 0 0 0 0
0 0 -0.5 -0.5 0.5 0.5 0 0 0 0 0 0
0 0 -0.5 -0.5 0.5 -0.5 0 0 0 0 0 0
0 0 -0.5 -0.5 -0.5 0.5 0 0 0 0 0 0
0 0 -0.5 -0.5 -0.5 -0.5 0 0 0 0 0 0
0 0 0.5 0.5 0 0 0.5 0.5 0 0 0 0
0 0 0.5 0.5 0 0 0.5 -0.5 0 0 0 0
0 0 0.5 0.5 0 0 -0.5 0.5 0 0 0 0
0 0 0.5 0.5 0 0 -0.5 -0.5 0 0 0 0
0 0 0.5 -0.5 0 0 0.5 0.5 0 0 0 0
0 0 0.5 -0.5 0 0 0.5 -0.5 0 0 0 0
0 0 0.5 -0.5 0 0 -0.5 0.5 0 0 0 0
0 0 0.5 -0.5 0 0 -0.5 -0.5 0 0 0 0
0 0 -0.5 0.5 0 0 0.5 0.5 0 0 0 0
0 0 -0.5 0.5 0 0 0.5 -0.5 0 0 0 0
0 0 -0.5 0.5 0 0 -0.5 0.5 0 0 0 0
0 0 -0.5 0.5 0 0 -0.5 -0.5 0 0 0 0
0 0 -0.5 -0.5 0 0 0.5 0.5 0 0 0 0
0 0 -0.5 -0.5 0 0 0.5 -0.5 0 0 0 0
0 0 -0.5 -0.5 0 0 -0.5 0.5 0 0 0 0
0 0 -0.5 -0.5 0 0 -0.5 -0.5 0 0 0 0
0 0 0.5 0.5 0 0 0 0 0.5 0.5 0 0
0 0 0.5 0.5 0 0 0 0 0.5 -0.5 0 0
0 0 0.5 0.5 0 0 0 0 -0.5 0.5 0 0
0 0 0.5 0.5 0 0 0 0 -0.5 -0.5 0 0
0 0 0.5 -0.5 0 0 0 0 0.5 0.5 0 0
0 0 0.5 -0.5 0 0 0 0 0.5 -0.5 0 0
0 0 0.5 -0.5 0 0 0 0 -0.5 0.5 0 0
0 0 0.5 -0.5 0 0 0 0 -0.5 -0.5 0 0
0 0 -0.5 0.5 0 0 0 0 0.5 0.5 0 0
0 0 -0.5 0.5 0 0 0 0 0.5 -0.5 0 0
0 0 -0.5 0.5 0 0 0 0 -0.5 0.5 0 0
0 0 -0.5 0.5 0 0 0 0 -0.5 -0.5 0 0
0 0 -0.5 -0.5 0 0 0 0 0.5 0.5 0 0
0 0 -0.5 -0.5 0 0 0 0 0.5 -0.5 0 0
0 0 -0.5 -0.5 0 0 0 0 -0.5 0.5 0 0
0 0 -0.5 -0.5 0 0 0 0 -0.5 -0.5 0 0
0 0 0.5 0 0.5 0 0.5 0 0.5 0 0 0
0 0 0.5 0 0.5 0 0.5 0 -0.5 0 0 0
0 0 0.5 0 0.5 0 -0.5 0 0.5 0 0 0
0 0 0.5 0 0.5 0 -0.5 0 -0.5 0 0 0
0 0 0.5 0 -0.5 0 0.5 0 0.5 0 0 0
0 0 0.5 0 -0.5 0 0.5 0 -0.5 0 0 0
0 0 0.5 0 -0.5 0 -0.5 0 0.5 0 0 0
0 0 0.5 0 -0.5 0 -0.5 0 -0.5 0 0 0
0 0 -0.5 0 0.5 0 0.5 0 0.5 0 0 0
0 0 -0.5 0 0.5 0 0.5 0 -0.5 0 0 0
0 0 -0.5 0 0.5 0 -0.5 0 0.5 0 0 0
0 0 -0.5 0 0.5 0 -0.5 0 -0.5 0 0 0
0 0 -0.5 0 -0.5 0 0.5 0 0.5 0 0 0
0 0 -0.5 0 -0.5 0 0.5 0 -0.5 0 0 0
0 0 -0.5 0 -0.5 0 -0.5 0 0.5 0 0 0
0 0 -0.5 0 -0.5 0 -0.5 0 -0.5 0 0 0
0 0 0.5 0 0.5 0 0 0 0 0.5 0 0.5
0 0 0.5 0 0.5 0 0 0 0 0.5 0 -0.5
0 0 0.5 0 0.5 0 0 0 0 -0.5 0 0.5
0 0 0.5 0 0.5 0 0 0 0 -0.5 0 -0.5
0 0 0.5 0 -0.5 0 0 0 0 0.5 0 0.5
0 0 0.5 0 -0.5 0 0 0 0 0.5 0 -0.5
0 0 0.5 0 -0.5 0 0 0 0 -0.5 0 0.5
0 0 0.5 0 -0.5 0 0 0 0 -0.5 0 -0.5
0 0 -0.5 0 0.5 0 0 0 0 0.5 0 0.5
0 0 -0.5 0 0.5 0 0 0 0 0.5 0 -0.5
0 0 -0.5 0 0.5 0 0 0 0 -0.5 0 0.5
0 0 -0.5 0 0.5 0 0 0 0 -0.5 0 -0.5
0 0 -0.5 0 -0.5 0 0 0 0 0.5 0 0.5
0 0 -0.5 0 -0.5 0 0 0 0 0.5 0 -0.5
0 0 -0.5 0 -0.5 0 0 0 0 -0.5 0 0.5
0 0 -0.5 0 -0.5 0 0 0 0 -0.5 0 -0.5
0 0 0.5 0 0 0.5 0 0.5 0 0 0 0.5
0 0 0.5 0 0 0.5 0 0.5 0 0 0 -0.5
0 0 0.5 0 0 0.5 0 -0.5 0 0 0 0.5
0 0 0.5 0 0 0.5 0 -0.5 0 0 0 -0.5
0 0 0.5 0 0 -0.5 0 0.5 0 0 0 0.5
0 0 0.5 0 0 -0.5 0 0.5 0 0 0 -0.5
0 0 0.5 0 0 -0.5 0 -0.5 0 0 0 0.5
0 0 0.5 0 0 -0.5 0 -0.5 0 0 0 -0.5
0 0 -0.5 0 0 0.5 0 0.5 0 0 0 0.5
0 0 -0.5 0 0 0.5 0 0.5 0 0 0 -0.5
0 0 -0.5 0 0 0.5 0 -0.5 0 0 0 0.5
0 0 -0.5 0 0 0.5 0 -0.5 0 0 0 -0.5
0 0 -0.5 0 0 -0.5 0 0.5 0 0 0 0.5
0 0 -0.5 0 0 -0.5 0 0.5 0 0 0 -0.5
0 0 -0.5 0 0 -0.5 0 -0.5 0 0 0 0.5
0 0 -0.5 0 0 -0.5 0 -0.5 0 0 0 -0.5
0 0 0.5 0 0 0.5 0 0 0 0.5 0.5 0
0 0 0.5 0 0 0.5 0 0 0 0.5 -0.5 0
0 0 0.5 0 0 0.5 0 0 0 -0.5 0.5 0
0 0 0.5 0 0 0.5 0 0 0 -0.5 -0.5 0
0 0 0.5 0 0 -0.5 0 0 0 0.5 0.5 0
0 0 0.5 0 0 -0.5 0 0 0 0.5 -0.5 0
0 0 0.5 0 0 -0.5 0 0 0 -0.5 0.5 0
0 0 0.5 0 0 -0.5 0 0 0 -0.5 -0.5 0
0 0 -0.5 0 0 0.5 0 0 0 0.5 0.5 0
0 0 -0.5 0 0 0.5 0 0 0 0.5 -0.5 0
0 0 -0.5 0 0 0.5 0 0 0 -0.5 0.5 0
0 0 -0.5 0 0 0.5 0 0 0 -0.5 -0.5 0
0 0 -0.5 0 0 -0.5 0 0 0 0.5 0.5 0
0 0 -0.5 0 0 -0.5 0 0 0 0.5 -0.5 0
0 0 -0.5 0 0 -0.5 0 0 0 -0.5 0.5 0
0 0 -0.5 0 0 -0.5 0 0 0 -0.5 -0.5 0
0 0 0.5 0 0 0 0 0.5 0.5 0 0.5 0
0 0 0.5 0 0 0 0 0.5 0.5 0 -0.5 0
0 0 0.5 0 0 0 0 0.5 -0.5 0 0.5 0
0 0 0.5 0 0 0 0 0.5 -0.5 0 -0.5 0
0 0 0.5 0 0 0 0 -0.5 0.5 0 0.5 0
0 0 0.5 0 0 0 0 -0.5 0.5 0 -0.5 0
0 0 0.5 0 0 0 0 -0.5 -0.5 0 0.5 0
0 0 0.5 0 0 0 0 -0.5 -0.5 0 -0.5 0
0 0 -0.5 0 0 0 0 0.5 0.5 0 0.5 0
0 0 -0.5 0 0 0 0 0.5 0.5 0 -0.5 0
0 0 -0.5 0 0 0 0 0.5 -0.5 0 0.5 0
0 0 -0.5 0 0 0 0 0.5 -0.5 0 -0.5 0
0 0 -0.5 0 0 0 0 -0.5 0.5 0 0.5 0
0 0 -0.5 0 0 0 0 -0.5 0.5 0 -0.5 0
0 0 -0.5 0 0 0 0 -0.5 -0.5 0 0.5 0
0 0 -0.5 0 0 0 0 -0.5 -0.5 0 -0.5 0
0 0 0 0.5 0.5 0 0.5 0 0 0.5 0 0
0 0 0 0.5 0.5 0 0.5 0 0 -0.5 0 0
0 0 0 0.5 0.5 0 -0.5 0 0 0.5 0 0
0 0 0 0.5 0.5 0 -0.5 0 0 -0.5 0 0
0 0 0 0.5 -0.5 0 0.5 0 0 0.5 0 0
0 0 0 0.5 -0.5 0 0.5 0 0 -0.5 0 0
0 0 0 0.5 -0.5 0 -0.5 0 0 0.5 0 0
0 0 0 0.5 -0.5 0 -0.5 0 0 -0.5 0 0
0 0 0 -0.5 0.5 0 0.5 0 0 0.5 0 0
0 0 0 -0.5 0.5 0 0.5 0 0 -0.5 0 0
0 0 0 -0.5 0.5 0 -0.5 0 0 0.5 0 0
0 0 0 -0.5 0.5 0 -0.5 0 0 -0.5 0 0
0 0 0 -0.5 -0.5 0 0.5 0 0 0.5 0 0
0 0 0 -0.5 -0.5 0 0.5 0 0 -0.5 0 0
0 0 0 -0.5 -0.5 0 -0.5 0 0 0.5 0 0
0 0 0 -0.5 -0.5 0 -0.5 0 0 -0.5 0 0
0 0 0 0.5 0.5 0 0 0 0.5 0 0.5 0
0 0 0 0.5 0.5 0 0 0 0.5 0 -0.5 0
0 0 0 0.5 0.5 0 0 0 -0.5 0 0.5 0
0 0 0 0.5 0.5 0 0 0 -0.5 0 -0.5 0
0 0 0 0.5 -0.5 0 0 0 0.5 0 0.5 0
0 0 0 0.5 -0.5 0 0 0 0.5 0 -0.5 0
0 0 0 0.5 -0.5 0 0 0 -0.5 0 0.5 0
0 0 0 0.5 -0.5 0 0 0 -0.5 0 -0.5 0
0 0 0 -0.5 0.5 0 0 0 0.5 0 0.5 0
0 0 0 -0.5 0.5 0 0 0 0.5 0 -0.5 0
0 0 0 -0.5 0.5 0 0 0 -0.5 0 0.5 0
0 0 0 -0.5 0.5 0 0 0 -0.5 0 -0.5 0
0 0 0 -0.5 -0.5 0 0 0 0.5 0 0.5 0
0 0 0 -0.5 -0.5 0 0 0 0.5 0 -0.5 0
0 0 0 -0.5 -0.5 0 0 0 -0.5 0 0.5 0
0 0 0 -0.5 -0.5 0 0 0 -0.5 0 -0.5 0
0 0 0 0.5 0 0.5 0 0.5 0 0.5 0 0
0 0 0 0.5 0 0.5 0 0.5 0 -0.5 0 0
0 0 0 0.5 0 0.5 0 -0.5 0 0.5 0 0
0 0 0 0.5 0 0.5 0 -0.5 0 -0.5 0 0
0 0 0 0.5 0 -0.5 0 0.5 0 0.5 0 0
0 0 0 0.5 0 -0.5 0 0.5 0 -0.5 0 0
0 0 0 0.5 0 -0.5 0 -0.5 0 0.5 0 0
0 0 0 0.5 0 -0.5 0 -0.5 0 -0.5 0 0
0 0 0 -0.5 0 0.5 0 0.5 0 0.5 0 0
0 0 0 -0.5 0 0.5 0 0.5 0 -0.5 0 0
0 0 0 -0.5 0 0.5 0 -0.5 0 0.5 0 0
0 0 0 -0.5 0 0.5 0 -0.5 0 -0.5 0 0
0 0 0 -0.5 0 -0.5 0 0.5 0 0.5 0 0
0 0 0 -0.5 0 -0.5 0 0.5 0 -0.5 0 0
0 0 0 -0.5 0 -0.5 0 -0.5 0 0.5 0 0
0 0 0 -0.5 0 -0.5 0 -0.5 0 -0.5 0 0
0 0 0 0.5 0 0.5 0 0 0.5 0 0 0.5
0 0 0 0.5 0 0.5 0 0 0.5 0 0 -0.5
0 0 0 0.5 0 0.5 0 0 -0.5 0 0 0.5
0 0 0 0.5 0 0.5 0 0 -0.5 0 0 -0.5
0 0 0 0.5 0 -0.5 0 0 0.5 0 0 0.5
0 0 0 0.5 0 -0.5 0 0 0.5 0 0 -0.5
0 0 0 0.5 0 -0.5 0 0 -0.5 0 0 0.5
0 0 0 0.5 0 -0.5 0 0 -0.5 0 0 -0.5
0 0 0 -0.5 0 0.5 0 0 0.5 0 0 0.5
0 0 0 -0.5 0 0.5 0 0 0.5 0 0 -0.5
0 0 0 -0.5 0 0.5 0 0 -0.5 0 0 0.5
0 0 0 -0.5 0 0.5 0 0 -0.5 0 0 -0.5
0 0 0 -0.5 0 -0.5 0 0 0.5 0 0 0.5
0 0 0 -0.5 0 -0.5 0 0 0.5 0 0 -0.5
0 0 0 -0.5 0 -0.5 0 0 -0.5 0 0 0.5
0 0 0 -0.5 0 -0.5 0 0 -0.5 0 0 -0.5
0 0 0 0.5 0 0 0.5 0 0 0 0.5 0.5
0 0 0 0.5 0 0 0.5 0 0 0 0.5 -0.5
0 0 0 0.5 0 0 0.5 0 0 0 -0.5 0.5
0 0 0 0.5 0 0 0.5 0 0 0 -0.5 -0.5
0 0 0 0.5 0 0 -0.5 0 0 0 0.5 0.5
0 0 0 0.5 0 0 -0.5 0 0 0 0.5 -0.5
0 0 0 0.5 0 0 -0.5 0 0 0 -0.5 0.5
0 0 0 0.5 0 0 -0.5 0 0 0 -0.5 -0.5
0 0 0 -0.5 0 0 0.5 0 0 0 0.5 0.5
0 0 0 -0.5 0 0 0.5 0 0 0 0.5 -0.5
0 0 0 -0.5 0 0 0.5 0 0 0 -0.5 0.5
0 0 0 -0.5 0 0 0.5 0 0 0 -0.5 -0.5
0 0 0 -0.5 0 0 -0.5 0 0 0 0.5 0.5
0 0 0 -0.5 0 0 -0.5 0 0 0 0.5 -0.5
0 0 0 -0.5 0 0 -0.5 0 0 0 -0.5 0.5
0 0 0 -0.5 0 0 -0.5 0 0 0 -0.5 -0.5
0 0 0 0 0.5 0.5 0.5 0.5 0 0 0 0
0 0 0 0 0.5 0.5 0.5 -0.5 0 0 0 0
0 0 0 0 0.5 0.5 -0.5 0.5 0 0 0 0
0 0 0 0 0.5 0.5 -0.5 -0.5 0 0 0 0
0 0 0 0 0.5 -0.5 0.5 0.5 0 0 0 0
0 0 0 0 0.5 -0.5 0.5 -0.5 0 0 0 0
0 0 0 0 0.5 -0.5 -0.5 0.5 0 0 0 0
0 0 0 0 0.5 -0.5 -0.5 -0.5 0 0 0 0
0 0 0 0 -0.5 0.5 0.5 0.5 0 0 0 0
0 0 0 0 -0.5 0.5 0.5 -0.5 0 0 0 0
0 0 0 0 -0.5 0.5 -0.5 0.5 0 0 0 0
0 0 0 0 -0.5 0.5 -0.5 -0.5 0 0 0 0
0 0 0 0 -0.5 -0.5 0.5 0.5 0 0 0 0
0 0 0 0 -0.5 -0.5 0.5 -0.5 0 0 0 0
0 0 0 0 -0.5 -0.5 -0.5 0.5 0 0 0 0
0 0 0 0 -0.5 -0.5 -0.5 -0.5 0 0 0 0
0 0 0 0 0.5 0.5 0 0 0 0 0.5 0.5
0 0 0 0 0.5 0.5 0 0 0 0 0.5 -0.5
0 0 0 0 0.5 0.5 0 0 0 0 -0.5 0.5
0 0 0 0 0.5 0.5 0 0 0 0 -0.5 -0.5
0 0 0 0 0.5 -0.5 0 0 0 0 0.5 0.5
0 0 0 0 0.5 -0.5 0 0 0 0 0.5 -0.5
0 0 0 0 0.5 -0.5 0 0 0 0 -0.5 0.5
0 0 0 0 0.5 -0.5 0 0 0 0 -0.5 -0.5
0 0 0 0 -0.5 0.5 0 0 0 0 0.5 0.5
0 0 0 0 -0.5 0.5 0 0 0 0 0.5 -0.5
0 0 0 0 -0.5 0.5 0 0 0 0 -0.5 0.5
0 0 0 0 -0.5 0.5 0 0 0 0 -0.5 -0.5
0 0 0 0 -0.5 -0.5 0 0 0 0 0.5 0.5
0 0 0 0 -0.5 -0.5 0 0 0 0 0.5 -0.5
0 0 0 0 -0.5 -0.5 0 0 0 0 -0.5 0.5
0 0 0 0 -0.5 -0.5 0 0 0 0 -0.5 -0.5
0 0 0 0 0.5 0 0 0.5 0.5 0 0 0.5
0 0 0 0 0.5 0 0 0.5 0.5 0 0 -0.5
0 0 0 0 0.5 0 0 0.5 -0.5 0 0 0.5
0 0 0 0 0.5 0 0 0.5 -0.5 0 0 -0.5
0 0 0 0 0.5 0 0 -0.5 0.5 0 0 0.5
0 0 0 0 0.5 0 0 -0.5 0.5 0 0 -0.5
0 0 0 0 0.5 0 0 -0.5 -0.5 0 0 0.5
0 0 0 0 0.5 0 0 -0.5 -0.5 0 0 -0.5
0 0 0 0 -0.5 0 0 0.5 0.5 0 0 0.5
0 0 0 0 -0.5 0 0 0.5 0.5 0 0 -0.5
0 0 0 0 -0.5 0 0 0.5 -0.5 0 0 0.5
0 0 0 0 -0.5 0 0 0.5 -0.5 0 0 -0.5
0 0 0 0 -0.5 0 0 -0.5 0.5 0 0 0.5
0 0 0 0 -0.5 0 0 -0.5 0.5 0 0 -0.5
0 0 0 0 -0.5 0 0 -0.5 -0.5 0 0 0.5
0 0 0 0 -0.5 0 0 -0.5 -0.5 0 0 -0.5
0 0 0 0 0.5 0 0 0.5 0 0.5 0.5 0
0 0 0 0 0.5 0 0 0.5 0 0.5 -0.5 0
0 0 0 0 0.5 0 0 0.5 0 -0.5 0.5 0
0 0 0 0 0.5 0 0 0.5 0 -0.5 -0.5 0
0 0 0 0 0.5 0 0 -0.5 0 0.5 0.5 0
0 0 0 0 0.5 0 0 -0.5 0 0.5 -0.5 0
0 0 0 0 0.5 0 0 -0.5 0 -0.5 0.5 0
0 0 0 0 0.5 0 0 -0.5 0 -0.5 -0.5 0
0 0 0 0 -0.5 0 0 0.5 0 0.5 0.5 0
0 0 0 0 -0.5 0 0 0.5 0 0.5 -0.5 0
0 0 0 0 -0.5 0 0 0.5 0 -0.5 0.5 0
0 0 0 0 -0.5 0 0 0.5 0 -0.5 -0.5 0
0 0 0 0 -0.5 0 0 -0.5 0 0.5 0.5 0
0 0 0 0 -0.5 0 0 -0.5 0 0.5 -0.5 0
0 0 0 0 -0.5 0 0 -0.5 0 -0.5 0.5 0
0 0 0 0 -0.5 0 0 -0.5 0 -0.5 -0.5 0
0 0 0 0 0 0.5 0.5 0 0.5 0 0.5 0
0 0 0 0 0 0.5 0.5 0 0.5 0 -0.5 0
0 0 0 0 0 0.5 0.5 0 -0.5 0 0.5 0
0 0 0 0 0 0.5 0.5 0 -0.5 0 -0.5 0
0 0 0 0 0 0.5 -0.5 0 0.5 0 0.5 0
0 0 0 0 0 0.5 -0.5 0 0.5 0 -0.5 0
0 0 0 0 0 0.5 -0.5 0 -0.5 0 0.5 0
0 0 0 0 0 0.5 -0.5 0 -0.5 0 -0.5 0
0 0 0 0 0 -0.5 0.5 0 0.5 0 0.5 0
0 0 0 0 0 -0.5 0.5 0 0.5 0 -0.5 0
0 0 0 0 0 -0.5 0.5 0 -0.5 0 0.5 0
0 0 0 0 0 -0.5 0.5 0 -0.5 0 -0.5 0
0 0 0 0 0 -0.5 -0.5 0 0.5 0 0.5 0
0 0 0 0 0 -0.5 -0.5 0 0.5 0 -0.5 0
0 0 0 0 0 -0.5 -0.5 0 -0.5 0 0.5 0
0 0 0 0 0 -0.5 -0.5 0 -0.5 0 -0.5 0
0 0 0 0 0 0.5 0.5 0 0 0.5 0 0.5
0 0 0 0 0 0.5 0.5 0 0 0.5 0 -0.5
0 0 0 0 0 0.5 0.5 0 0 -0.5 0 0.5
0 0 0 0 0 0.5 0.5 0 0 -0.5 0 -0.5
0 0 0 0 0 0.5 -0.5 0 0 0.5 0 0.5
0 0 0 0 0 0.5 -0.5 0 0 0.5 0 -0.5
0 0 0 0 0 0.5 -0.5 0 0 -0.5 0 0.5
0 0 0 0 0 0.5 -0.5 0 0 -0.5 0 -0.5
0 0 0 0 0 -0.5 0.5 0 0 0.5 0 0.5
0 0 0 0 0 -0.5 0.5 0 0 0.5 0 -0.5
0 0 0 0 0 -0.5 0.5 0 0 -0.5 0 0.5
0 0 0 0 0 -0.5 0.5 0 0 -0.5 0 -0.5
0 0 0 0 0 -0.5 -0.5 0 0 0.5 0 0.5
0 0 0 0 0 -0.5 -0.5 0 0 0.5 0 -0.5
0 0 0 0 0 -0.5 -0.5 0 0 -0.5 0 0.5
0 0 0 0 0 -0.5 -0.5 0 0 -0.5 0 -0.5
0 0 0 0 0 0 0.5 0.5 0.5 0.5 0 0
0 0 0 0 0 0 0.5 0.5 0.5 -0.5 0 0
0 0 0 0 0 0 0.5 0.5 -0.5 0.5 0 0
0 0 0 0 0 0 0.5 0.5 -0.5 -0.5 0 0
0 0 0 0 0 0 0.5 -0.5 0.5 0.5 0 0
0 0 0 0 0 0 0.5 -0.5 0.5 -0.5 0 0
0 0 0 0 0 0 0.5 -0.5 -0.5 0.5 0 0
0 0 0 0 0 0 0.5 -0.5 -0.5 -0.5 0 0
0 0 0 0 0 0 -0.5 0.5 0.5 0.5 0 0
0 0 0 0 0 0 -0.5 0.5 0.5 -0.5 0 0
0 0 0 0 0 0 -0.5 0.5 -0.5 0.5 0 0
0 0 0 0 0 0 -0.5 0.5 -0.5 -0.5 0 0
0 0 0 0 0 0 -0.5 -0.5 0.5 0.5 0 0
0 0 0 0 0 0 -0.5 -0.5 0.5 -0.5 0 0
0 0 0 0 0 0 -0.5 -0.5 -0.5 0.5 0 0
0 0 0 0 0 0 -0.5 -0.5 -0.5 -0.5 0 0
0.066117944447765156 0.15719383009018412 0.063219964188869396 -0.2493229708544305 0.17321471951740655 0.085401386568416338 -0.10273109998024321 0.11118082196202457 0.46500540228608428 0.37516060284197961 0.036252047316765651 0.69732238352185261
-0.065930005064440425 -0.014584281472261536 -0.043161046000934962 0.053610855759610436 0.0035560651962680961 -0.026181774821509601 -0.06999924339207142 -0.02302476967107733 0.0048594475635316435 -0.16448638833811294 0.77232815408165234 0.60083708659361512
-0.1725524716720844 -0.12022662128953156 -0.011123404332049185 -0.026870392165333899 0.013597350789495425 0.013831497240547452 0.13479026602875008 -0.070774781165610146 -0.16021830193019682 0.86675068393244059 0.27439693316826846 0.28133866233003885
-0.12056976632242357 -0.3865867218328512 0.039281974291278644 0.025571284362381645 -0.28789828011235968 -0.16026353658942621 -0.016899186679734311 -0.22160908638391236 -0.15367367297485854 0.14931548120639063 0.055649430596075182 -0.79173424424741312
0.055248067128271044 0.082922798493646491 0.029854831554012504 -0.076136059513043391 0.068080009704371766 -0.046658832453543415 0.08180561279065135 -0.099729474449966785 0.56727252770246406 -0.012445986663301297 -0.77463788429150726 -0.19472163276918092
0.0038502618286451536 0.019413564534038162 -0.069898746076437923 -0.078807700347978196 0.014203703168474899 -0.033216867647953389 0.016760075321513798 0.05405223387831521 -0.78225455000642463 0.12069249539064807 0.58102438316626881 -0.14115933473759792
-0.055336782169848699 0.05133942292581304 0.017297314267727758 0.061142568673740016 -0.023560413124834076 -0.10113169733682674 -0.0075080565261383386 -0.030427049412282192 0.35276396797918497 0.088100855387422031 -0.7420187927287929 -0.54378629745438045
0.052723325792869549 0.040552067283285864 -0.038194363326642132 -6.2567016355744612e-05 0.026581139466431022 0.027943132783171305 0.0522731114176197 0.015300908616618505 -0.037713867622669824 -0.10294561473902905 0.41987600601255504 -0.89517987019083201
-0.0095152765445756567 0.0022646451926836429 -0.097815136391402269 0.022839465882192666 -0.044694417163912342 0.059185615380936127 -0.008618806458453648 0.045920905905462876 0.55762416433949857 0.17519129415416354 -0.40064473302708487 -0.69280476836025862
0.17188983062608978 -0.010910328230933204 -0.067502215311255512 0.014141981888436137 -0.018764662487750543 0.083538220747846934 0.0033260878060336289 0.0013479154828304853 -0.46701684280178934 0.30688837718552736 -0.67568832187694361 0.43519508693036979
0.16904068128019983 -0.16912371040265761 -0.27356309947563445 0.068426430972201538 0.28262207530840511 -0.11102621788711201 -0.13873171395808645 0.065330572264591838 -0.62170593889851311 -0.37420122465945516 -0.25742968781924563 0.39341068489875647
-0.032989726556734593 0.02261837033848808 -0.014368985956683261 -0.068752298022793423 -0.026032369395397555 -0.07735811103032493 0.00053028953896357221 -0.091477482159985996 -0.59304344661794395 0.79059942187875432 -0.028859653962630211 -0.029249160635937861
0.03503196541172747 -0.028821892992388951 -0.015650973766717535 0.029115807225193659 0.019340914218430587 -0.079393062269869696 0.057070480000920104 -0.040435237269143255 -0.48216210119073777 -0.41111978578064778 -0.17830690005572142 0.74295819436970478
-0.078628522599561532 0.010707057845782773 -0.14299348080341787 -0.00010480806047980285 0.060169645257313886 -0.015829790727192174 -0.042095905066414363 0.015485169662769249 0.31220879803571489 0.2959354628680545 0.87955745319529854 0.093271101613264823
-0.044788589661572863 -0.0095245341842792233 -0.0054811820598278192 0.0082209841653707247 -0.002270223626721433 0.013152525683748256 -0.12632299446298217 0.062723290671332976 -0.28968402450523401 -0.59130348480987838 0.32144370943130163 0.66396768072140167
0.035129826577393324 0.011483114610134917 -0.066423667072336906 0.20460832243577459 0.062721231472259373 -0.081178375373356815 -0.055551685676506167 0.0061975486009576012 -0.73853031308584072 0.080103025354218843 -0.21806874049925645 0.58250458342390476
0.048101462192218912 -0.13554660065699403 0.0020848574984256214 -0.080862832886026054 0.055474667728186725 0.008404197800850062 0.027416698293499932 -0.053249294327928229 0.60939729885279081 0.6732700148163776 -0.35487741549518204 0.12425550809413287
-0.072776592306967577 -0.0025476511197437823 -0.13680144696028032 0.20181790851000789 -0.1047576529895633 -0.032003406172592876 0.054204793102548554 -0.069994192059861571 -0.17244695596161433 -0.40615514991732221 -0.096170938290179739 -0.84348529022137753
-0.040646260968143298 -0.019200120457051391 -0.030970510381646558 0.0052609530469905786 -0.027200533443592897 0.069899682610101252 -0.029993295879725802 -0.012681384406632372 -0.41128784358616055 -0.3257449351864159 -0.78231816238855745 0.32096257797804062
-0.080812168314730551 -0.052755643112620577 0.025409961887643887 0.028474672701076249 -0.028300770844616165 -0.14282597388239615 0.029743592684283435 0.018359348040250151 -0.66600022491715249 0.3632409400378605 -0.33059957160508108 -0.53104751779539017
0.019288926834376493 -0.035960279190284133 0.04082701873452254 -0.32354462324035949 0.36514900775032383 -0.12143060262428214 -0.31022830032613602 0.12469145561609836 -0.47660016568848551 0.43637487562651961 -0.45618813472927811 -0.080247841801899519
0.015951150144753411 -0.048459268637058912 0.044051560123780982 -0.030497458219685587 -0.056444438712592977 0.0049995585672249305 0.028884070940615982 -0.014867708399493047 -0.37319508581558158 0.26816883632198091 -0.76165911145560661 -0.44603432347285771
0.0014480814132754522 -0.049867931987024758 0.0010256834252368669 -0.0020101328724873475 0.032928977765867187 -0.033517055246391758 -0.022932624388080195 0.012207462519771457 -0.60028540573021327 0.75721749646727288 -0.17065268987152893 -0.17826978414210792
0.10091821485117292 -0.0046680175479536989 -0.20853678158092689 0.073471572141356828 0.10024439230825513 -0.052730605076681751 -0.033001622988978539 0.056954048476646563 -0.71001858495281445 0.34250747421831285 0.15570942082239045 -0.52731636810640536
-0.099086214489813779 -0.016058040117232844 -0.062310294442465657 0.07127779243794688 0.010255624244606755 0.055666755579705171 0.0095820415240513799 0.018712622234872359 -0.37154559886502336 0.31699926489547714 0.84686807928966157 -0.14695173357686186
