1 0 0 0 0 0 0 0 0 0 0 0
-1 0 0 0 0 0 0 0 0 0 0 0
0 1 0 0 0 0 0 0 0 0 0 0
0 -1 0 0 0 0 0 0 0 0 0 0
0 0 1 0 0 0 0 0 0 0 0 0
0 0 -1 0 0 0 0 0 0 0 0 0
0 0 0 1 0 0 0 0 0 0 0 0
0 0 0 -1 0 0 0 0 0 0 0 0
0 0 0 0 1 0 0 0 0 0 0 0
0 0 0 0 -1 0 0 0 0 0 0 0
0 0 0 0 0 1 0 0 0 0 0 0
0 0 0 0 0 -1 0 0 0 0 0 0
0 0 0 0 0 0 1 0 0 0 0 0
0 0 0 0 0 0 -1 0 0 0 0 0
0 0 0 0 0 0 0 1 0 0 0 0
0 0 0 0 0 0 0 -1 0 0 0 0
0.5 0.5 0.5 0.5 0 0 0 0 0 0 0 0
0.5 0.5 0.5 -0.5 0 0 0 0 0 0 0 0
0.5 0.5 -0.5 0.5 0 0 0 0 0 0 0 0
0.5 0.5 -0.5 -0.5 0 0 0 0 0 0 0 0
0.5 -0.5 0.5 0.5 0 0 0 0 0 0 0 0
0.5 -0.5 0.5 -0.5 0 0 0 0 0 0 0 0
0.5 -0.5 -0.5 0.5 0 0 0 0 0 0 0 0
0.5 -0.5 -0.5 -0.5 0 0 0 0 0 0 0 0
-0.5 0.5 0.5 0.5 0 0 0 0 0 0 0 0
-0.5 0.5 0.5 -0.5 0 0 0 0 0 0 0 0
-0.5 0.5 -0.5 0.5 0 0 0 0 0 0 0 0
-0.5 0.5 -0.5 -0.5 0 0 0 0 0 0 0 0
-0.5 -0.5 0.5 0.5 0 0 0 0 0 0 0 0
-0.5 -0.5 0.5 -0.5 0 0 0 0 0 0 0 0
-0.5 -0.5 -0.5 0.5 0 0 0 0 0 0 0 0
-0.5 -0.5 -0.5 -0.5 0 0 0 0 0 0 0 0
0.5 0.5 0 0 0.5 0 0 0.5 0 0 0 0
0.5 0.5 0 0 0.5 0 0 -0.5 0 0 0 0
0.5 0.5 0 0 -0.5 0 0 0.5 0 0 0 0
0.5 0.5 0 0 -0.5 0 0 -0.5 0 0 0 0
0.5 -0.5 0 0 0.5 0 0 0.5 0 0 0 0
0.5 -0.5 0 0 0.5 0 0 -0.5 0 0 0 0
0.5 -0.5 0 0 -0.5 0 0 0.5 0 0 0 0
0.5 -0.5 0 0 -0.5 0 0 -0.5 0 0 0 0
-0.5 0.5 0 0 0.5 0 0 0.5 0 0 0 0
-0.5 0.5 0 0 0.5 0 0 -0.5 0 0 0 0
-0.5 0.5 0 0 -0.5 0 0 0.5 0 0 0 0
-0.5 0.5 0 0 -0.5 0 0 -0.5 0 0 0 0
-0.5 -0.5 0 0 0.5 0 0 0.5 0 0 0 0
-0.5 -0.5 0 0 0.5 0 0 -0.5 0 0 0 0
-0.5 -0.5 0 0 -0.5 0 0 0.5 0 0 0 0
-0.5 -0.5 0 0 -0.5 0 0 -0.5 0 0 0 0
0.5 0.5 0 0 0 0.5 0 0 0.5 0 0 0
0.5 0.5 0 0 0 0.5 0 0 -0.5 0 0 0
0.5 0.5 0 0 0 -0.5 0 0 0.5 0 0 0
0.5 0.5 0 0 0 -0.5 0 0 -0.5 0 0 0
0.5 -0.5 0 0 0 0.5 0 0 0.5 0 0 0
0.5 -0.5 0 0 0 0.5 0 0 -0.5 0 0 0
0.5 -0.5 0 0 0 -0.5 0 0 0.5 0 0 0
0.5 -0.5 0 0 0 -0.5 0 0 -0.5 0 0 0
-0.5 0.5 0 0 0 0.5 0 0 0.5 0 0 0
-0.5 0.5 0 0 0 0.5 0 0 -0.5 0 0 0
-0.5 0.5 0 0 0 -0.5 0 0 0.5 0 0 0
-0.5 0.5 0 0 0 -0.5 0 0 -0.5 0 0 0
-0.5 -0.5 0 0 0 0.5 0 0 0.5 0 0 0
-0.5 -0.5 0 0 0 0.5 0 0 -0.5 0 0 0
-0.5 -0.5 0 0 0 -0.5 0 0 0.5 0 0 0
-0.5 -0.5 0 0 0 -0.5 0 0 -0.5 0 0 0
0.5 0.5 0 0 0 0 0.5 0 0 0 0.5 0
0.5 0.5 0 0 0 0 0.5 0 0 0 -0.5 0
0.5 0.5 0 0 0 0 -0.5 0 0 0 0.5 0
0.5 0.5 0 0 0 0 -0.5 0 0 0 -0.5 0
0.5 -0.5 0 0 0 0 0.5 0 0 0 0.5 0
0.5 -0.5 0 0 0 0 0.5 0 0 0 -0.5 0
0.5 -0.5 0 0 0 0 -0.5 0 0 0 0.5 0
0.5 -0.5 0 0 0 0 -0.5 0 0 0 -0.5 0
-0.5 0.5 0 0 0 0 0.5 0 0 0 0.5 0
-0.5 0.5 0 0 0 0 0.5 0 0 0 -0.5 0
-0.5 0.5 0 0 0 0 -0.5 0 0 0 0.5 0
-0.5 0.5 0 0 0 0 -0.5 0 0 0 -0.5 0
-0.5 -0.5 0 0 0 0 0.5 0 0 0 0.5 0
-0.5 -0.5 0 0 0 0 0.5 0 0 0 -0.5 0
-0.5 -0.5 0 0 0 0 -0.5 0 0 0 0.5 0
-0.5 -0.5 0 0 0 0 -0.5 0 0 0 -0.5 0
0.5 0.5 0 0 0 0 0 0 0 0.5 0 0.5
0.5 0.5 0 0 0 0 0 0 0 0.5 0 -0.5
0.5 0.5 0 0 0 0 0 0 0 -0.5 0 0.5
0.5 0.5 0 0 0 0 0 0 0 -0.5 0 -0.5
0.5 -0.5 0 0 0 0 0 0 0 0.5 0 0.5
0.5 -0.5 0 0 0 0 0 0 0 0.5 0 -0.5
0.5 -0.5 0 0 0 0 0 0 0 -0.5 0 0.5
0.5 -0.5 0 0 0 0 0 0 0 -0.5 0 -0.5
-0.5 0.5 0 0 0 0 0 0 0 0.5 0 0.5
-0.5 0.5 0 0 0 0 0 0 0 0.5 0 -0.5
-0.5 0.5 0 0 0 0 0 0 0 -0.5 0 0.5
-0.5 0.5 0 0 0 0 0 0 0 -0.5 0 -0.5
-0.5 -0.5 0 0 0 0 0 0 0 0.5 0 0.5
-0.5 -0.5 0 0 0 0 0 0 0 0.5 0 -0.5
-0.5 -0.5 0 0 0 0 0 0 0 -0.5 0 0.5
-0.5 -0.5 0 0 0 0 0 0 0 -0.5 0 -0.5
0.5 0 0.5 0 0.5 0 0 0 0 0.5 0 0
0.5 0 0.5 0 0.5 0 0 0 0 -0.5 0 0
0.5 0 0.5 0 -0.5 0 0 0 0 0.5 0 0
0.5 0 0.5 0 -0.5 0 0 0 0 -0.5 0 0
0.5 0 -0.5 0 0.5 0 0 0 0 0.5 0 0
0.5 0 -0.5 0 0.5 0 0 0 0 -0.5 0 0
0.5 0 -0.5 0 -0.5 0 0 0 0 0.5 0 0
0.5 0 -0.5 0 -0.5 0 0 0 0 -0.5 0 0
-0.5 0 0.5 0 0.5 0 0 0 0 0.5 0 0
-0.5 0 0.5 0 0.5 0 0 0 0 -0.5 0 0
-0.5 0 0.5 0 -0.5 0 0 0 0 0.5 0 0
-0.5 0 0.5 0 -0.5 0 0 0 0 -0.5 0 0
-0.5 0 -0.5 0 0.5 0 0 0 0 0.5 0 0
-0.5 0 -0.5 0 0.5 0 0 0 0 -0.5 0 0
-0.5 0 -0.5 0 -0.5 0 0 0 0 0.5 0 0
-0.5 0 -0.5 0 -0.5 0 0 0 0 -0.5 0 0
0.5 0 0.5 0 0 0.5 0.5 0 0 0 0 0
0.5 0 0.5 0 0 0.5 -0.5 0 0 0 0 0
0.5 0 0.5 0 0 -0.5 0.5 0 0 0 0 0
0.5 0 0.5 0 0 -0.5 -0.5 0 0 0 0 0
0.5 0 -0.5 0 0 0.5 0.5 0 0 0 0 0
0.5 0 -0.5 0 0 0.5 -0.5 0 0 0 0 0
0.5 0 -0.5 0 0 -0.5 0.5 0 0 0 0 0
0.5 0 -0.5 0 0 -0.5 -0.5 0 0 0 0 0
-0.5 0 0.5 0 0 0.5 0.5 0 0 0 0 0
-0.5 0 0.5 0 0 0.5 -0.5 0 0 0 0 0
-0.5 0 0.5 0 0 -0.5 0.5 0 0 0 0 0
-0.5 0 0.5 0 0 -0.5 -0.5 0 0 0 0 0
-0.5 0 -0.5 0 0 0.5 0.5 0 0 0 0 0
-0.5 0 -0.5 0 0 0.5 -0.5 0 0 0 0 0
-0.5 0 -0.5 0 0 -0.5 0.5 0 0 0 0 0
-0.5 0 -0.5 0 0 -0.5 -0.5 0 0 0 0 0
0.5 0 0.5 0 0 0 0 0.5 0 0 0 0.5
0.5 0 0.5 0 0 0 0 0.5 0 0 0 -0.5
0.5 0 0.5 0 0 0 0 -0.5 0 0 0 0.5
0.5 0 0.5 0 0 0 0 -0.5 0 0 0 -0.5
0.5 0 -0.5 0 0 0 0 0.5 0 0 0 0.5
0.5 0 -0.5 0 0 0 0 0.5 0 0 0 -0.5
0.5 0 -0.5 0 0 0 0 -0.5 0 0 0 0.5
0.5 0 -0.5 0 0 0 0 -0.5 0 0 0 -0.5
-0.5 0 0.5 0 0 0 0 0.5 0 0 0 0.5
-0.5 0 0.5 0 0 0 0 0.5 0 0 0 -0.5
-0.5 0 0.5 0 0 0 0 -0.5 0 0 0 0.5
-0.5 0 0.5 0 0 0 0 -0.5 0 0 0 -0.5
-0.5 0 -0.5 0 0 0 0 0.5 0 0 0 0.5
-0.5 0 -0.5 0 0 0 0 0.5 0 0 0 -0.5
-0.5 0 -0.5 0 0 0 0 -0.5 0 0 0 0.5
-0.5 0 -0.5 0 0 0 0 -0.5 0 0 0 -0.5
0.5 0 0.5 0 0 0 0 0 0.5 0 0.5 0
0.5 0 0.5 0 0 0 0 0 0.5 0 -0.5 0
0.5 0 0.5 0 0 0 0 0 -0.5 0 0.5 0
0.5 0 0.5 0 0 0 0 0 -0.5 0 -0.5 0
0.5 0 -0.5 0 0 0 0 0 0.5 0 0.5 0
0.5 0 -0.5 0 0 0 0 0 0.5 0 -0.5 0
0.5 0 -0.5 0 0 0 0 0 -0.5 0 0.5 0
0.5 0 -0.5 0 0 0 0 0 -0.5 0 -0.5 0
-0.5 0 0.5 0 0 0 0 0 0.5 0 0.5 0
-0.5 0 0.5 0 0 0 0 0 0.5 0 -0.5 0
-0.5 0 0.5 0 0 0 0 0 -0.5 0 0.5 0
-0.5 0 0.5 0 0 0 0 0 -0.5 0 -0.5 0
-0.5 0 -0.5 0 0 0 0 0 0.5 0 0.5 0
-0.5 0 -0.5 0 0 0 0 0 0.5 0 -0.5 0
-0.5 0 -0.5 0 0 0 0 0 -0.5 0 0.5 0
-0.5 0 -0.5 0 0 0 0 0 -0.5 0 -0.5 0
0.5 0 0 0.5 0.5 0 0.5 0 0 0 0 0
0.5 0 0 0.5 0.5 0 -0.5 0 0 0 0 0
0.5 0 0 0.5 -0.5 0 0.5 0 0 0 0 0
0.5 0 0 0.5 -0.5 0 -0.5 0 0 0 0 0
0.5 0 0 -0.5 0.5 0 0.5 0 0 0 0 0
0.5 0 0 -0.5 0.5 0 -0.5 0 0 0 0 0
0.5 0 0 -0.5 -0.5 0 0.5 0 0 0 0 0
0.5 0 0 -0.5 -0.5 0 -0.5 0 0 0 0 0
-0.5 0 0 0.5 0.5 0 0.5 0 0 0 0 0
-0.5 0 0 0.5 0.5 0 -0.5 0 0 0 0 0
-0.5 0 0 0.5 -0.5 0 0.5 0 0 0 0 0
-0.5 0 0 0.5 -0.5 0 -0.5 0 0 0 0 0
-0.5 0 0 -0.5 0.5 0 0.5 0 0 0 0 0
-0.5 0 0 -0.5 0.5 0 -0.5 0 0 0 0 0
-0.5 0 0 -0.5 -0.5 0 0.5 0 0 0 0 0
-0.5 0 0 -0.5 -0.5 0 -0.5 0 0 0 0 0
0.5 0 0 0.5 0 0.5 0 0.5 0 0 0 0
0.5 0 0 0.5 0 0.5 0 -0.5 0 0 0 0
0.5 0 0 0.5 0 -0.5 0 0.5 0 0 0 0
0.5 0 0 0.5 0 -0.5 0 -0.5 0 0 0 0
0.5 0 0 -0.5 0 0.5 0 0.5 0 0 0 0
0.5 0 0 -0.5 0 0.5 0 -0.5 0 0 0 0
0.5 0 0 -0.5 0 -0.5 0 0.5 0 0 0 0
0.5 0 0 -0.5 0 -0.5 0 -0.5 0 0 0 0
-0.5 0 0 0.5 0 0.5 0 0.5 0 0 0 0
-0.5 0 0 0.5 0 0.5 0 -0.5 0 0 0 0
-0.5 0 0 0.5 0 -0.5 0 0.5 0 0 0 0
-0.5 0 0 0.5 0 -0.5 0 -0.5 0 0 0 0
-0.5 0 0 -0.5 0 0.5 0 0.5 0 0 0 0
-0.5 0 0 -0.5 0 0.5 0 -0.5 0 0 0 0
-0.5 0 0 -0.5 0 -0.5 0 0.5 0 0 0 0
-0.5 0 0 -0.5 0 -0.5 0 -0.5 0 0 0 0
0.5 0 0 0.5 0 0 0 0 0.5 0.5 0 0
0.5 0 0 0.5 0 0 0 0 0.5 -0.5 0 0
0.5 0 0 0.5 0 0 0 0 -0.5 0.5 0 0
0.5 0 0 0.5 0 0 0 0 -0.5 -0.5 0 0
0.5 0 0 -0.5 0 0 0 0 0.5 0.5 0 0
0.5 0 0 -0.5 0 0 0 0 0.5 -0.5 0 0
0.5 0 0 -0.5 0 0 0 0 -0.5 0.5 0 0
0.5 0 0 -0.5 0 0 0 0 -0.5 -0.5 0 0
-0.5 0 0 0.5 0 0 0 0 0.5 0.5 0 0
-0.5 0 0 0.5 0 0 0 0 0.5 -0.5 0 0
-0.5 0 0 0.5 0 0 0 0 -0.5 0.5 0 0
-0.5 0 0 0.5 0 0 0 0 -0.5 -0.5 0 0
-0.5 0 0 -0.5 0 0 0 0 0.5 0.5 0 0
-0.5 0 0 -0.5 0 0 0 0 0.5 -0.5 0 0
-0.5 0 0 -0.5 0 0 0 0 -0.5 0.5 0 0
-0.5 0 0 -0.5 0 0 0 0 -0.5 -0.5 0 0
0.5 0 0 0.5 0 0 0 0 0 0 0.5 0.5
0.5 0 0 0.5 0 0 0 0 0 0 0.5 -0.5
0.5 0 0 0.5 0 0 0 0 0 0 -0.5 0.5
0.5 0 0 0.5 0 0 0 0 0 0 -0.5 -0.5
0.5 0 0 -0.5 0 0 0 0 0 0 0.5 0.5
0.5 0 0 -0.5 0 0 0 0 0 0 0.5 -0.5
0.5 0 0 -0.5 0 0 0 0 0 0 -0.5 0.5
0.5 0 0 -0.5 0 0 0 0 0 0 -0.5 -0.5
-0.5 0 0 0.5 0 0 0 0 0 0 0.5 0.5
-0.5 0 0 0.5 0 0 0 0 0 0 0.5 -0.5
-0.5 0 0 0.5 0 0 0 0 0 0 -0.5 0.5
-0.5 0 0 0.5 0 0 0 0 0 0 -0.5 -0.5
-0.5 0 0 -0.5 0 0 0 0 0 0 0.5 0.5
-0.5 0 0 -0.5 0 0 0 0 0 0 0.5 -0.5
-0.5 0 0 -0.5 0 0 0 0 0 0 -0.5 0.5
-0.5 0 0 -0.5 0 0 0 0 0 0 -0.5 -0.5
0.5 0 0 0 0.5 0.5 0 0 0 0 0 0.5
0.5 0 0 0 0.5 0.5 0 0 0 0 0 -0.5
0.5 0 0 0 0.5 -0.5 0 0 0 0 0 0.5
0.5 0 0 0 0.5 -0.5 0 0 0 0 0 -0.5
0.5 0 0 0 -0.5 0.5 0 0 0 0 0 0.5
0.5 0 0 0 -0.5 0.5 0 0 0 0 0 -0.5
0.5 0 0 0 -0.5 -0.5 0 0 0 0 0 0.5
0.5 0 0 0 -0.5 -0.5 0 0 0 0 0 -0.5
-0.5 0 0 0 0.5 0.5 0 0 0 0 0 0.5
-0.5 0 0 0 0.5 0.5 0 0 0 0 0 -0.5
-0.5 0 0 0 0.5 -0.5 0 0 0 0 0 0.5
-0.5 0 0 0 0.5 -0.5 0 0 0 0 0 -0.5
-0.5 0 0 0 -0.5 0.5 0 0 0 0 0 0.5
-0.5 0 0 0 -0.5 0.5 0 0 0 0 0 -0.5
-0.5 0 0 0 -0.5 -0.5 0 0 0 0 0 0.5
-0.5 0 0 0 -0.5 -0.5 0 0 0 0 0 -0.5
0.5 0 0 0 0 0.5 0 0 0 0.5 0.5 0
0.5 0 0 0 0 0.5 0 0 0 0.5 -0.5 0
0.5 0 0 0 0 0.5 0 0 0 -0.5 0.5 0
0.5 0 0 0 0 0.5 0 0 0 -0.5 -0.5 0
0.5 0 0 0 0 -0.5 0 0 0 0.5 0.5 0
0.5 0 0 0 0 -0.5 0 0 0 0.5 -0.5 0
0.5 0 0 0 0 -0.5 0 0 0 -0.5 0.5 0
0.5 0 0 0 0 -0.5 0 0 0 -0.5 -0.5 0
-0.5 0 0 0 0 0.5 0 0 0 0.5 0.5 0
-0.5 0 0 0 0 0.5 0 0 0 0.5 -0.5 0
-0.5 0 0 0 0 0.5 0 0 0 -0.5 0.5 0
-0.5 0 0 0 0 0.5 0 0 0 -0.5 -0.5 0
-0.5 0 0 0 0 -0.5 0 0 0 0.5 0.5 0
-0.5 0 0 0 0 -0.5 0 0 0 0.5 -0.5 0
-0.5 0 0 0 0 -0.5 0 0 0 -0.5 0.5 0
-0.5 0 0 0 0 -0.5 0 0 0 -0.5 -0.5 0
0.5 0 0 0 0 0 0.5 0.5 0 0.5 0 0
0.5 0 0 0 0 0 0.5 0.5 0 -0.5 0 0
0.5 0 0 0 0 0 0.5 -0.5 0 0.5 0 0
0.5 0 0 0 0 0 0.5 -0.5 0 -0.5 0 0
0.5 0 0 0 0 0 -0.5 0.5 0 0.5 0 0
0.5 0 0 0 0 0 -0.5 0.5 0 -0.5 0 0
0.5 0 0 0 0 0 -0.5 -0.5 0 0.5 0 0
0.5 0 0 0 0 0 -0.5 -0.5 0 -0.5 0 0
-0.5 0 0 0 0 0 0.5 0.5 0 0.5 0 0
-0.5 0 0 0 0 0 0.5 0.5 0 -0.5 0 0
-0.5 0 0 0 0 0 0.5 -0.5 0 0.5 0 0
-0.5 0 0 0 0 0 0.5 -0.5 0 -0.5 0 0
-0.5 0 0 0 0 0 -0.5 0.5 0 0.5 0 0
-0.5 0 0 0 0 0 -0.5 0.5 0 -0.5 0 0
-0.5 0 0 0 0 0 -0.5 -0.5 0 0.5 0 0
-0.5 0 0 0 0 0 -0.5 -0.5 0 -0.5 0 0
0.5 0 0 0 0 0 0.5 0 0.5 0 0 0.5
0.5 0 0 0 0 0 0.5 0 0.5 0 0 -0.5
0.5 0 0 0 0 0 0.5 0 -0.5 0 0 0.5
0.5 0 0 0 0 0 0.5 0 -0.5 0 0 -0.5
0.5 0 0 0 0 0 -0.5 0 0.5 0 0 0.5
0.5 0 0 0 0 0 -0.5 0 0.5 0 0 -0.5
0.5 0 0 0 0 0 -0.5 0 -0.5 0 0 0.5
0.5 0 0 0 0 0 -0.5 0 -0.5 0 0 -0.5
-0.5 0 0 0 0 0 0.5 0 0.5 0 0 0.5
-0.5 0 0 0 0 0 0.5 0 0.5 0 0 -0.5
-0.5 0 0 0 0 0 0.5 0 -0.5 0 0 0.5
-0.5 0 0 0 0 0 0.5 0 -0.5 0 0 -0.5
-0.5 0 0 0 0 0 -0.5 0 0.5 0 0 0.5
-0.5 0 0 0 0 0 -0.5 0 0.5 0 0 -0.5
-0.5 0 0 0 0 0 -0.5 0 -0.5 0 0 0.5
-0.5 0 0 0 0 0 -0.5 0 -0.5 0 0 -0.5
0 0.5 0.5 0 0.5 0.5 0 0 0 0 0 0
0 0.5 0.5 0 0.5 -0.5 0 0 0 0 0 0
0 0.5 0.5 0 -0.5 0.5 0 0 0 0 0 0
0 0.5 0.5 0 -0.5 -0.5 0 0 0 0 0 0
0 0.5 -0.5 0 0.5 0.5 0 0 0 0 0 0
0 0.5 -0.5 0 0.5 -0.5 0 0 0 0 0 0
0 0.5 -0.5 0 -0.5 0.5 0 0 0 0 0 0
0 0.5 -0.5 0 -0.5 -0.5 0 0 0 0 0 0
0 -0.5 0.5 0 0.5 0.5 0 0 0 0 0 0
0 -0.5 0.5 0 0.5 -0.5 0 0 0 0 0 0
0 -0.5 0.5 0 -0.5 0.5 0 0 0 0 0 0
0 -0.5 0.5 0 -0.5 -0.5 0 0 0 0 0 0
0 -0.5 -0.5 0 0.5 0.5 0 0 0 0 0 0
0 -0.5 -0.5 0 0.5 -0.5 0 0 0 0 0 0
0 -0.5 -0.5 0 -0.5 0.5 0 0 0 0 0 0
0 -0.5 -0.5 0 -0.5 -0.5 0 0 0 0 0 0
0 0.5 0.5 0 0 0 0.5 0.5 0 0 0 0
0 0.5 0.5 0 0 0 0.5 -0.5 0 0 0 0
0 0.5 0.5 0 0 0 -0.5 0.5 0 0 0 0
0 0.5 0.5 0 0 0 -0.5 -0.5 0 0 0 0
0 0.5 -0.5 0 0 0 0.5 0.5 0 0 0 0
0 0.5 -0.5 0 0 0 0.5 -0.5 0 0 0 0
0 0.5 -0.5 0 0 0 -0.5 0.5 0 0 0 0
0 0.5 -0.5 0 0 0 -0.5 -0.5 0 0 0 0
0 -0.5 0.5 0 0 0 0.5 0.5 0 0 0 0
0 -0.5 0.5 0 0 0 0.5 -0.5 0 0 0 0
0 -0.5 0.5 0 0 0 -0.5 0.5 0 0 0 0
0 -0.5 0.5 0 0 0 -0.5 -0.5 0 0 0 0
0 -0.5 -0.5 0 0 0 0.5 0.5 0 0 0 0
0 -0.5 -0.5 0 0 0 0.5 -0.5 0 0 0 0
0 -0.5 -0.5 0 0 0 -0.5 0.5 0 0 0 0
0 -0.5 -0.5 0 0 0 -0.5 -0.5 0 0 0 0
0 0.5 0.5 0 0 0 0 0 0.5 0.5 0 0
0 0.5 0.5 0 0 0 0 0 0.5 -0.5 0 0
0 0.5 0.5 0 0 0 0 0 -0.5 0.5 0 0
0 0.5 0.5 0 0 0 0 0 -0.5 -0.5 0 0
0 0.5 -0.5 0 0 0 0 0 0.5 0.5 0 0
0 0.5 -0.5 0 0 0 0 0 0.5 -0.5 0 0
0 0.5 -0.5 0 0 0 0 0 -0.5 0.5 0 0
0 0.5 -0.5 0 0 0 0 0 -0.5 -0.5 0 0
0 -0.5 0.5 0 0 0 0 0 0.5 0.5 0 0
0 -0.5 0.5 0 0 0 0 0 0.5 -0.5 0 0
0 -0.5 0.5 0 0 0 0 0 -0.5 0.5 0 0
0 -0.5 0.5 0 0 0 0 0 -0.5 -0.5 0 0
0 -0.5 -0.5 0 0 0 0 0 0.5 0.5 0 0
0 -0.5 -0.5 0 0 0 0 0 0.5 -0.5 0 0
0 -0.5 -0.5 0 0 0 0 0 -0.5 0.5 0 0
0 -0.5 -0.5 0 0 0 0 0 -0.5 -0.5 0 0
0 0.5 0.5 0 0 0 0 0 0 0 0.5 0.5
0 0.5 0.5 0 0 0 0 0 0 0 0.5 -0.5
0 0.5 0.5 0 0 0 0 0 0 0 -0.5 0.5
0 0.5 0.5 0 0 0 0 0 0 0 -0.5 -0.5
0 0.5 -0.5 0 0 0 0 0 0 0 0.5 0.5
0 0.5 -0.5 0 0 0 0 0 0 0 0.5 -0.5
0 0.5 -0.5 0 0 0 0 0 0 0 -0.5 0.5
0 0.5 -0.5 0 0 0 0 0 0 0 -0.5 -0.5
0 -0.5 0.5 0 0 0 0 0 0 0 0.5 0.5
0 -0.5 0.5 0 0 0 0 0 0 0 0.5 -0.5
0 -0.5 0.5 0 0 0 0 0 0 0 -0.5 0.5
0 -0.5 0.5 0 0 0 0 0 0 0 -0.5 -0.5
0 -0.5 -0.5 0 0 0 0 0 0 0 0.5 0.5
0 -0.5 -0.5 0 0 0 0 0 0 0 0.5 -0.5
0 -0.5 -0.5 0 0 0 0 0 0 0 -0.5 0.5
0 -0.5 -0.5 0 0 0 0 0 0 0 -0.5 -0.5
0 0.5 0 0.5 0.5 0 0 0 0 0 0 0.5
0 0.5 0 0.5 0.5 0 0 0 0 0 0 -0.5
0 0.5 0 0.5 -0.5 0 0 0 0 0 0 0.5
0 0.5 0 0.5 -0.5 0 0 0 0 0 0 -0.5
0 0.5 0 -0.5 0.5 0 0 0 0 0 0 0.5
0 0.5 0 -0.5 0.5 0 0 0 0 0 0 -0.5
0 0.5 0 -0.5 -0.5 0 0 0 0 0 0 0.5
0 0.5 0 -0.5 -0.5 0 0 0 0 0 0 -0.5
0 -0.5 0 0.5 0.5 0 0 0 0 0 0 0.5
0 -0.5 0 0.5 0.5 0 0 0 0 0 0 -0.5
0 -0.5 0 0.5 -0.5 0 0 0 0 0 0 0.5
0 -0.5 0 0.5 -0.5 0 0 0 0 0 0 -0.5
0 -0.5 0 -0.5 0.5 0 0 0 0 0 0 0.5
0 -0.5 0 -0.5 0.5 0 0 0 0 0 0 -0.5
0 -0.5 0 -0.5 -0.5 0 0 0 0 0 0 0.5
0 -0.5 0 -0.5 -0.5 0 0 0 0 0 0 -0.5
0 0.5 0 0.5 0 0.5 0.5 0 0 0 0 0
0 0.5 0 0.5 0 0.5 -0.5 0 0 0 0 0
0 0.5 0 0.5 0 -0.5 0.5 0 0 0 0 0
0 0.5 0 0.5 0 -0.5 -0.5 0 0 0 0 0
0 0.5 0 -0.5 0 0.5 0.5 0 0 0 0 0
0 0.5 0 -0.5 0 0.5 -0.5 0 0 0 0 0
0 0.5 0 -0.5 0 -0.5 0.5 0 0 0 0 0
0 0.5 0 -0.5 0 -0.5 -0.5 0 0 0 0 0
0 -0.5 0 0.5 0 0.5 0.5 0 0 0 0 0
0 -0.5 0 0.5 0 0.5 -0.5 0 0 0 0 0
0 -0.5 0 0.5 0 -0.5 0.5 0 0 0 0 0
0 -0.5 0 0.5 0 -0.5 -0.5 0 0 0 0 0
0 -0.5 0 -0.5 0 0.5 0.5 0 0 0 0 0
0 -0.5 0 -0.5 0 0.5 -0.5 0 0 0 0 0
0 -0.5 0 -0.5 0 -0.5 0.5 0 0 0 0 0
0 -0.5 0 -0.5 0 -0.5 -0.5 0 0 0 0 0
0 0.5 0 0.5 0 0 0 0.5 0 0.5 0 0
0 0.5 0 0.5 0 0 0 0.5 0 -0.5 0 0
0 0.5 0 0.5 0 0 0 -0.5 0 0.5 0 0
0 0.5 0 0.5 0 0 0 -0.5 0 -0.5 0 0
0 0.5 0 -0.5 0 0 0 0.5 0 0.5 0 0
0 0.5 0 -0.5 0 0 0 0.5 0 -0.5 0 0
0 0.5 0 -0.5 0 0 0 -0.5 0 0.5 0 0
0 0.5 0 -0.5 0 0 0 -0.5 0 -0.5 0 0
0 -0.5 0 0.5 0 0 0 0.5 0 0.5 0 0
0 -0.5 0 0.5 0 0 0 0.5 0 -0.5 0 0
0 -0.5 0 0.5 0 0 0 -0.5 0 0.5 0 0
0 -0.5 0 0.5 0 0 0 -0.5 0 -0.5 0 0
0 -0.5 0 -0.5 0 0 0 0.5 0 0.5 0 0
0 -0.5 0 -0.5 0 0 0 0.5 0 -0.5 0 0
0 -0.5 0 -0.5 0 0 0 -0.5 0 0.5 0 0
0 -0.5 0 -0.5 0 0 0 -0.5 0 -0.5 0 0
0 0.5 0 0.5 0 0 0 0 0.5 0 0.5 0
0 0.5 0 0.5 0 0 0 0 0.5 0 -0.5 0
0 0.5 0 0.5 0 0 0 0 -0.5 0 0.5 0
0 0.5 0 0.5 0 0 0 0 -0.5 0 -0.5 0
0 0.5 0 -0.5 0 0 0 0 0.5 0 0.5 0
0 0.5 0 -0.5 0 0 0 0 0.5 0 -0.5 0
0 0.5 0 -0.5 0 0 0 0 -0.5 0 0.5 0
0 0.5 0 -0.5 0 0 0 0 -0.5 0 -0.5 0
0 -0.5 0 0.5 0 0 0 0 0.5 0 0.5 0
0 -0.5 0 0.5 0 0 0 0 0.5 0 -0.5 0
0 -0.5 0 0.5 0 0 0 0 -0.5 0 0.5 0
0 -0.5 0 0.5 0 0 0 0 -0.5 0 -0.5 0
0 -0.5 0 -0.5 0 0 0 0 0.5 0 0.5 0
0 -0.5 0 -0.5 0 0 0 0 0.5 0 -0.5 0
0 -0.5 0 -0.5 0 0 0 0 -0.5 0 0.5 0
0 -0.5 0 -0.5 0 0 0 0 -0.5 0 -0.5 0
0 0.5 0 0 0.5 0 0.5 0 0.5 0 0 0
0 0.5 0 0 0.5 0 0.5 0 -0.5 0 0 0
0 0.5 0 0 0.5 0 -0.5 0 0.5 0 0 0
0 0.5 0 0 0.5 0 -0.5 0 -0.5 0 0 0
0 0.5 0 0 -0.5 0 0.5 0 0.5 0 0 0
0 0.5 0 0 -0.5 0 0.5 0 -0.5 0 0 0
0 0.5 0 0 -0.5 0 -0.5 0 0.5 0 0 0
0 0.5 0 0 -0.5 0 -0.5 0 -0.5 0 0 0
0 -0.5 0 0 0.5 0 0.5 0 0.5 0 0 0
0 -0.5 0 0 0.5 0 0.5 0 -0.5 0 0 0
0 -0.5 0 0 0.5 0 -0.5 0 0.5 0 0 0
0 -0.5 0 0 0.5 0 -0.5 0 -0.5 0 0 0
0 -0.5 0 0 -0.5 0 0.5 0 0.5 0 0 0
0 -0.5 0 0 -0.5 0 0.5 0 -0.5 0 0 0
0 -0.5 0 0 -0.5 0 -0.5 0 0.5 0 0 0
0 -0.5 0 0 -0.5 0 -0.5 0 -0.5 0 0 0
0 0.5 0 0 0.5 0 0 0 0 0.5 0.5 0
0 0.5 0 0 0.5 0 0 0 0 0.5 -0.5 0
0 0.5 0 0 0.5 0 0 0 0 -0.5 0.5 0
0 0.5 0 0 0.5 0 0 0 0 -0.5 -0.5 0
0 0.5 0 0 -0.5 0 0 0 0 0.5 0.5 0
0 0.5 0 0 -0.5 0 0 0 0 0.5 -0.5 0
0 0.5 0 0 -0.5 0 0 0 0 -0.5 0.5 0
0 0.5 0 0 -0.5 0 0 0 0 -0.5 -0.5 0
0 -0.5 0 0 0.5 0 0 0 0 0.5 0.5 0
0 -0.5 0 0 0.5 0 0 0 0 0.5 -0.5 0
0 -0.5 0 0 0.5 0 0 0 0 -0.5 0.5 0
0 -0.5 0 0 0.5 0 0 0 0 -0.5 -0.5 0
0 -0.5 0 0 -0.5 0 0 0 0 0.5 0.5 0
0 -0.5 0 0 -0.5 0 0 0 0 0.5 -0.5 0
0 -0.5 0 0 -0.5 0 0 0 0 -0.5 0.5 0
0 -0.5 0 0 -0.5 0 0 0 0 -0.5 -0.5 0
0 0.5 0 0 0 0.5 0 0.5 0 0 0.5 0
0 0.5 0 0 0 0.5 0 0.5 0 0 -0.5 0
0 0.5 0 0 0 0.5 0 -0.5 0 0 0.5 0
0 0.5 0 0 0 0.5 0 -0.5 0 0 -0.5 0
0 0.5 0 0 0 -0.5 0 0.5 0 0 0.5 0
0 0.5 0 0 0 -0.5 0 0.5 0 0 -0.5 0
0 0.5 0 0 0 -0.5 0 -0.5 0 0 0.5 0
0 0.5 0 0 0 -0.5 0 -0.5 0 0 -0.5 0
0 -0.5 0 0 0 0.5 0 0.5 0 0 0.5 0
0 -0.5 0 0 0 0.5 0 0.5 0 0 -0.5 0
0 -0.5 0 0 0 0.5 0 -0.5 0 0 0.5 0
0 -0.5 0 0 0 0.5 0 -0.5 0 0 -0.5 0
0 -0.5 0 0 0 -0.5 0 0.5 0 0 0.5 0
0 -0.5 0 0 0 -0.5 0 0.5 0 0 -0.5 0
0 -0.5 0 0 0 -0.5 0 -0.5 0 0 0.5 0
0 -0.5 0 0 0 -0.5 0 -0.5 0 0 -0.5 0
0 0.5 0 0 0 0 0 0.5 0.5 0 0 0.5
0 0.5 0 0 0 0 0 0.5 0.5 0 0 -0.5
0 0.5 0 0 0 0 0 0.5 -0.5 0 0 0.5
0 0.5 0 0 0 0 0 0.5 -0.5 0 0 -0.5
0 0.5 0 0 0 0 0 -0.5 0.5 0 0 0.5
0 0.5 0 0 0 0 0 -0.5 0.5 0 0 -0.5
0 0.5 0 0 0 0 0 -0.5 -0.5 0 0 0.5
0 0.5 0 0 0 0 0 -0.5 -0.5 0 0 -0.5
0 -0.5 0 0 0 0 0 0.5 0.5 0 0 0.5
0 -0.5 0 0 0 0 0 0.5 0.5 0 0 -0.5
0 -0.5 0 0 0 0 0 0.5 -0.5 0 0 0.5
0 -0.5 0 0 0 0 0 0.5 -0.5 0 0 -0.5
0 -0.5 0 0 0 0 0 -0.5 0.5 0 0 0.5
0 -0.5 0 0 0 0 0 -0.5 0.5 0 0 -0.5
0 -0.5 0 0 0 0 0 -0.5 -0.5 0 0 0.5
0 -0.5 0 0 0 0 0 -0.5 -0.5 0 0 -0.5
0 0 0.5 0.5 0.5 0 0 0.5 0 0 0 0
0 0 0.5 0.5 0.5 0 0 -0.5 0 0 0 0
0 0 0.5 0.5 -0.5 0 0 0.5 0 0 0 0
0 0 0.5 0.5 -0.5 0 0 -0.5 0 0 0 0
0 0 0.5 -0.5 0.5 0 0 0.5 0 0 0 0
0 0 0.5 -0.5 0.5 0 0 -0.5 0 0 0 0
0 0 0.5 -0.5 -0.5 0 0 0.5 0 0 0 0
0 0 0.5 -0.5 -0.5 0 0 -0.5 0 0 0 0
0 0 -0.5 0.5 0.5 0 0 0.5 0 0 0 0
0 0 -0.5 0.5 0.5 0 0 -0.5 0 0 0 0
0 0 -0.5 0.5 -0.5 0 0 0.5 0 0 0 0
0 0 -0.5 0.5 -0.5 0 0 -0.5 0 0 0 0
0 0 -0.5 -0.5 0.5 0 0 0.5 0 0 0 0
0 0 -0.5 -0.5 0.5 0 0 -0.5 0 0 0 0
0 0 -0.5 -0.5 -0.5 0 0 0.5 0 0 0 0
0 0 -0.5 -0.5 -0.5 0 0 -0.5 0 0 0 0
0 0 0.5 0.5 0 0.5 0 0 0 0 0.5 0
0 0 0.5 0.5 0 0.5 0 0 0 0 -0.5 0
0 0 0.5 0.5 0 -0.5 0 0 0 0 0.5 0
0 0 0.5 0.5 0 -0.5 0 0 0 0 -0.5 0
0 0 0.5 -0.5 0 0.5 0 0 0 0 0.5 0
0 0 0.5 -0.5 0 0.5 0 0 0 0 -0.5 0
0 0 0.5 -0.5 0 -0.5 0 0 0 0 0.5 0
0 0 0.5 -0.5 0 -0.5 0 0 0 0 -0.5 0
0 0 -0.5 0.5 0 0.5 0 0 0 0 0.5 0
0 0 -0.5 0.5 0 0.5 0 0 0 0 -0.5 0
0 0 -0.5 0.5 0 -0.5 0 0 0 0 0.5 0
0 0 -0.5 0.5 0 -0.5 0 0 0 0 -0.5 0
0 0 -0.5 -0.5 0 0.5 0 0 0 0 0.5 0
0 0 -0.5 -0.5 0 0.5 0 0 0 0 -0.5 0
0 0 -0.5 -0.5 0 -0.5 0 0 0 0 0.5 0
0 0 -0.5 -0.5 0 -0.5 0 0 0 0 -0.5 0
0 0 0.5 0.5 0 0 0.5 0 0.5 0 0 0
0 0 0.5 0.5 0 0 0.5 0 -0.5 0 0 0
0 0 0.5 0.5 0 0 -0.5 0 0.5 0 0 0
0 0 0.5 0.5 0 0 -0.5 0 -0.5 0 0 0
0 0 0.5 -0.5 0 0 0.5 0 0.5 0 0 0
0 0 0.5 -0.5 0 0 0.5 0 -0.5 0 0 0
0 0 0.5 -0.5 0 0 -0.5 0 0.5 0 0 0
0 0 0.5 -0.5 0 0 -0.5 0 -0.5 0 0 0
0 0 -0.5 0.5 0 0 0.5 0 0.5 0 0 0
0 0 -0.5 0.5 0 0 0.5 0 -0.5 0 0 0
0 0 -0.5 0.5 0 0 -0.5 0 0.5 0 0 0
0 0 -0.5 0.5 0 0 -0.5 0 -0.5 0 0 0
0 0 -0.5 -0.5 0 0 0.5 0 0.5 0 0 0
0 0 -0.5 -0.5 0 0 0.5 0 -0.5 0 0 0
0 0 -0.5 -0.5 0 0 -0.5 0 0.5 0 0 0
0 0 -0.5 -0.5 0 0 -0.5 0 -0.5 0 0 0
0 0 0.5 0.5 0 0 0 0 0 0.5 0 0.5
0 0 0.5 0.5 0 0 0 0 0 0.5 0 -0.5
0 0 0.5 0.5 0 0 0 0 0 -0.5 0 0.5
0 0 0.5 0.5 0 0 0 0 0 -0.5 0 -0.5
0 0 0.5 -0.5 0 0 0 0 0 0.5 0 0.5
0 0 0.5 -0.5 0 0 0 0 0 0.5 0 -0.5
0 0 0.5 -0.5 0 0 0 0 0 -0.5 0 0.5
0 0 0.5 -0.5 0 0 0 0 0 -0.5 0 -0.5
0 0 -0.5 0.5 0 0 0 0 0 0.5 0 0.5
0 0 -0.5 0.5 0 0 0 0 0 0.5 0 -0.5
0 0 -0.5 0.5 0 0 0 0 0 -0.5 0 0.5
0 0 -0.5 0.5 0 0 0 0 0 -0.5 0 -0.5
0 0 -0.5 -0.5 0 0 0 0 0 0.5 0 0.5
0 0 -0.5 -0.5 0 0 0 0 0 0.5 0 -0.5
0 0 -0.5 -0.5 0 0 0 0 0 -0.5 0 0.5
0 0 -0.5 -0.5 0 0 0 0 0 -0.5 0 -0.5
0 0 0.5 0 0.5 0 0.5 0 0 0 0.5 0
0 0 0.5 0 0.5 0 0.5 0 0 0 -0.5 0
0 0 0.5 0 0.5 0 -0.5 0 0 0 0.5 0
0 0 0.5 0 0.5 0 -0.5 0 0 0 -0.5 0
0 0 0.5 0 -0.5 0 0.5 0 0 0 0.5 0
0 0 0.5 0 -0.5 0 0.5 0 0 0 -0.5 0
0 0 0.5 0 -0.5 0 -0.5 0 0 0 0.5 0
0 0 0.5 0 -0.5 0 -0.5 0 0 0 -0.5 0
0 0 -0.5 0 0.5 0 0.5 0 0 0 0.5 0
0 0 -0.5 0 0.5 0 0.5 0 0 0 -0.5 0
0 0 -0.5 0 0.5 0 -0.5 0 0 0 0.5 0
0 0 -0.5 0 0.5 0 -0.5 0 0 0 -0.5 0
0 0 -0.5 0 -0.5 0 0.5 0 0 0 0.5 0
0 0 -0.5 0 -0.5 0 0.5 0 0 0 -0.5 0
0 0 -0.5 0 -0.5 0 -0.5 0 0 0 0.5 0
0 0 -0.5 0 -0.5 0 -0.5 0 0 0 -0.5 0
0 0 0.5 0 0.5 0 0 0 0.5 0 0 0.5
0 0 0.5 0 0.5 0 0 0 0.5 0 0 -0.5
0 0 0.5 0 0.5 0 0 0 -0.5 0 0 0.5
0 0 0.5 0 0.5 0 0 0 -0.5 0 0 -0.5
0 0 0.5 0 -0.5 0 0 0 0.5 0 0 0.5
0 0 0.5 0 -0.5 0 0 0 0.5 0 0 -0.5
0 0 0.5 0 -0.5 0 0 0 -0.5 0 0 0.5
0 0 0.5 0 -0.5 0 0 0 -0.5 0 0 -0.5
0 0 -0.5 0 0.5 0 0 0 0.5 0 0 0.5
0 0 -0.5 0 0.5 0 0 0 0.5 0 0 -0.5
0 0 -0.5 0 0.5 0 0 0 -0.5 0 0 0.5
0 0 -0.5 0 0.5 0 0 0 -0.5 0 0 -0.5
0 0 -0.5 0 -0.5 0 0 0 0.5 0 0 0.5
0 0 -0.5 0 -0.5 0 0 0 0.5 0 0 -0.5
0 0 -0.5 0 -0.5 0 0 0 -0.5 0 0 0.5
0 0 -0.5 0 -0.5 0 0 0 -0.5 0 0 -0.5
0 0 0.5 0 0 0.5 0 0.5 0.5 0 0 0
0 0 0.5 0 0 0.5 0 0.5 -0.5 0 0 0
0 0 0.5 0 0 0.5 0 -0.5 0.5 0 0 0
0 0 0.5 0 0 0.5 0 -0.5 -0.5 0 0 0
0 0 0.5 0 0 -0.5 0 0.5 0.5 0 0 0
0 0 0.5 0 0 -0.5 0 0.5 -0.5 0 0 0
0 0 0.5 0 0 -0.5 0 -0.5 0.5 0 0 0
0 0 0.5 0 0 -0.5 0 -0.5 -0.5 0 0 0
0 0 -0.5 0 0 0.5 0 0.5 0.5 0 0 0
0 0 -0.5 0 0 0.5 0 0.5 -0.5 0 0 0
0 0 -0.5 0 0 0.5 0 -0.5 0.5 0 0 0
0 0 -0.5 0 0 0.5 0 -0.5 -0.5 0 0 0
0 0 -0.5 0 0 -0.5 0 0.5 0.5 0 0 0
0 0 -0.5 0 0 -0.5 0 0.5 -0.5 0 0 0
0 0 -0.5 0 0 -0.5 0 -0.5 0.5 0 0 0
0 0 -0.5 0 0 -0.5 0 -0.5 -0.5 0 0 0
0 0 0.5 0 0 0 0 0.5 0 0.5 0.5 0
0 0 0.5 0 0 0 0 0.5 0 0.5 -0.5 0
0 0 0.5 0 0 0 0 0.5 0 -0.5 0.5 0
0 0 0.5 0 0 0 0 0.5 0 -0.5 -0.5 0
0 0 0.5 0 0 0 0 -0.5 0 0.5 0.5 0
0 0 0.5 0 0 0 0 -0.5 0 0.5 -0.5 0
0 0 0.5 0 0 0 0 -0.5 0 -0.5 0.5 0
0 0 0.5 0 0 0 0 -0.5 0 -0.5 -0.5 0
0 0 -0.5 0 0 0 0 0.5 0 0.5 0.5 0
0 0 -0.5 0 0 0 0 0.5 0 0.5 -0.5 0
0 0 -0.5 0 0 0 0 0.5 0 -0.5 0.5 0
0 0 -0.5 0 0 0 0 0.5 0 -0.5 -0.5 0
0 0 -0.5 0 0 0 0 -0.5 0 0.5 0.5 0
0 0 -0.5 0 0 0 0 -0.5 0 0.5 -0.5 0
0 0 -0.5 0 0 0 0 -0.5 0 -0.5 0.5 0
0 0 -0.5 0 0 0 0 -0.5 0 -0.5 -0.5 0
0 0 0 0.5 0.5 0.5 0 0 0 0.5 0 0
0 0 0 0.5 0.5 0.5 0 0 0 -0.5 0 0
0 0 0 0.5 0.5 -0.5 0 0 0 0.5 0 0
0 0 0 0.5 0.5 -0.5 0 0 0 -0.5 0 0
0 0 0 0.5 -0.5 0.5 0 0 0 0.5 0 0
0 0 0 0.5 -0.5 0.5 0 0 0 -0.5 0 0
0 0 0 0.5 -0.5 -0.5 0 0 0 0.5 0 0
0 0 0 0.5 -0.5 -0.5 0 0 0 -0.5 0 0
0 0 0 -0.5 0.5 0.5 0 0 0 0.5 0 0
0 0 0 -0.5 0.5 0.5 0 0 0 -0.5 0 0
0 0 0 -0.5 0.5 -0.5 0 0 0 0.5 0 0
0 0 0 -0.5 0.5 -0.5 0 0 0 -0.5 0 0
0 0 0 -0.5 -0.5 0.5 0 0 0 0.5 0 0
0 0 0 -0.5 -0.5 0.5 0 0 0 -0.5 0 0
0 0 0 -0.5 -0.5 -0.5 0 0 0 0.5 0 0
0 0 0 -0.5 -0.5 -0.5 0 0 0 -0.5 0 0
0 0 0 0.5 0 0.5 0 0 0.5 0 0 0.5
0 0 0 0.5 0 0.5 0 0 0.5 0 0 -0.5
0 0 0 0.5 0 0.5 0 0 -0.5 0 0 0.5
0 0 0 0.5 0 0.5 0 0 -0.5 0 0 -0.5
0 0 0 0.5 0 -0.5 0 0 0.5 0 0 0.5
0 0 0 0.5 0 -0.5 0 0 0.5 0 0 -0.5
0 0 0 0.5 0 -0.5 0 0 -0.5 0 0 0.5
0 0 0 0.5 0 -0.5 0 0 -0.5 0 0 -0.5
0 0 0 -0.5 0 0.5 0 0 0.5 0 0 0.5
0 0 0 -0.5 0 0.5 0 0 0.5 0 0 -0.5
0 0 0 -0.5 0 0.5 0 0 -0.5 0 0 0.5
0 0 0 -0.5 0 0.5 0 0 -0.5 0 0 -0.5
0 0 0 -0.5 0 -0.5 0 0 0.5 0 0 0.5
0 0 0 -0.5 0 -0.5 0 0 0.5 0 0 -0.5
0 0 0 -0.5 0 -0.5 0 0 -0.5 0 0 0.5
0 0 0 -0.5 0 -0.5 0 0 -0.5 0 0 -0.5
0 0 0 0.5 0 0 0.5 0.5 0 0 0 0.5
0 0 0 0.5 0 0 0.5 0.5 0 0 0 -0.5
0 0 0 0.5 0 0 0.5 -0.5 0 0 0 0.5
0 0 0 0.5 0 0 0.5 -0.5 0 0 0 -0.5
0 0 0 0.5 0 0 -0.5 0.5 0 0 0 0.5
0 0 0 0.5 0 0 -0.5 0.5 0 0 0 -0.5
0 0 0 0.5 0 0 -0.5 -0.5 0 0 0 0.5
0 0 0 0.5 0 0 -0.5 -0.5 0 0 0 -0.5
0 0 0 -0.5 0 0 0.5 0.5 0 0 0 0.5
0 0 0 -0.5 0 0 0.5 0.5 0 0 0 -0.5
0 0 0 -0.5 0 0 0.5 -0.5 0 0 0 0.5
0 0 0 -0.5 0 0 0.5 -0.5 0 0 0 -0.5
0 0 0 -0.5 0 0 -0.5 0.5 0 0 0 0.5
0 0 0 -0.5 0 0 -0.5 0.5 0 0 0 -0.5
0 0 0 -0.5 0 0 -0.5 -0.5 0 0 0 0.5
0 0 0 -0.5 0 0 -0.5 -0.5 0 0 0 -0.5
0 0 0 0.5 0 0 0.5 0 0 0.5 0.5 0
0 0 0 0.5 0 0 0.5 0 0 0.5 -0.5 0
0 0 0 0.5 0 0 0.5 0 0 -0.5 0.5 0
0 0 0 0.5 0 0 0.5 0 0 -0.5 -0.5 0
0 0 0 0.5 0 0 -0.5 0 0 0.5 0.5 0
0 0 0 0.5 0 0 -0.5 0 0 0.5 -0.5 0
0 0 0 0.5 0 0 -0.5 0 0 -0.5 0.5 0
0 0 0 0.5 0 0 -0.5 0 0 -0.5 -0.5 0
0 0 0 -0.5 0 0 0.5 0 0 0.5 0.5 0
0 0 0 -0.5 0 0 0.5 0 0 0.5 -0.5 0
0 0 0 -0.5 0 0 0.5 0 0 -0.5 0.5 0
0 0 0 -0.5 0 0 0.5 0 0 -0.5 -0.5 0
0 0 0 -0.5 0 0 -0.5 0 0 0.5 0.5 0
0 0 0 -0.5 0 0 -0.5 0 0 0.5 -0.5 0
0 0 0 -0.5 0 0 -0.5 0 0 -0.5 0.5 0
0 0 0 -0.5 0 0 -0.5 0 0 -0.5 -0.5 0
0 0 0 0 0.5 0.5 0.5 0.5 0 0 0 0
0 0 0 0 0.5 0.5 0.5 -0.5 0 0 0 0
0 0 0 0 0.5 0.5 -0.5 0.5 0 0 0 0
0 0 0 0 0.5 0.5 -0.5 -0.5 0 0 0 0
0 0 0 0 0.5 -0.5 0.5 0.5 0 0 0 0
0 0 0 0 0.5 -0.5 0.5 -0.5 0 0 0 0
0 0 0 0 0.5 -0.5 -0.5 0.5 0 0 0 0
0 0 0 0 0.5 -0.5 -0.5 -0.5 0 0 0 0
0 0 0 0 -0.5 0.5 0.5 0.5 0 0 0 0
0 0 0 0 -0.5 0.5 0.5 -0.5 0 0 0 0
0 0 0 0 -0.5 0.5 -0.5 0.5 0 0 0 0
0 0 0 0 -0.5 0.5 -0.5 -0.5 0 0 0 0
0 0 0 0 -0.5 -0.5 0.5 0.5 0 0 0 0
0 0 0 0 -0.5 -0.5 0.5 -0.5 0 0 0 0
0 0 0 0 -0.5 -0.5 -0.5 0.5 0 0 0 0
0 0 0 0 -0.5 -0.5 -0.5 -0.5 0 0 0 0
0 0 0 0 0.5 0.5 0 0 0.5 0 0.5 0
0 0 0 0 0.5 0.5 0 0 0.5 0 -0.5 0
0 0 0 0 0.5 0.5 0 0 -0.5 0 0.5 0
0 0 0 0 0.5 0.5 0 0 -0.5 0 -0.5 0
0 0 0 0 0.5 -0.5 0 0 0.5 0 0.5 0
0 0 0 0 0.5 -0.5 0 0 0.5 0 -0.5 0
0 0 0 0 0.5 -0.5 0 0 -0.5 0 0.5 0
0 0 0 0 0.5 -0.5 0 0 -0.5 0 -0.5 0
0 0 0 0 -0.5 0.5 0 0 0.5 0 0.5 0
0 0 0 0 -0.5 0.5 0 0 0.5 0 -0.5 0
0 0 0 0 -0.5 0.5 0 0 -0.5 0 0.5 0
0 0 0 0 -0.5 0.5 0 0 -0.5 0 -0.5 0
0 0 0 0 -0.5 -0.5 0 0 0.5 0 0.5 0
0 0 0 0 -0.5 -0.5 0 0 0.5 0 -0.5 0
0 0 0 0 -0.5 -0.5 0 0 -0.5 0 0.5 0
0 0 0 0 -0.5 -0.5 0 0 -0.5 0 -0.5 0
0 0 0 0 0.5 0 0.5 0 0 0.5 0 0.5
0 0 0 0 0.5 0 0.5 0 0 0.5 0 -0.5
0 0 0 0 0.5 0 0.5 0 0 -0.5 0 0.5
0 0 0 0 0.5 0 0.5 0 0 -0.5 0 -0.5
0 0 0 0 0.5 0 -0.5 0 0 0.5 0 0.5
0 0 0 0 0.5 0 -0.5 0 0 0.5 0 -0.5
0 0 0 0 0.5 0 -0.5 0 0 -0.5 0 0.5
0 0 0 0 0.5 0 -0.5 0 0 -0.5 0 -0.5
0 0 0 0 -0.5 0 0.5 0 0 0.5 0 0.5
0 0 0 0 -0.5 0 0.5 0 0 0.5 0 -0.5
0 0 0 0 -0.5 0 0.5 0 0 -0.5 0 0.5
0 0 0 0 -0.5 0 0.5 0 0 -0.5 0 -0.5
0 0 0 0 -0.5 0 -0.5 0 0 0.5 0 0.5
0 0 0 0 -0.5 0 -0.5 0 0 0.5 0 -0.5
0 0 0 0 -0.5 0 -0.5 0 0 -0.5 0 0.5
0 0 0 0 -0.5 0 -0.5 0 0 -0.5 0 -0.5
0 0 0 0 0.5 0 0 0.5 0.5 0.5 0 0
0 0 0 0 0.5 0 0 0.5 0.5 -0.5 0 0
0 0 0 0 0.5 0 0 0.5 -0.5 0.5 0 0
0 0 0 0 0.5 0 0 0.5 -0.5 -0.5 0 0
0 0 0 0 0.5 0 0 -0.5 0.5 0.5 0 0
0 0 0 0 0.5 0 0 -0.5 0.5 -0.5 0 0
0 0 0 0 0.5 0 0 -0.5 -0.5 0.5 0 0
0 0 0 0 0.5 0 0 -0.5 -0.5 -0.5 0 0
0 0 0 0 -0.5 0 0 0.5 0.5 0.5 0 0
0 0 0 0 -0.5 0 0 0.5 0.5 -0.5 0 0
0 0 0 0 -0.5 0 0 0.5 -0.5 0.5 0 0
0 0 0 0 -0.5 0 0 0.5 -0.5 -0.5 0 0
0 0 0 0 -0.5 0 0 -0.5 0.5 0.5 0 0
0 0 0 0 -0.5 0 0 -0.5 0.5 -0.5 0 0
0 0 0 0 -0.5 0 0 -0.5 -0.5 0.5 0 0
0 0 0 0 -0.5 0 0 -0.5 -0.5 -0.5 0 0
0 0 0 0 0.5 0 0 0.5 0 0 0.5 0.5
0 0 0 0 0.5 0 0 0.5 0 0 0.5 -0.5
0 0 0 0 0.5 0 0 0.5 0 0 -0.5 0.5
0 0 0 0 0.5 0 0 0.5 0 0 -0.5 -0.5
0 0 0 0 0.5 0 0 -0.5 0 0 0.5 0.5
0 0 0 0 0.5 0 0 -0.5 0 0 0.5 -0.5
0 0 0 0 0.5 0 0 -0.5 0 0 -0.5 0.5
0 0 0 0 0.5 0 0 -0.5 0 0 -0.5 -0.5
0 0 0 0 -0.5 0 0 0.5 0 0 0.5 0.5
0 0 0 0 -0.5 0 0 0.5 0 0 0.5 -0.5
0 0 0 0 -0.5 0 0 0.5 0 0 -0.5 0.5
0 0 0 0 -0.5 0 0 0.5 0 0 -0.5 -0.5
0 0 0 0 -0.5 0 0 -0.5 0 0 0.5 0.5
0 0 0 0 -0.5 0 0 -0.5 0 0 0.5 -0.5
0 0 0 0 -0.5 0 0 -0.5 0 0 -0.5 0.5
0 0 0 0 -0.5 0 0 -0.5 0 0 -0.5 -0.5
0 0 0 0 0 0.5 0.5 0 0.5 0.5 0 0
0 0 0 0 0 0.5 0.5 0 0.5 -0.5 0 0
0 0 0 0 0 0.5 0.5 0 -0.5 0.5 0 0
0 0 0 0 0 0.5 0.5 0 -0.5 -0.5 0 0
0 0 0 0 0 0.5 -0.5 0 0.5 0.5 0 0
0 0 0 0 0 0.5 -0.5 0 0.5 -0.5 0 0
0 0 0 0 0 0.5 -0.5 0 -0.5 0.5 0 0
0 0 0 0 0 0.5 -0.5 0 -0.5 -0.5 0 0
0 0 0 0 0 -0.5 0.5 0 0.5 0.5 0 0
0 0 0 0 0 -0.5 0.5 0 0.5 -0.5 0 0
0 0 0 0 0 -0.5 0.5 0 -0.5 0.5 0 0
0 0 0 0 0 -0.5 0.5 0 -0.5 -0.5 0 0
0 0 0 0 0 -0.5 -0.5 0 0.5 0.5 0 0
0 0 0 0 0 -0.5 -0.5 0 0.5 -0.5 0 0
0 0 0 0 0 -0.5 -0.5 0 -0.5 0.5 0 0
0 0 0 0 0 -0.5 -0.5 0 -0.5 -0.5 0 0
0 0 0 0 0 0.5 0.5 0 0 0 0.5 0.5
0 0 0 0 0 0.5 0.5 0 0 0 0.5 -0.5
0 0 0 0 0 0.5 0.5 0 0 0 -0.5 0.5
0 0 0 0 0 0.5 0.5 0 0 0 -0.5 -0.5
0 0 0 0 0 0.5 -0.5 0 0 0 0.5 0.5
0 0 0 0 0 0.5 -0.5 0 0 0 0.5 -0.5
0 0 0 0 0 0.5 -0.5 0 0 0 -0.5 0.5
0 0 0 0 0 0.5 -0.5 0 0 0 -0.5 -0.5
0 0 0 0 0 -0.5 0.5 0 0 0 0.5 0.5
0 0 0 0 0 -0.5 0.5 0 0 0 0.5 -0.5
0 0 0 0 0 -0.5 0.5 0 0 0 -0.5 0.5
0 0 0 0 0 -0.5 0.5 0 0 0 -0.5 -0.5
0 0 0 0 0 -0.5 -0.5 0 0 0 0.5 0.5
0 0 0 0 0 -0.5 -0.5 0 0 0 0.5 -0.5
0 0 0 0 0 -0.5 -0.5 0 0 0 -0.5 0.5
0 0 0 0 0 -0.5 -0.5 0 0 0 -0.5 -0.5
0 0 0 0 0 0.5 0 0.5 0 0.5 0 0.5
0 0 0 0 0 0.5 0 0.5 0 0.5 0 -0.5
0 0 0 0 0 0.5 0 0.5 0 -0.5 0 0.5
0 0 0 0 0 0.5 0 0.5 0 -0.5 0 -0.5
0 0 0 0 0 0.5 0 -0.5 0 0.5 0 0.5
0 0 0 0 0 0.5 0 -0.5 0 0.5 0 -0.5
0 0 0 0 0 0.5 0 -0.5 0 -0.5 0 0.5
0 0 0 0 0 0.5 0 -0.5 0 -0.5 0 -0.5
0 0 0 0 0 -0.5 0 0.5 0 0.5 0 0.5
0 0 0 0 0 -0.5 0 0.5 0 0.5 0 -0.5
0 0 0 0 0 -0.5 0 0.5 0 -0.5 0 0.5
0 0 0 0 0 -0.5 0 0.5 0 -0.5 0 -0.5
0 0 0 0 0 -0.5 0 -0.5 0 0.5 0 0.5
0 0 0 0 0 -0.5 0 -0.5 0 0.5 0 -0.5
0 0 0 0 0 -0.5 0 -0.5 0 -0.5 0 0.5
0 0 0 0 0 -0.5 0 -0.5 0 -0.5 0 -0.5
0 0 0 0 0 0 0.5 0.5 0.5 0 0.5 0
0 0 0 0 0 0 0.5 0.5 0.5 0 -0.5 0
0 0 0 0 0 0 0.5 0.5 -0.5 0 0.5 0
0 0 0 0 0 0 0.5 0.5 -0.5 0 -0.5 0
0 0 0 0 0 0 0.5 -0.5 0.5 0 0.5 0
0 0 0 0 0 0 0.5 -0.5 0.5 0 -0.5 0
0 0 0 0 0 0 0.5 -0.5 -0.5 0 0.5 0
0 0 0 0 0 0 0.5 -0.5 -0.5 0 -0.5 0
0 0 0 0 0 0 -0.5 0.5 0.5 0 0.5 0
0 0 0 0 0 0 -0.5 0.5 0.5 0 -0.5 0
0 0 0 0 0 0 -0.5 0.5 -0.5 0 0.5 0
0 0 0 0 0 0 -0.5 0.5 -0.5 0 -0.5 0
0 0 0 0 0 0 -0.5 -0.5 0.5 0 0.5 0
0 0 0 0 0 0 -0.5 -0.5 0.5 0 -0.5 0
0 0 0 0 0 0 -0.5 -0.5 -0.5 0 0.5 0
0 0 0 0 0 0 -0.5 -0.5 -0.5 0 -0.5 0
-0.036312028325684392 -0.059967922253982522 -0.011245991829894083 0.019038061002796074 0.051440999277490407 0.0049675842026309421 -0.025024265823081964 -0.035535415616984624 0.3390374386071483 0.74024145073874803 0.12351165203066361 -0.55846003751517581
-0.085655278930575368 0.14301894776623456 0.018134804366576506 -0.15482821689952941 -0.007481249136982988 -0.10397585621337185 -0.056249404568543084 -0.043620779169897719 -0.63760069201577596 0.49464163953146328 -0.056389885505735232 -0.52686770354149082
0.034474004435985278 0.069838363750006516 -0.13827237457615285 -0.021605708607432647 -0.082537027859481291 -0.014572272390414604 -0.10851397188837764 0.0017412472422996504 -0.031883608400887956 -0.25612236703725988 -0.88190642181978129 -0.33342299770061545
-0.047524602591084035 -0.059015899781695254 0.0097888478777599687 -0.048309372958795727 0.050963423616816453 0.031205572870071502 -0.086999844145042374 0.011850521279418569 -0.4797696167711083 0.014395579997438389 0.019000624870256257 -0.8659106830133807
-0.0078699391027463646 -0.0086240690817943645 0.032434254759458617 -0.039832978762064854 0.024883394702515188 -0.037052331459461879 -0.011169612549725847 -0.028336908308010767 0.48844588071962036 0.1915754495570394 0.81986889708915178 0.21642482186091991
0.10693785368023215 0.10639242069910777 -0.07676957810313588 -0.0088624333455606229 0.17089814076233417 -0.050185387412981744 0.023893479608090688 -0.0026859299661701123 0.77099247804636384 -0.46180938717958808 -0.19282122456379069 0.30674523838878609
0.005431686550023491 -0.045603938116459783 0.047228348688428519 -0.068459794740150973 -0.063326387327014122 -0.067616785261296192 0.050981657119673868 -0.019012346701385831 -0.51195928548340452 -0.59894429717349207 0.22203287229922217 -0.55614339880313146
-0.055131657189370846 0.026610356790945189 -0.051865113047088282 -0.013974415606597193 -0.00029304402944526926 -0.019300760432011899 -0.0023444232618891666 0.058022219874701519 -0.22402106252220813 -0.54578161962278937 -0.7960425212771659 -0.088745293077670817
-0.013974258798936767 0.010516324243950655 -0.018416877103383415 -0.018987891102623358 -0.028615052754855434 -0.020619199498394938 0.00635629496192857 -0.01508883368646308 0.03984591943500515 0.7542130084927241 0.19006920619374687 -0.62524482805256665
0.14185177842272059 0.0284607311846303 -0.077034248519398663 0.074222273927157134 0.001444728620431634 -0.050342286485278893 -0.051838958195595114 -0.081290834236932355 0.039374946418574773 0.87459452711126484 -0.26598460550308411 0.34435322614535463
0.19041909866552195 -0.12330751482353959 0.026144148417053644 -0.0311100504764837 -0.10753766222533812 -0.10414592811478841 -0.00155177634856179 0.044046625715121822 -0.53967993759755628 0.055218298847030313 0.73319974602400872 0.3010745296190161
0.045773270774365472 0.02431254848551322 0.025714726021648301 0.096251738171424003 0.032837105785806779 0.0068222868342526144 0.037409422279388413 -0.048431841418106435 -0.1779484640199539 0.41797581374069137 0.3323835762440302 0.81588593424870315
0.00054240739346749834 -0.075735244441280422 0.10084963389435428 0.056601881396226864 -0.054832944335992839 0.071255119840947706 0.0016781694926347067 -0.093944968896691003 -0.21770499883384023 -0.26356577859702124 0.82391427613041979 -0.4102193547497035
-0.016839231918801389 -0.018375870536031114 -0.025162357736017903 -0.060691059537430009 0.014546541912072018 0.071495754766127448 0.041429755412279619 -0.061582432401678856 -0.76343416304956357 0.078993938583824086 -0.46914249738158753 -0.41840615047702734
-0.18673205596719356 0.21683662715063695 0.10190077472956724 -0.10826951560091867 0.10096595685041923 0.1492446189551784 -0.26564722863874457 -0.061026325685748124 -0.4313107727646166 0.72066607561901042 -0.1350334061970779 -0.25617107803421207
-0.0045798756273128316 0.14541372706285324 0.1694741561963567 -0.041178389715500363 -0.072673999318207352 0.21126032343890494 -0.076871711259146644 -0.044989676760138105 0.028702205950504801 0.37915967578147147 0.80739124208317337 0.30676450857595911
-0.038428414563113453 0.022306106796166209 0.011008852276868071 0.082678153077013469 -0.00066074008149989618 -0.058893564678910541 -0.04603305566053837 0.063879142933312316 -0.23792742680976328 -0.92701583620143191 -0.25579782257654404 6.6514653435167934e-06
0.079097463450448491 -0.067496455032919261 0.04435699797757639 0.052914298561261473 -0.046532985860832023 -0.012481062381736952 0.11772830894056767 0.114470447167938 0.56921159367317453 0.22085664100917346 0.75736103774008068 -0.093597992196437177
-0.0037981836706040798 -0.034364291536814917 0.0002222113320975439 -0.0032758877124846081 0.11078370888450119 -0.0077024939502684329 0.050758697309063822 0.052742974977609797 -0.074482861113647353 0.46707772934032588 -0.86945751477187916 0.037915580990566897
0.073548991839936462 -0.20572555055350358 -0.099451431096882065 0.090606144071029279 -0.02205031389795219 -0.094220277293195043 -0.032052749362768834 -0.046551522029614836 0.62154168576968116 0.38941271431821262 -0.24042272120764741 -0.57083269801402636
-0.0028771319220374518 0.070767544094110346 0.018639105257106124 0.034121728272718893 -0.0080468768652682942 -0.068987099217751702 -0.037961307202129785 0.034778105309584889 0.055120683837455123 -0.48267925646573667 -0.8639942992352444 0.059107657460592634
-0.033122075788221489 -0.034195075470334721 -0.032138644718464733 0.027695634403190863 0.028724091796357962 0.093857980396546109 0.090569783504331411 0.12994892024219273 0.78662677621002441 -0.32739379998419083 -0.052940677121631224 0.48211884650694214
-0.013335478389993907 0.02361331457278475 0.049578851097026255 -0.034435272431770136 -0.076086066378466516 0.051299891748275525 0.00076327038530392616 0.030456611476973695 -0.57258691175916931 0.74479086572703701 0.3174378006381276 -0.054183090632299695
-0.014385420027941329 0.0046548174914209182 -0.0068141530433721755 -0.011389803334377764 -0.045756997782890135 0.051609833833551284 -0.001617502737306799 0.0030502882897594685 0.037973890472719422 -0.963781241583334 0.21543775507266655 -0.13452252375927162
