1 0 0 0 0 0 0 0 0 0 0 0
-1 0 0 0 0 0 0 0 0 0 0 0
0 1 0 0 0 0 0 0 0 0 0 0
0 -1 0 0 0 0 0 0 0 0 0 0
0 0 1 0 0 0 0 0 0 0 0 0
0 0 -1 0 0 0 0 0 0 0 0 0
0 0 0 1 0 0 0 0 0 0 0 0
0 0 0 -1 0 0 0 0 0 0 0 0
0 0 0 0 1 0 0 0 0 0 0 0
0 0 0 0 -1 0 0 0 0 0 0 0
0 0 0 0 0 1 0 0 0 0 0 0
0 0 0 0 0 -1 0 0 0 0 0 0
0 0 0 0 0 0 1 0 0 0 0 0
0 0 0 0 0 0 -1 0 0 0 0 0
0 0 0 0 0 0 0 1 0 0 0 0
0 0 0 0 0 0 0 -1 0 0 0 0
0.5 0.5 0.5 0.5 0 0 0 0 0 0 0 0
0.5 0.5 0.5 -0.5 0 0 0 0 0 0 0 0
0.5 0.5 -0.5 0.5 0 0 0 0 0 0 0 0
0.5 0.5 -0.5 -0.5 0 0 0 0 0 0 0 0
0.5 -0.5 0.5 0.5 0 0 0 0 0 0 0 0
0.5 -0.5 0.5 -0.5 0 0 0 0 0 0 0 0
0.5 -0.5 -0.5 0.5 0 0 0 0 0 0 0 0
0.5 -0.5 -0.5 -0.5 0 0 0 0 0 0 0 0
-0.5 0.5 0.5 0.5 0 0 0 0 0 0 0 0
-0.5 0.5 0.5 -0.5 0 0 0 0 0 0 0 0
-0.5 0.5 -0.5 0.5 0 0 0 0 0 0 0 0
-0.5 0.5 -0.5 -0.5 0 0 0 0 0 0 0 0
-0.5 -0.5 0.5 0.5 0 0 0 0 0 0 0 0
-0.5 -0.5 0.5 -0.5 0 0 0 0 0 0 0 0
-0.5 -0.5 -0.5 0.5 0 0 0 0 0 0 0 0
-0.5 -0.5 -0.5 -0.5 0 0 0 0 0 0 0 0
0.5 0.5 0 0 0.5 0 0 0.5 0 0 0 0
0.5 0.5 0 0 0.5 0 0 -0.5 0 0 0 0
0.5 0.5 0 0 -0.5 0 0 0.5 0 0 0 0
0.5 0.5 0 0 -0.5 0 0 -0.5 0 0 0 0
0.5 -0.5 0 0 0.5 0 0 0.5 0 0 0 0
0.5 -0.5 0 0 0.5 0 0 -0.5 0 0 0 0
0.5 -0.5 0 0 -0.5 0 0 0.5 0 0 0 0
0.5 -0.5 0 0 -0.5 0 0 -0.5 0 0 0 0
-0.5 0.5 0 0 0.5 0 0 0.5 0 0 0 0
-0.5 0.5 0 0 0.5 0 0 -0.5 0 0 0 0
-0.5 0.5 0 0 -0.5 0 0 0.5 0 0 0 0
-0.5 0.5 0 0 -0.5 0 0 -0.5 0 0 0 0
-0.5 -0.5 0 0 0.5 0 0 0.5 0 0 0 0
-0.5 -0.5 0 0 0.5 0 0 -0.5 0 0 0 0
-0.5 -0.5 0 0 -0.5 0 0 0.5 0 0 0 0
-0.5 -0.5 0 0 -0.5 0 0 -0.5 0 0 0 0
0.5 0.5 0 0 0 0.5 0 0 0.5 0 0 0
0.5 0.5 0 0 0 0.5 0 0 -0.5 0 0 0
0.5 0.5 0 0 0 -0.5 0 0 0.5 0 0 0
0.5 0.5 0 0 0 -0.5 0 0 -0.5 0 0 0
0.5 -0.5 0 0 0 0.5 0 0 0.5 0 0 0
0.5 -0.5 0 0 0 0.5 0 0 -0.5 0 0 0
0.5 -0.5 0 0 0 -0.5 0 0 0.5 0 0 0
0.5 -0.5 0 0 0 -0.5 0 0 -0.5 0 0 0
-0.5 0.5 0 0 0 0.5 0 0 0.5 0 0 0
-0.5 0.5 0 0 0 0.5 0 0 -0.5 0 0 0
-0.5 0.5 0 0 0 -0.5 0 0 0.5 0 0 0
-0.5 0.5 0 0 0 -0.5 0 0 -0.5 0 0 0
-0.5 -0.5 0 0 0 0.5 0 0 0.5 0 0 0
-0.5 -0.5 0 0 0 0.5 0 0 -0.5 0 0 0
-0.5 -0.5 0 0 0 -0.5 0 0 0.5 0 0 0
-0.5 -0.5 0 0 0 -0.5 0 0 -0.5 0 0 0
0.5 0.5 0 0 0 0 0.5 0 0 0 0.5 0
0.5 0.5 0 0 0 0 0.5 0 0 0 -0.5 0
0.5 0.5 0 0 0 0 -0.5 0 0 0 0.5 0
0.5 0.5 0 0 0 0 -0.5 0 0 0 -0.5 0
0.5 -0.5 0 0 0 0 0.5 0 0 0 0.5 0
0.5 -0.5 0 0 0 0 0.5 0 0 0 -0.5 0
0.5 -0.5 0 0 0 0 -0.5 0 0 0 0.5 0
0.5 -0.5 0 0 0 0 -0.5 0 0 0 -0.5 0
-0.5 0.5 0 0 0 0 0.5 0 0 0 0.5 0
-0.5 0.5 0 0 0 0 0.5 0 0 0 -0.5 0
-0.5 0.5 0 0 0 0 -0.5 0 0 0 0.5 0
-0.5 0.5 0 0 0 0 -0.5 0 0 0 -0.5 0
-0.5 -0.5 0 0 0 0 0.5 0 0 0 0.5 0
-0.5 -0.5 0 0 0 0 0.5 0 0 0 -0.5 0
-0.5 -0.5 0 0 0 0 -0.5 0 0 0 0.5 0
-0.5 -0.5 0 0 0 0 -0.5 0 0 0 -0.5 0
0.5 0.5 0 0 0 0 0 0 0 0.5 0 0.5
0.5 0.5 0 0 0 0 0 0 0 0.5 0 -0.5
0.5 0.5 0 0 0 0 0 0 0 -0.5 0 0.5
0.5 0.5 0 0 0 0 0 0 0 -0.5 0 -0.5
0.5 -0.5 0 0 0 0 0 0 0 0.5 0 0.5
0.5 -0.5 0 0 0 0 0 0 0 0.5 0 -0.5
0.5 -0.5 0 0 0 0 0 0 0 -0.5 0 0.5
0.5 -0.5 0 0 0 0 0 0 0 -0.5 0 -0.5
-0.5 0.5 0 0 0 0 0 0 0 0.5 0 0.5
-0.5 0.5 0 0 0 0 0 0 0 0.5 0 -0.5
-0.5 0.5 0 0 0 0 0 0 0 -0.5 0 0.5
-0.5 0.5 0 0 0 0 0 0 0 -0.5 0 -0.5
-0.5 -0.5 0 0 0 0 0 0 0 0.5 0 0.5
-0.5 -0.5 0 0 0 0 0 0 0 0.5 0 -0.5
-0.5 -0.5 0 0 0 0 0 0 0 -0.5 0 0.5
-0.5 -0.5 0 0 0 0 0 0 0 -0.5 0 -0.5
0.5 0 0.5 0 0.5 0 0 0 0 0.5 0 0
0.5 0 0.5 0 0.5 0 0 0 0 -0.5 0 0
0.5 0 0.5 0 -0.5 0 0 0 0 0.5 0 0
0.5 0 0.5 0 -0.5 0 0 0 0 -0.5 0 0
0.5 0 -0.5 0 0.5 0 0 0 0 0.5 0 0
0.5 0 -0.5 0 0.5 0 0 0 0 -0.5 0 0
0.5 0 -0.5 0 -0.5 0 0 0 0 0.5 0 0
0.5 0 -0.5 0 -0.5 0 0 0 0 -0.5 0 0
-0.5 0 0.5 0 0.5 0 0 0 0 0.5 0 0
-0.5 0 0.5 0 0.5 0 0 0 0 -0.5 0 0
-0.5 0 0.5 0 -0.5 0 0 0 0 0.5 0 0
-0.5 0 0.5 0 -0.5 0 0 0 0 -0.5 0 0
-0.5 0 -0.5 0 0.5 0 0 0 0 0.5 0 0
-0.5 0 -0.5 0 0.5 0 0 0 0 -0.5 0 0
-0.5 0 -0.5 0 -0.5 0 0 0 0 0.5 0 0
-0.5 0 -0.5 0 -0.5 0 0 0 0 -0.5 0 0
0.5 0 0.5 0 0 0.5 0.5 0 0 0 0 0
0.5 0 0.5 0 0 0.5 -0.5 0 0 0 0 0
0.5 0 0.5 0 0 -0.5 0.5 0 0 0 0 0
0.5 0 0.5 0 0 -0.5 -0.5 0 0 0 0 0
0.5 0 -0.5 0 0 0.5 0.5 0 0 0 0 0
0.5 0 -0.5 0 0 0.5 -0.5 0 0 0 0 0
0.5 0 -0.5 0 0 -0.5 0.5 0 0 0 0 0
0.5 0 -0.5 0 0 -0.5 -0.5 0 0 0 0 0
-0.5 0 0.5 0 0 0.5 0.5 0 0 0 0 0
-0.5 0 0.5 0 0 0.5 -0.5 0 0 0 0 0
-0.5 0 0.5 0 0 -0.5 0.5 0 0 0 0 0
-0.5 0 0.5 0 0 -0.5 -0.5 0 0 0 0 0
-0.5 0 -0.5 0 0 0.5 0.5 0 0 0 0 0
-0.5 0 -0.5 0 0 0.5 -0.5 0 0 0 0 0
-0.5 0 -0.5 0 0 -0.5 0.5 0 0 0 0 0
-0.5 0 -0.5 0 0 -0.5 -0.5 0 0 0 0 0
0.5 0 0.5 0 0 0 0 0.5 0 0 0 0.5
0.5 0 0.5 0 0 0 0 0.5 0 0 0 -0.5
0.5 0 0.5 0 0 0 0 -0.5 0 0 0 0.5
0.5 0 0.5 0 0 0 0 -0.5 0 0 0 -0.5
0.5 0 -0.5 0 0 0 0 0.5 0 0 0 0.5
0.5 0 -0.5 0 0 0 0 0.5 0 0 0 -0.5
0.5 0 -0.5 0 0 0 0 -0.5 0 0 0 0.5
0.5 0 -0.5 0 0 0 0 -0.5 0 0 0 -0.5
-0.5 0 0.5 0 0 0 0 0.5 0 0 0 0.5
-0.5 0 0.5 0 0 0 0 0.5 0 0 0 -0.5
-0.5 0 0.5 0 0 0 0 -0.5 0 0 0 0.5
-0.5 0 0.5 0 0 0 0 -0.5 0 0 0 -0.5
-0.5 0 -0.5 0 0 0 0 0.5 0 0 0 0.5
-0.5 0 -0.5 0 0 0 0 0.5 0 0 0 -0.5
-0.5 0 -0.5 0 0 0 0 -0.5 0 0 0 0.5
-0.5 0 -0.5 0 0 0 0 -0.5 0 0 0 -0.5
0.5 0 0.5 0 0 0 0 0 0.5 0 0.5 0
0.5 0 0.5 0 0 0 0 0 0.5 0 -0.5 0
0.5 0 0.5 0 0 0 0 0 -0.5 0 0.5 0
0.5 0 0.5 0 0 0 0 0 -0.5 0 -0.5 0
0.5 0 -0.5 0 0 0 0 0 0.5 0 0.5 0
0.5 0 -0.5 0 0 0 0 0 0.5 0 -0.5 0
0.5 0 -0.5 0 0 0 0 0 -0.5 0 0.5 0
0.5 0 -0.5 0 0 0 0 0 -0.5 0 -0.5 0
-0.5 0 0.5 0 0 0 0 0 0.5 0 0.5 0
-0.5 0 0.5 0 0 0 0 0 0.5 0 -0.5 0
-0.5 0 0.5 0 0 0 0 0 -0.5 0 0.5 0
-0.5 0 0.5 0 0 0 0 0 -0.5 0 -0.5 0
-0.5 0 -0.5 0 0 0 0 0 0.5 0 0.5 0
-0.5 0 -0.5 0 0 0 0 0 0.5 0 -0.5 0
-0.5 0 -0.5 0 0 0 0 0 -0.5 0 0.5 0
-0.5 0 -0.5 0 0 0 0 0 -0.5 0 -0.5 0
0.5 0 0 0.5 0.5 0 0.5 0 0 0 0 0
0.5 0 0 0.5 0.5 0 -0.5 0 0 0 0 0
0.5 0 0 0.5 -0.5 0 0.5 0 0 0 0 0
0.5 0 0 0.5 -0.5 0 -0.5 0 0 0 0 0
0.5 0 0 -0.5 0.5 0 0.5 0 0 0 0 0
0.5 0 0 -0.5 0.5 0 -0.5 0 0 0 0 0
0.5 0 0 -0.5 -0.5 0 0.5 0 0 0 0 0
0.5 0 0 -0.5 -0.5 0 -0.5 0 0 0 0 0
-0.5 0 0 0.5 0.5 0 0.5 0 0 0 0 0
-0.5 0 0 0.5 0.5 0 -0.5 0 0 0 0 0
-0.5 0 0 0.5 -0.5 0 0.5 0 0 0 0 0
-0.5 0 0 0.5 -0.5 0 -0.5 0 0 0 0 0
-0.5 0 0 -0.5 0.5 0 0.5 0 0 0 0 0
-0.5 0 0 -0.5 0.5 0 -0.5 0 0 0 0 0
-0.5 0 0 -0.5 -0.5 0 0.5 0 0 0 0 0
-0.5 0 0 -0.5 -0.5 0 -0.5 0 0 0 0 0
0.5 0 0 0.5 0 0.5 0 0.5 0 0 0 0
0.5 0 0 0.5 0 0.5 0 -0.5 0 0 0 0
0.5 0 0 0.5 0 -0.5 0 0.5 0 0 0 0
0.5 0 0 0.5 0 -0.5 0 -0.5 0 0 0 0
0.5 0 0 -0.5 0 0.5 0 0.5 0 0 0 0
0.5 0 0 -0.5 0 0.5 0 -0.5 0 0 0 0
0.5 0 0 -0.5 0 -0.5 0 0.5 0 0 0 0
0.5 0 0 -0.5 0 -0.5 0 -0.5 0 0 0 0
-0.5 0 0 0.5 0 0.5 0 0.5 0 0 0 0
-0.5 0 0 0.5 0 0.5 0 -0.5 0 0 0 0
-0.5 0 0 0.5 0 -0.5 0 0.5 0 0 0 0
-0.5 0 0 0.5 0 -0.5 0 -0.5 0 0 0 0
-0.5 0 0 -0.5 0 0.5 0 0.5 0 0 0 0
-0.5 0 0 -0.5 0 0.5 0 -0.5 0 0 0 0
-0.5 0 0 -0.5 0 -0.5 0 0.5 0 0 0 0
-0.5 0 0 -0.5 0 -0.5 0 -0.5 0 0 0 0
0.5 0 0 0.5 0 0 0 0 0.5 0.5 0 0
0.5 0 0 0.5 0 0 0 0 0.5 -0.5 0 0
0.5 0 0 0.5 0 0 0 0 -0.5 0.5 0 0
0.5 0 0 0.5 0 0 0 0 -0.5 -0.5 0 0
0.5 0 0 -0.5 0 0 0 0 0.5 0.5 0 0
0.5 0 0 -0.5 0 0 0 0 0.5 -0.5 0 0
0.5 0 0 -0.5 0 0 0 0 -0.5 0.5 0 0
0.5 0 0 -0.5 0 0 0 0 -0.5 -0.5 0 0
-0.5 0 0 0.5 0 0 0 0 0.5 0.5 0 0
-0.5 0 0 0.5 0 0 0 0 0.5 -0.5 0 0
-0.5 0 0 0.5 0 0 0 0 -0.5 0.5 0 0
-0.5 0 0 0.5 0 0 0 0 -0.5 -0.5 0 0
-0.5 0 0 -0.5 0 0 0 0 0.5 0.5 0 0
-0.5 0 0 -0.5 0 0 0 0 0.5 -0.5 0 0
-0.5 0 0 -0.5 0 0 0 0 -0.5 0.5 0 0
-0.5 0 0 -0.5 0 0 0 0 -0.5 -0.5 0 0
0.5 0 0 0.5 0 0 0 0 0 0 0.5 0.5
0.5 0 0 0.5 0 0 0 0 0 0 0.5 -0.5
0.5 0 0 0.5 0 0 0 0 0 0 -0.5 0.5
0.5 0 0 0.5 0 0 0 0 0 0 -0.5 -0.5
0.5 0 0 -0.5 0 0 0 0 0 0 0.5 0.5
0.5 0 0 -0.5 0 0 0 0 0 0 0.5 -0.5
0.5 0 0 -0.5 0 0 0 0 0 0 -0.5 0.5
0.5 0 0 -0.5 0 0 0 0 0 0 -0.5 -0.5
-0.5 0 0 0.5 0 0 0 0 0 0 0.5 0.5
-0.5 0 0 0.5 0 0 0 0 0 0 0.5 -0.5
-0.5 0 0 0.5 0 0 0 0 0 0 -0.5 0.5
-0.5 0 0 0.5 0 0 0 0 0 0 -0.5 -0.5
-0.5 0 0 -0.5 0 0 0 0 0 0 0.5 0.5
-0.5 0 0 -0.5 0 0 0 0 0 0 0.5 -0.5
-0.5 0 0 -0.5 0 0 0 0 0 0 -0.5 0.5
-0.5 0 0 -0.5 0 0 0 0 0 0 -0.5 -0.5
0.5 0 0 0 0.5 0.5 0 0 0 0 0 0.5
0.5 0 0 0 0.5 0.5 0 0 0 0 0 -0.5
0.5 0 0 0 0.5 -0.5 0 0 0 0 0 0.5
0.5 0 0 0 0.5 -0.5 0 0 0 0 0 -0.5
0.5 0 0 0 -0.5 0.5 0 0 0 0 0 0.5
0.5 0 0 0 -0.5 0.5 0 0 0 0 0 -0.5
0.5 0 0 0 -0.5 -0.5 0 0 0 0 0 0.5
0.5 0 0 0 -0.5 -0.5 0 0 0 0 0 -0.5
-0.5 0 0 0 0.5 0.5 0 0 0 0 0 0.5
-0.5 0 0 0 0.5 0.5 0 0 0 0 0 -0.5
-0.5 0 0 0 0.5 -0.5 0 0 0 0 0 0.5
-0.5 0 0 0 0.5 -0.5 0 0 0 0 0 -0.5
-0.5 0 0 0 -0.5 0.5 0 0 0 0 0 0.5
-0.5 0 0 0 -0.5 0.5 0 0 0 0 0 -0.5
-0.5 0 0 0 -0.5 -0.5 0 0 0 0 0 0.5
-0.5 0 0 0 -0.5 -0.5 0 0 0 0 0 -0.5
0.5 0 0 0 0 0.5 0 0 0 0.5 0.5 0
0.5 0 0 0 0 0.5 0 0 0 0.5 -0.5 0
0.5 0 0 0 0 0.5 0 0 0 -0.5 0.5 0
0.5 0 0 0 0 0.5 0 0 0 -0.5 -0.5 0
0.5 0 0 0 0 -0.5 0 0 0 0.5 0.5 0
0.5 0 0 0 0 -0.5 0 0 0 0.5 -0.5 0
0.5 0 0 0 0 -0.5 0 0 0 -0.5 0.5 0
0.5 0 0 0 0 -0.5 0 0 0 -0.5 -0.5 0
-0.5 0 0 0 0 0.5 0 0 0 0.5 0.5 0
-0.5 0 0 0 0 0.5 0 0 0 0.5 -0.5 0
-0.5 0 0 0 0 0.5 0 0 0 -0.5 0.5 0
-0.5 0 0 0 0 0.5 0 0 0 -0.5 -0.5 0
-0.5 0 0 0 0 -0.5 0 0 0 0.5 0.5 0
-0.5 0 0 0 0 -0.5 0 0 0 0.5 -0.5 0
-0.5 0 0 0 0 -0.5 0 0 0 -0.5 0.5 0
-0.5 0 0 0 0 -0.5 0 0 0 -0.5 -0.5 0
0.5 0 0 0 0 0 0.5 0.5 0 0.5 0 0
0.5 0 0 0 0 0 0.5 0.5 0 -0.5 0 0
0.5 0 0 0 0 0 0.5 -0.5 0 0.5 0 0
0.5 0 0 0 0 0 0.5 -0.5 0 -0.5 0 0
0.5 0 0 0 0 0 -0.5 0.5 0 0.5 0 0
0.5 0 0 0 0 0 -0.5 0.5 0 -0.5 0 0
0.5 0 0 0 0 0 -0.5 -0.5 0 0.5 0 0
0.5 0 0 0 0 0 -0.5 -0.5 0 -0.5 0 0
-0.5 0 0 0 0 0 0.5 0.5 0 0.5 0 0
-0.5 0 0 0 0 0 0.5 0.5 0 -0.5 0 0
-0.5 0 0 0 0 0 0.5 -0.5 0 0.5 0 0
-0.5 0 0 0 0 0 0.5 -0.5 0 -0.5 0 0
-0.5 0 0 0 0 0 -0.5 0.5 0 0.5 0 0
-0.5 0 0 0 0 0 -0.5 0.5 0 -0.5 0 0
-0.5 0 0 0 0 0 -0.5 -0.5 0 0.5 0 0
-0.5 0 0 0 0 0 -0.5 -0.5 0 -0.5 0 0
0.5 0 0 0 0 0 0.5 0 0.5 0 0 0.5
0.5 0 0 0 0 0 0.5 0 0.5 0 0 -0.5
0.5 0 0 0 0 0 0.5 0 -0.5 0 0 0.5
0.5 0 0 0 0 0 0.5 0 -0.5 0 0 -0.5
0.5 0 0 0 0 0 -0.5 0 0.5 0 0 0.5
0.5 0 0 0 0 0 -0.5 0 0.5 0 0 -0.5
0.5 0 0 0 0 0 -0.5 0 -0.5 0 0 0.5
0.5 0 0 0 0 0 -0.5 0 -0.5 0 0 -0.5
-0.5 0 0 0 0 0 0.5 0 0.5 0 0 0.5
-0.5 0 0 0 0 0 0.5 0 0.5 0 0 -0.5
-0.5 0 0 0 0 0 0.5 0 -0.5 0 0 0.5
-0.5 0 0 0 0 0 0.5 0 -0.5 0 0 -0.5
-0.5 0 0 0 0 0 -0.5 0 0.5 0 0 0.5
-0.5 0 0 0 0 0 -0.5 0 0.5 0 0 -0.5
-0.5 0 0 0 0 0 -0.5 0 -0.5 0 0 0.5
-0.5 0 0 0 0 0 -0.5 0 -0.5 0 0 -0.5
0 0.5 0.5 0 0.5 0.5 0 0 0 0 0 0
0 0.5 0.5 0 0.5 -0.5 0 0 0 0 0 0
0 0.5 0.5 0 -0.5 0.5 0 0 0 0 0 0
0 0.5 0.5 0 -0.5 -0.5 0 0 0 0 0 0
0 0.5 -0.5 0 0.5 0.5 0 0 0 0 0 0
0 0.5 -0.5 0 0.5 -0.5 0 0 0 0 0 0
0 0.5 -0.5 0 -0.5 0.5 0 0 0 0 0 0
0 0.5 -0.5 0 -0.5 -0.5 0 0 0 0 0 0
0 -0.5 0.5 0 0.5 0.5 0 0 0 0 0 0
0 -0.5 0.5 0 0.5 -0.5 0 0 0 0 0 0
0 -0.5 0.5 0 -0.5 0.5 0 0 0 0 0 0
0 -0.5 0.5 0 -0.5 -0.5 0 0 0 0 0 0
0 -0.5 -0.5 0 0.5 0.5 0 0 0 0 0 0
0 -0.5 -0.5 0 0.5 -0.5 0 0 0 0 0 0
0 -0.5 -0.5 0 -0.5 0.5 0 0 0 0 0 0
0 -0.5 -0.5 0 -0.5 -0.5 0 0 0 0 0 0
0 0.5 0.5 0 0 0 0.5 0.5 0 0 0 0
0 0.5 0.5 0 0 0 0.5 -0.5 0 0 0 0
0 0.5 0.5 0 0 0 -0.5 0.5 0 0 0 0
0 0.5 0.5 0 0 0 -0.5 -0.5 0 0 0 0
0 0.5 -0.5 0 0 0 0.5 0.5 0 0 0 0
0 0.5 -0.5 0 0 0 0.5 -0.5 0 0 0 0
0 0.5 -0.5 0 0 0 -0.5 0.5 0 0 0 0
0 0.5 -0.5 0 0 0 -0.5 -0.5 0 0 0 0
0 -0.5 0.5 0 0 0 0.5 0.5 0 0 0 0
0 -0.5 0.5 0 0 0 0.5 -0.5 0 0 0 0
0 -0.5 0.5 0 0 0 -0.5 0.5 0 0 0 0
0 -0.5 0.5 0 0 0 -0.5 -0.5 0 0 0 0
0 -0.5 -0.5 0 0 0 0.5 0.5 0 0 0 0
0 -0.5 -0.5 0 0 0 0.5 -0.5 0 0 0 0
0 -0.5 -0.5 0 0 0 -0.5 0.5 0 0 0 0
0 -0.5 -0.5 0 0 0 -0.5 -0.5 0 0 0 0
0 0.5 0.5 0 0 0 0 0 0.5 0.5 0 0
0 0.5 0.5 0 0 0 0 0 0.5 -0.5 0 0
0 0.5 0.5 0 0 0 0 0 -0.5 0.5 0 0
0 0.5 0.5 0 0 0 0 0 -0.5 -0.5 0 0
0 0.5 -0.5 0 0 0 0 0 0.5 0.5 0 0
0 0.5 -0.5 0 0 0 0 0 0.5 -0.5 0 0
0 0.5 -0.5 0 0 0 0 0 -0.5 0.5 0 0
0 0.5 -0.5 0 0 0 0 0 -0.5 -0.5 0 0
0 -0.5 0.5 0 0 0 0 0 0.5 0.5 0 0
0 -0.5 0.5 0 0 0 0 0 0.5 -0.5 0 0
0 -0.5 0.5 0 0 0 0 0 -0.5 0.5 0 0
0 -0.5 0.5 0 0 0 0 0 -0.5 -0.5 0 0
0 -0.5 -0.5 0 0 0 0 0 0.5 0.5 0 0
0 -0.5 -0.5 0 0 0 0 0 0.5 -0.5 0 0
0 -0.5 -0.5 0 0 0 0 0 -0.5 0.5 0 0
0 -0.5 -0.5 0 0 0 0 0 -0.5 -0.5 0 0
0 0.5 0.5 0 0 0 0 0 0 0 0.5 0.5
0 0.5 0.5 0 0 0 0 0 0 0 0.5 -0.5
0 0.5 0.5 0 0 0 0 0 0 0 -0.5 0.5
0 0.5 0.5 0 0 0 0 0 0 0 -0.5 -0.5
0 0.5 -0.5 0 0 0 0 0 0 0 0.5 0.5
0 0.5 -0.5 0 0 0 0 0 0 0 0.5 -0.5
0 0.5 -0.5 0 0 0 0 0 0 0 -0.5 0.5
0 0.5 -0.5 0 0 0 0 0 0 0 -0.5 -0.5
0 -0.5 0.5 0 0 0 0 0 0 0 0.5 0.5
0 -0.5 0.5 0 0 0 0 0 0 0 0.5 -0.5
0 -0.5 0.5 0 0 0 0 0 0 0 -0.5 0.5
0 -0.5 0.5 0 0 0 0 0 0 0 -0.5 -0.5
0 -0.5 -0.5 0 0 0 0 0 0 0 0.5 0.5
0 -0.5 -0.5 0 0 0 0 0 0 0 0.5 -0.5
0 -0.5 -0.5 0 0 0 0 0 0 0 -0.5 0.5
0 -0.5 -0.5 0 0 0 0 0 0 0 -0.5 -0.5
0 0.5 0 0.5 0.5 0 0 0 0 0 0 0.5
0 0.5 0 0.5 0.5 0 0 0 0 0 0 -0.5
0 0.5 0 0.5 -0.5 0 0 0 0 0 0 0.5
0 0.5 0 0.5 -0.5 0 0 0 0 0 0 -0.5
0 0.5 0 -0.5 0.5 0 0 0 0 0 0 0.5
0 0.5 0 -0.5 0.5 0 0 0 0 0 0 -0.5
0 0.5 0 -0.5 -0.5 0 0 0 0 0 0 0.5
0 0.5 0 -0.5 -0.5 0 0 0 0 0 0 -0.5
0 -0.5 0 0.5 0.5 0 0 0 0 0 0 0.5
0 -0.5 0 0.5 0.5 0 0 0 0 0 0 -0.5
0 -0.5 0 0.5 -0.5 0 0 0 0 0 0 0.5
0 -0.5 0 0.5 -0.5 0 0 0 0 0 0 -0.5
0 -0.5 0 -0.5 0.5 0 0 0 0 0 0 0.5
0 -0.5 0 -0.5 0.5 0 0 0 0 0 0 -0.5
0 -0.5 0 -0.5 -0.5 0 0 0 0 0 0 0.5
0 -0.5 0 -0.5 -0.5 0 0 0 0 0 0 -0.5
0 0.5 0 0.5 0 0.5 0.5 0 0 0 0 0
0 0.5 0 0.5 0 0.5 -0.5 0 0 0 0 0
0 0.5 0 0.5 0 -0.5 0.5 0 0 0 0 0
0 0.5 0 0.5 0 -0.5 -0.5 0 0 0 0 0
0 0.5 0 -0.5 0 0.5 0.5 0 0 0 0 0
0 0.5 0 -0.5 0 0.5 -0.5 0 0 0 0 0
0 0.5 0 -0.5 0 -0.5 0.5 0 0 0 0 0
0 0.5 0 -0.5 0 -0.5 -0.5 0 0 0 0 0
0 -0.5 0 0.5 0 0.5 0.5 0 0 0 0 0
0 -0.5 0 0.5 0 0.5 -0.5 0 0 0 0 0
0 -0.5 0 0.5 0 -0.5 0.5 0 0 0 0 0
0 -0.5 0 0.5 0 -0.5 -0.5 0 0 0 0 0
0 -0.5 0 -0.5 0 0.5 0.5 0 0 0 0 0
0 -0.5 0 -0.5 0 0.5 -0.5 0 0 0 0 0
0 -0.5 0 -0.5 0 -0.5 0.5 0 0 0 0 0
0 -0.5 0 -0.5 0 -0.5 -0.5 0 0 0 0 0
0 0.5 0 0.5 0 0 0 0.5 0 0.5 0 0
0 0.5 0 0.5 0 0 0 0.5 0 -0.5 0 0
0 0.5 0 0.5 0 0 0 -0.5 0 0.5 0 0
0 0.5 0 0.5 0 0 0 -0.5 0 -0.5 0 0
0 0.5 0 -0.5 0 0 0 0.5 0 0.5 0 0
0 0.5 0 -0.5 0 0 0 0.5 0 -0.5 0 0
0 0.5 0 -0.5 0 0 0 -0.5 0 0.5 0 0
0 0.5 0 -0.5 0 0 0 -0.5 0 -0.5 0 0
0 -0.5 0 0.5 0 0 0 0.5 0 0.5 0 0
0 -0.5 0 0.5 0 0 0 0.5 0 -0.5 0 0
0 -0.5 0 0.5 0 0 0 -0.5 0 0.5 0 0
0 -0.5 0 0.5 0 0 0 -0.5 0 -0.5 0 0
0 -0.5 0 -0.5 0 0 0 0.5 0 0.5 0 0
0 -0.5 0 -0.5 0 0 0 0.5 0 -0.5 0 0
0 -0.5 0 -0.5 0 0 0 -0.5 0 0.5 0 0
0 -0.5 0 -0.5 0 0 0 -0.5 0 -0.5 0 0
0 0.5 0 0.5 0 0 0 0 0.5 0 0.5 0
0 0.5 0 0.5 0 0 0 0 0.5 0 -0.5 0
0 0.5 0 0.5 0 0 0 0 -0.5 0 0.5 0
0 0.5 0 0.5 0 0 0 0 -0.5 0 -0.5 0
0 0.5 0 -0.5 0 0 0 0 0.5 0 0.5 0
0 0.5 0 -0.5 0 0 0 0 0.5 0 -0.5 0
0 0.5 0 -0.5 0 0 0 0 -0.5 0 0.5 0
0 0.5 0 -0.5 0 0 0 0 -0.5 0 -0.5 0
0 -0.5 0 0.5 0 0 0 0 0.5 0 0.5 0
0 -0.5 0 0.5 0 0 0 0 0.5 0 -0.5 0
0 -0.5 0 0.5 0 0 0 0 -0.5 0 0.5 0
0 -0.5 0 0.5 0 0 0 0 -0.5 0 -0.5 0
0 -0.5 0 -0.5 0 0 0 0 0.5 0 0.5 0
0 -0.5 0 -0.5 0 0 0 0 0.5 0 -0.5 0
0 -0.5 0 -0.5 0 0 0 0 -0.5 0 0.5 0
0 -0.5 0 -0.5 0 0 0 0 -0.5 0 -0.5 0
0 0.5 0 0 0.5 0 0.5 0 0.5 0 0 0
0 0.5 0 0 0.5 0 0.5 0 -0.5 0 0 0
0 0.5 0 0 0.5 0 -0.5 0 0.5 0 0 0
0 0.5 0 0 0.5 0 -0.5 0 -0.5 0 0 0
0 0.5 0 0 -0.5 0 0.5 0 0.5 0 0 0
0 0.5 0 0 -0.5 0 0.5 0 -0.5 0 0 0
0 0.5 0 0 -0.5 0 -0.5 0 0.5 0 0 0
0 0.5 0 0 -0.5 0 -0.5 0 -0.5 0 0 0
0 -0.5 0 0 0.5 0 0.5 0 0.5 0 0 0
0 -0.5 0 0 0.5 0 0.5 0 -0.5 0 0 0
0 -0.5 0 0 0.5 0 -0.5 0 0.5 0 0 0
0 -0.5 0 0 0.5 0 -0.5 0 -0.5 0 0 0
0 -0.5 0 0 -0.5 0 0.5 0 0.5 0 0 0
0 -0.5 0 0 -0.5 0 0.5 0 -0.5 0 0 0
0 -0.5 0 0 -0.5 0 -0.5 0 0.5 0 0 0
0 -0.5 0 0 -0.5 0 -0.5 0 -0.5 0 0 0
0 0.5 0 0 0.5 0 0 0 0 0.5 0.5 0
0 0.5 0 0 0.5 0 0 0 0 0.5 -0.5 0
0 0.5 0 0 0.5 0 0 0 0 -0.5 0.5 0
0 0.5 0 0 0.5 0 0 0 0 -0.5 -0.5 0
0 0.5 0 0 -0.5 0 0 0 0 0.5 0.5 0
0 0.5 0 0 -0.5 0 0 0 0 0.5 -0.5 0
0 0.5 0 0 -0.5 0 0 0 0 -0.5 0.5 0
0 0.5 0 0 -0.5 0 0 0 0 -0.5 -0.5 0
0 -0.5 0 0 0.5 0 0 0 0 0.5 0.5 0
0 -0.5 0 0 0.5 0 0 0 0 0.5 -0.5 0
0 -0.5 0 0 0.5 0 0 0 0 -0.5 0.5 0
0 -0.5 0 0 0.5 0 0 0 0 -0.5 -0.5 0
0 -0.5 0 0 -0.5 0 0 0 0 0.5 0.5 0
0 -0.5 0 0 -0.5 0 0 0 0 0.5 -0.5 0
0 -0.5 0 0 -0.5 0 0 0 0 -0.5 0.5 0
0 -0.5 0 0 -0.5 0 0 0 0 -0.5 -0.5 0
0 0.5 0 0 0 0.5 0 0.5 0 0 0.5 0
0 0.5 0 0 0 0.5 0 0.5 0 0 -0.5 0
0 0.5 0 0 0 0.5 0 -0.5 0 0 0.5 0
0 0.5 0 0 0 0.5 0 -0.5 0 0 -0.5 0
0 0.5 0 0 0 -0.5 0 0.5 0 0 0.5 0
0 0.5 0 0 0 -0.5 0 0.5 0 0 -0.5 0
0 0.5 0 0 0 -0.5 0 -0.5 0 0 0.5 0
0 0.5 0 0 0 -0.5 0 -0.5 0 0 -0.5 0
0 -0.5 0 0 0 0.5 0 0.5 0 0 0.5 0
0 -0.5 0 0 0 0.5 0 0.5 0 0 -0.5 0
0 -0.5 0 0 0 0.5 0 -0.5 0 0 0.5 0
0 -0.5 0 0 0 0.5 0 -0.5 0 0 -0.5 0
0 -0.5 0 0 0 -0.5 0 0.5 0 0 0.5 0
0 -0.5 0 0 0 -0.5 0 0.5 0 0 -0.5 0
0 -0.5 0 0 0 -0.5 0 -0.5 0 0 0.5 0
0 -0.5 0 0 0 -0.5 0 -0.5 0 0 -0.5 0
0 0.5 0 0 0 0 0 0.5 0.5 0 0 0.5
0 0.5 0 0 0 0 0 0.5 0.5 0 0 -0.5
0 0.5 0 0 0 0 0 0.5 -0.5 0 0 0.5
0 0.5 0 0 0 0 0 0.5 -0.5 0 0 -0.5
0 0.5 0 0 0 0 0 -0.5 0.5 0 0 0.5
0 0.5 0 0 0 0 0 -0.5 0.5 0 0 -0.5
0 0.5 0 0 0 0 0 -0.5 -0.5 0 0 0.5
0 0.5 0 0 0 0 0 -0.5 -0.5 0 0 -0.5
0 -0.5 0 0 0 0 0 0.5 0.5 0 0 0.5
0 -0.5 0 0 0 0 0 0.5 0.5 0 0 -0.5
0 -0.5 0 0 0 0 0 0.5 -0.5 0 0 0.5
0 -0.5 0 0 0 0 0 0.5 -0.5 0 0 -0.5
0 -0.5 0 0 0 0 0 -0.5 0.5 0 0 0.5
0 -0.5 0 0 0 0 0 -0.5 0.5 0 0 -0.5
0 -0.5 0 0 0 0 0 -0.5 -0.5 0 0 0.5
0 -0.5 0 0 0 0 0 -0.5 -0.5 0 0 -0.5
0 0 0.5 0.5 0.5 0 0 0.5 0 0 0 0
0 0 0.5 0.5 0.5 0 0 -0.5 0 0 0 0
0 0 0.5 0.5 -0.5 0 0 0.5 0 0 0 0
0 0 0.5 0.5 -0.5 0 0 -0.5 0 0 0 0
0 0 0.5 -0.5 0.5 0 0 0.5 0 0 0 0
0 0 0.5 -0.5 0.5 0 0 -0.5 0 0 0 0
0 0 0.5 -0.5 -0.5 0 0 0.5 0 0 0 0
0 0 0.5 -0.5 -0.5 0 0 -0.5 0 0 0 0
0 0 -0.5 0.5 0.5 0 0 0.5 0 0 0 0
0 0 -0.5 0.5 0.5 0 0 -0.5 0 0 0 0
0 0 -0.5 0.5 -0.5 0 0 0.5 0 0 0 0
0 0 -0.5 0.5 -0.5 0 0 -0.5 0 0 0 0
0 0 -0.5 -0.5 0.5 0 0 0.5 0 0 0 0
0 0 -0.5 -0.5 0.5 0 0 -0.5 0 0 0 0
0 0 -0.5 -0.5 -0.5 0 0 0.5 0 0 0 0
0 0 -0.5 -0.5 -0.5 0 0 -0.5 0 0 0 0
0 0 0.5 0.5 0 0.5 0 0 0 0 0.5 0
0 0 0.5 0.5 0 0.5 0 0 0 0 -0.5 0
0 0 0.5 0.5 0 -0.5 0 0 0 0 0.5 0
0 0 0.5 0.5 0 -0.5 0 0 0 0 -0.5 0
0 0 0.5 -0.5 0 0.5 0 0 0 0 0.5 0
0 0 0.5 -0.5 0 0.5 0 0 0 0 -0.5 0
0 0 0.5 -0.5 0 -0.5 0 0 0 0 0.5 0
0 0 0.5 -0.5 0 -0.5 0 0 0 0 -0.5 0
0 0 -0.5 0.5 0 0.5 0 0 0 0 0.5 0
0 0 -0.5 0.5 0 0.5 0 0 0 0 -0.5 0
0 0 -0.5 0.5 0 -0.5 0 0 0 0 0.5 0
0 0 -0.5 0.5 0 -0.5 0 0 0 0 -0.5 0
0 0 -0.5 -0.5 0 0.5 0 0 0 0 0.5 0
0 0 -0.5 -0.5 0 0.5 0 0 0 0 -0.5 0
0 0 -0.5 -0.5 0 -0.5 0 0 0 0 0.5 0
0 0 -0.5 -0.5 0 -0.5 0 0 0 0 -0.5 0
0 0 0.5 0.5 0 0 0.5 0 0.5 0 0 0
0 0 0.5 0.5 0 0 0.5 0 -0.5 0 0 0
0 0 0.5 0.5 0 0 -0.5 0 0.5 0 0 0
0 0 0.5 0.5 0 0 -0.5 0 -0.5 0 0 0
0 0 0.5 -0.5 0 0 0.5 0 0.5 0 0 0
0 0 0.5 -0.5 0 0 0.5 0 -0.5 0 0 0
0 0 0.5 -0.5 0 0 -0.5 0 0.5 0 0 0
0 0 0.5 -0.5 0 0 -0.5 0 -0.5 0 0 0
0 0 -0.5 0.5 0 0 0.5 0 0.5 0 0 0
0 0 -0.5 0.5 0 0 0.5 0 -0.5 0 0 0
0 0 -0.5 0.5 0 0 -0.5 0 0.5 0 0 0
0 0 -0.5 0.5 0 0 -0.5 0 -0.5 0 0 0
0 0 -0.5 -0.5 0 0 0.5 0 0.5 0 0 0
0 0 -0.5 -0.5 0 0 0.5 0 -0.5 0 0 0
0 0 -0.5 -0.5 0 0 -0.5 0 0.5 0 0 0
0 0 -0.5 -0.5 0 0 -0.5 0 -0.5 0 0 0
0 0 0.5 0.5 0 0 0 0 0 0.5 0 0.5
0 0 0.5 0.5 0 0 0 0 0 0.5 0 -0.5
0 0 0.5 0.5 0 0 0 0 0 -0.5 0 0.5
0 0 0.5 0.5 0 0 0 0 0 -0.5 0 -0.5
0 0 0.5 -0.5 0 0 0 0 0 0.5 0 0.5
0 0 0.5 -0.5 0 0 0 0 0 0.5 0 -0.5
0 0 0.5 -0.5 0 0 0 0 0 -0.5 0 0.5
0 0 0.5 -0.5 0 0 0 0 0 -0.5 0 -0.5
0 0 -0.5 0.5 0 0 0 0 0 0.5 0 0.5
0 0 -0.5 0.5 0 0 0 0 0 0.5 0 -0.5
0 0 -0.5 0.5 0 0 0 0 0 -0.5 0 0.5
0 0 -0.5 0.5 0 0 0 0 0 -0.5 0 -0.5
0 0 -0.5 -0.5 0 0 0 0 0 0.5 0 0.5
0 0 -0.5 -0.5 0 0 0 0 0 0.5 0 -0.5
0 0 -0.5 -0.5 0 0 0 0 0 -0.5 0 0.5
0 0 -0.5 -0.5 0 0 0 0 0 -0.5 0 -0.5
0 0 0.5 0 0.5 0 0.5 0 0 0 0.5 0
0 0 0.5 0 0.5 0 0.5 0 0 0 -0.5 0
0 0 0.5 0 0.5 0 -0.5 0 0 0 0.5 0
0 0 0.5 0 0.5 0 -0.5 0 0 0 -0.5 0
0 0 0.5 0 -0.5 0 0.5 0 0 0 0.5 0
0 0 0.5 0 -0.5 0 0.5 0 0 0 -0.5 0
0 0 0.5 0 -0.5 0 -0.5 0 0 0 0.5 0
0 0 0.5 0 -0.5 0 -0.5 0 0 0 -0.5 0
0 0 -0.5 0 0.5 0 0.5 0 0 0 0.5 0
0 0 -0.5 0 0.5 0 0.5 0 0 0 -0.5 0
0 0 -0.5 0 0.5 0 -0.5 0 0 0 0.5 0
0 0 -0.5 0 0.5 0 -0.5 0 0 0 -0.5 0
0 0 -0.5 0 -0.5 0 0.5 0 0 0 0.5 0
0 0 -0.5 0 -0.5 0 0.5 0 0 0 -0.5 0
0 0 -0.5 0 -0.5 0 -0.5 0 0 0 0.5 0
0 0 -0.5 0 -0.5 0 -0.5 0 0 0 -0.5 0
0 0 0.5 0 0.5 0 0 0 0.5 0 0 0.5
0 0 0.5 0 0.5 0 0 0 0.5 0 0 -0.5
0 0 0.5 0 0.5 0 0 0 -0.5 0 0 0.5
0 0 0.5 0 0.5 0 0 0 -0.5 0 0 -0.5
0 0 0.5 0 -0.5 0 0 0 0.5 0 0 0.5
0 0 0.5 0 -0.5 0 0 0 0.5 0 0 -0.5
0 0 0.5 0 -0.5 0 0 0 -0.5 0 0 0.5
0 0 0.5 0 -0.5 0 0 0 -0.5 0 0 -0.5
0 0 -0.5 0 0.5 0 0 0 0.5 0 0 0.5
0 0 -0.5 0 0.5 0 0 0 0.5 0 0 -0.5
0 0 -0.5 0 0.5 0 0 0 -0.5 0 0 0.5
0 0 -0.5 0 0.5 0 0 0 -0.5 0 0 -0.5
0 0 -0.5 0 -0.5 0 0 0 0.5 0 0 0.5
0 0 -0.5 0 -0.5 0 0 0 0.5 0 0 -0.5
0 0 -0.5 0 -0.5 0 0 0 -0.5 0 0 0.5
0 0 -0.5 0 -0.5 0 0 0 -0.5 0 0 -0.5
0 0 0.5 0 0 0.5 0 0.5 0.5 0 0 0
0 0 0.5 0 0 0.5 0 0.5 -0.5 0 0 0
0 0 0.5 0 0 0.5 0 -0.5 0.5 0 0 0
0 0 0.5 0 0 0.5 0 -0.5 -0.5 0 0 0
0 0 0.5 0 0 -0.5 0 0.5 0.5 0 0 0
0 0 0.5 0 0 -0.5 0 0.5 -0.5 0 0 0
0 0 0.5 0 0 -0.5 0 -0.5 0.5 0 0 0
0 0 0.5 0 0 -0.5 0 -0.5 -0.5 0 0 0
0 0 -0.5 0 0 0.5 0 0.5 0.5 0 0 0
0 0 -0.5 0 0 0.5 0 0.5 -0.5 0 0 0
0 0 -0.5 0 0 0.5 0 -0.5 0.5 0 0 0
0 0 -0.5 0 0 0.5 0 -0.5 -0.5 0 0 0
0 0 -0.5 0 0 -0.5 0 0.5 0.5 0 0 0
0 0 -0.5 0 0 -0.5 0 0.5 -0.5 0 0 0
0 0 -0.5 0 0 -0.5 0 -0.5 0.5 0 0 0
0 0 -0.5 0 0 -0.5 0 -0.5 -0.5 0 0 0
0 0 0.5 0 0 0 0 0.5 0 0.5 0.5 0
0 0 0.5 0 0 0 0 0.5 0 0.5 -0.5 0
0 0 0.5 0 0 0 0 0.5 0 -0.5 0.5 0
0 0 0.5 0 0 0 0 0.5 0 -0.5 -0.5 0
0 0 0.5 0 0 0 0 -0.5 0 0.5 0.5 0
0 0 0.5 0 0 0 0 -0.5 0 0.5 -0.5 0
0 0 0.5 0 0 0 0 -0.5 0 -0.5 0.5 0
0 0 0.5 0 0 0 0 -0.5 0 -0.5 -0.5 0
0 0 -0.5 0 0 0 0 0.5 0 0.5 0.5 0
0 0 -0.5 0 0 0 0 0.5 0 0.5 -0.5 0
0 0 -0.5 0 0 0 0 0.5 0 -0.5 0.5 0
0 0 -0.5 0 0 0 0 0.5 0 -0.5 -0.5 0
0 0 -0.5 0 0 0 0 -0.5 0 0.5 0.5 0
0 0 -0.5 0 0 0 0 -0.5 0 0.5 -0.5 0
0 0 -0.5 0 0 0 0 -0.5 0 -0.5 0.5 0
0 0 -0.5 0 0 0 0 -0.5 0 -0.5 -0.5 0
0 0 0 0.5 0.5 0.5 0 0 0 0.5 0 0
0 0 0 0.5 0.5 0.5 0 0 0 -0.5 0 0
0 0 0 0.5 0.5 -0.5 0 0 0 0.5 0 0
0 0 0 0.5 0.5 -0.5 0 0 0 -0.5 0 0
0 0 0 0.5 -0.5 0.5 0 0 0 0.5 0 0
0 0 0 0.5 -0.5 0.5 0 0 0 -0.5 0 0
0 0 0 0.5 -0.5 -0.5 0 0 0 0.5 0 0
0 0 0 0.5 -0.5 -0.5 0 0 0 -0.5 0 0
0 0 0 -0.5 0.5 0.5 0 0 0 0.5 0 0
0 0 0 -0.5 0.5 0.5 0 0 0 -0.5 0 0
0 0 0 -0.5 0.5 -0.5 0 0 0 0.5 0 0
0 0 0 -0.5 0.5 -0.5 0 0 0 -0.5 0 0
0 0 0 -0.5 -0.5 0.5 0 0 0 0.5 0 0
0 0 0 -0.5 -0.5 0.5 0 0 0 -0.5 0 0
0 0 0 -0.5 -0.5 -0.5 0 0 0 0.5 0 0
0 0 0 -0.5 -0.5 -0.5 0 0 0 -0.5 0 0
0 0 0 0.5 0 0.5 0 0 0.5 0 0 0.5
0 0 0 0.5 0 0.5 0 0 0.5 0 0 -0.5
0 0 0 0.5 0 0.5 0 0 -0.5 0 0 0.5
0 0 0 0.5 0 0.5 0 0 -0.5 0 0 -0.5
0 0 0 0.5 0 -0.5 0 0 0.5 0 0 0.5
0 0 0 0.5 0 -0.5 0 0 0.5 0 0 -0.5
0 0 0 0.5 0 -0.5 0 0 -0.5 0 0 0.5
0 0 0 0.5 0 -0.5 0 0 -0.5 0 0 -0.5
0 0 0 -0.5 0 0.5 0 0 0.5 0 0 0.5
0 0 0 -0.5 0 0.5 0 0 0.5 0 0 -0.5
0 0 0 -0.5 0 0.5 0 0 -0.5 0 0 0.5
0 0 0 -0.5 0 0.5 0 0 -0.5 0 0 -0.5
0 0 0 -0.5 0 -0.5 0 0 0.5 0 0 0.5
0 0 0 -0.5 0 -0.5 0 0 0.5 0 0 -0.5
0 0 0 -0.5 0 -0.5 0 0 -0.5 0 0 0.5
0 0 0 -0.5 0 -0.5 0 0 -0.5 0 0 -0.5
0 0 0 0.5 0 0 0.5 0.5 0 0 0 0.5
0 0 0 0.5 0 0 0.5 0.5 0 0 0 -0.5
0 0 0 0.5 0 0 0.5 -0.5 0 0 0 0.5
0 0 0 0.5 0 0 0.5 -0.5 0 0 0 -0.5
0 0 0 0.5 0 0 -0.5 0.5 0 0 0 0.5
0 0 0 0.5 0 0 -0.5 0.5 0 0 0 -0.5
0 0 0 0.5 0 0 -0.5 -0.5 0 0 0 0.5
0 0 0 0.5 0 0 -0.5 -0.5 0 0 0 -0.5
0 0 0 -0.5 0 0 0.5 0.5 0 0 0 0.5
0 0 0 -0.5 0 0 0.5 0.5 0 0 0 -0.5
0 0 0 -0.5 0 0 0.5 -0.5 0 0 0 0.5
0 0 0 -0.5 0 0 0.5 -0.5 0 0 0 -0.5
0 0 0 -0.5 0 0 -0.5 0.5 0 0 0 0.5
0 0 0 -0.5 0 0 -0.5 0.5 0 0 0 -0.5
0 0 0 -0.5 0 0 -0.5 -0.5 0 0 0 0.5
0 0 0 -0.5 0 0 -0.5 -0.5 0 0 0 -0.5
0 0 0 0.5 0 0 0.5 0 0 0.5 0.5 0
0 0 0 0.5 0 0 0.5 0 0 0.5 -0.5 0
0 0 0 0.5 0 0 0.5 0 0 -0.5 0.5 0
0 0 0 0.5 0 0 0.5 0 0 -0.5 -0.5 0
0 0 0 0.5 0 0 -0.5 0 0 0.5 0.5 0
0 0 0 0.5 0 0 -0.5 0 0 0.5 -0.5 0
0 0 0 0.5 0 0 -0.5 0 0 -0.5 0.5 0
0 0 0 0.5 0 0 -0.5 0 0 -0.5 -0.5 0
0 0 0 -0.5 0 0 0.5 0 0 0.5 0.5 0
0 0 0 -0.5 0 0 0.5 0 0 0.5 -0.5 0
0 0 0 -0.5 0 0 0.5 0 0 -0.5 0.5 0
0 0 0 -0.5 0 0 0.5 0 0 -0.5 -0.5 0
0 0 0 -0.5 0 0 -0.5 0 0 0.5 0.5 0
0 0 0 -0.5 0 0 -0.5 0 0 0.5 -0.5 0
0 0 0 -0.5 0 0 -0.5 0 0 -0.5 0.5 0
0 0 0 -0.5 0 0 -0.5 0 0 -0.5 -0.5 0
0 0 0 0 0.5 0.5 0.5 0.5 0 0 0 0
0 0 0 0 0.5 0.5 0.5 -0.5 0 0 0 0
0 0 0 0 0.5 0.5 -0.5 0.5 0 0 0 0
0 0 0 0 0.5 0.5 -0.5 -0.5 0 0 0 0
0 0 0 0 0.5 -0.5 0.5 0.5 0 0 0 0
0 0 0 0 0.5 -0.5 0.5 -0.5 0 0 0 0
0 0 0 0 0.5 -0.5 -0.5 0.5 0 0 0 0
0 0 0 0 0.5 -0.5 -0.5 -0.5 0 0 0 0
0 0 0 0 -0.5 0.5 0.5 0.5 0 0 0 0
0 0 0 0 -0.5 0.5 0.5 -0.5 0 0 0 0
0 0 0 0 -0.5 0.5 -0.5 0.5 0 0 0 0
0 0 0 0 -0.5 0.5 -0.5 -0.5 0 0 0 0
0 0 0 0 -0.5 -0.5 0.5 0.5 0 0 0 0
0 0 0 0 -0.5 -0.5 0.5 -0.5 0 0 0 0
0 0 0 0 -0.5 -0.5 -0.5 0.5 0 0 0 0
0 0 0 0 -0.5 -0.5 -0.5 -0.5 0 0 0 0
0 0 0 0 0.5 0.5 0 0 0.5 0 0.5 0
0 0 0 0 0.5 0.5 0 0 0.5 0 -0.5 0
0 0 0 0 0.5 0.5 0 0 -0.5 0 0.5 0
0 0 0 0 0.5 0.5 0 0 -0.5 0 -0.5 0
0 0 0 0 0.5 -0.5 0 0 0.5 0 0.5 0
0 0 0 0 0.5 -0.5 0 0 0.5 0 -0.5 0
0 0 0 0 0.5 -0.5 0 0 -0.5 0 0.5 0
0 0 0 0 0.5 -0.5 0 0 -0.5 0 -0.5 0
0 0 0 0 -0.5 0.5 0 0 0.5 0 0.5 0
0 0 0 0 -0.5 0.5 0 0 0.5 0 -0.5 0
0 0 0 0 -0.5 0.5 0 0 -0.5 0 0.5 0
0 0 0 0 -0.5 0.5 0 0 -0.5 0 -0.5 0
0 0 0 0 -0.5 -0.5 0 0 0.5 0 0.5 0
0 0 0 0 -0.5 -0.5 0 0 0.5 0 -0.5 0
0 0 0 0 -0.5 -0.5 0 0 -0.5 0 0.5 0
0 0 0 0 -0.5 -0.5 0 0 -0.5 0 -0.5 0
0 0 0 0 0.5 0 0.5 0 0 0.5 0 0.5
0 0 0 0 0.5 0 0.5 0 0 0.5 0 -0.5
0 0 0 0 0.5 0 0.5 0 0 -0.5 0 0.5
0 0 0 0 0.5 0 0.5 0 0 -0.5 0 -0.5
0 0 0 0 0.5 0 -0.5 0 0 0.5 0 0.5
0 0 0 0 0.5 0 -0.5 0 0 0.5 0 -0.5
0 0 0 0 0.5 0 -0.5 0 0 -0.5 0 0.5
0 0 0 0 0.5 0 -0.5 0 0 -0.5 0 -0.5
0 0 0 0 -0.5 0 0.5 0 0 0.5 0 0.5
0 0 0 0 -0.5 0 0.5 0 0 0.5 0 -0.5
0 0 0 0 -0.5 0 0.5 0 0 -0.5 0 0.5
0 0 0 0 -0.5 0 0.5 0 0 -0.5 0 -0.5
0 0 0 0 -0.5 0 -0.5 0 0 0.5 0 0.5
0 0 0 0 -0.5 0 -0.5 0 0 0.5 0 -0.5
0 0 0 0 -0.5 0 -0.5 0 0 -0.5 0 0.5
0 0 0 0 -0.5 0 -0.5 0 0 -0.5 0 -0.5
0 0 0 0 0.5 0 0 0.5 0.5 0.5 0 0
0 0 0 0 0.5 0 0 0.5 0.5 -0.5 0 0
0 0 0 0 0.5 0 0 0.5 -0.5 0.5 0 0
0 0 0 0 0.5 0 0 0.5 -0.5 -0.5 0 0
0 0 0 0 0.5 0 0 -0.5 0.5 0.5 0 0
0 0 0 0 0.5 0 0 -0.5 0.5 -0.5 0 0
0 0 0 0 0.5 0 0 -0.5 -0.5 0.5 0 0
0 0 0 0 0.5 0 0 -0.5 -0.5 -0.5 0 0
0 0 0 0 -0.5 0 0 0.5 0.5 0.5 0 0
0 0 0 0 -0.5 0 0 0.5 0.5 -0.5 0 0
0 0 0 0 -0.5 0 0 0.5 -0.5 0.5 0 0
0 0 0 0 -0.5 0 0 0.5 -0.5 -0.5 0 0
0 0 0 0 -0.5 0 0 -0.5 0.5 0.5 0 0
0 0 0 0 -0.5 0 0 -0.5 0.5 -0.5 0 0
0 0 0 0 -0.5 0 0 -0.5 -0.5 0.5 0 0
0 0 0 0 -0.5 0 0 -0.5 -0.5 -0.5 0 0
0 0 0 0 0.5 0 0 0.5 0 0 0.5 0.5
0 0 0 0 0.5 0 0 0.5 0 0 0.5 -0.5
0 0 0 0 0.5 0 0 0.5 0 0 -0.5 0.5
0 0 0 0 0.5 0 0 0.5 0 0 -0.5 -0.5
0 0 0 0 0.5 0 0 -0.5 0 0 0.5 0.5
0 0 0 0 0.5 0 0 -0.5 0 0 0.5 -0.5
0 0 0 0 0.5 0 0 -0.5 0 0 -0.5 0.5
0 0 0 0 0.5 0 0 -0.5 0 0 -0.5 -0.5
0 0 0 0 -0.5 0 0 0.5 0 0 0.5 0.5
0 0 0 0 -0.5 0 0 0.5 0 0 0.5 -0.5
0 0 0 0 -0.5 0 0 0.5 0 0 -0.5 0.5
0 0 0 0 -0.5 0 0 0.5 0 0 -0.5 -0.5
0 0 0 0 -0.5 0 0 -0.5 0 0 0.5 0.5
0 0 0 0 -0.5 0 0 -0.5 0 0 0.5 -0.5
0 0 0 0 -0.5 0 0 -0.5 0 0 -0.5 0.5
0 0 0 0 -0.5 0 0 -0.5 0 0 -0.5 -0.5
0 0 0 0 0 0.5 0.5 0 0.5 0.5 0 0
0 0 0 0 0 0.5 0.5 0 0.5 -0.5 0 0
0 0 0 0 0 0.5 0.5 0 -0.5 0.5 0 0
0 0 0 0 0 0.5 0.5 0 -0.5 -0.5 0 0
0 0 0 0 0 0.5 -0.5 0 0.5 0.5 0 0
0 0 0 0 0 0.5 -0.5 0 0.5 -0.5 0 0
0 0 0 0 0 0.5 -0.5 0 -0.5 0.5 0 0
0 0 0 0 0 0.5 -0.5 0 -0.5 -0.5 0 0
0 0 0 0 0 -0.5 0.5 0 0.5 0.5 0 0
0 0 0 0 0 -0.5 0.5 0 0.5 -0.5 0 0
0 0 0 0 0 -0.5 0.5 0 -0.5 0.5 0 0
0 0 0 0 0 -0.5 0.5 0 -0.5 -0.5 0 0
0 0 0 0 0 -0.5 -0.5 0 0.5 0.5 0 0
0 0 0 0 0 -0.5 -0.5 0 0.5 -0.5 0 0
0 0 0 0 0 -0.5 -0.5 0 -0.5 0.5 0 0
0 0 0 0 0 -0.5 -0.5 0 -0.5 -0.5 0 0
0 0 0 0 0 0.5 0.5 0 0 0 0.5 0.5
0 0 0 0 0 0.5 0.5 0 0 0 0.5 -0.5
0 0 0 0 0 0.5 0.5 0 0 0 -0.5 0.5
0 0 0 0 0 0.5 0.5 0 0 0 -0.5 -0.5
0 0 0 0 0 0.5 -0.5 0 0 0 0.5 0.5
0 0 0 0 0 0.5 -0.5 0 0 0 0.5 -0.5
0 0 0 0 0 0.5 -0.5 0 0 0 -0.5 0.5
0 0 0 0 0 0.5 -0.5 0 0 0 -0.5 -0.5
0 0 0 0 0 -0.5 0.5 0 0 0 0.5 0.5
0 0 0 0 0 -0.5 0.5 0 0 0 0.5 -0.5
0 0 0 0 0 -0.5 0.5 0 0 0 -0.5 0.5
0 0 0 0 0 -0.5 0.5 0 0 0 -0.5 -0.5
0 0 0 0 0 -0.5 -0.5 0 0 0 0.5 0.5
0 0 0 0 0 -0.5 -0.5 0 0 0 0.5 -0.5
0 0 0 0 0 -0.5 -0.5 0 0 0 -0.5 0.5
0 0 0 0 0 -0.5 -0.5 0 0 0 -0.5 -0.5
0 0 0 0 0 0.5 0 0.5 0 0.5 0 0.5
0 0 0 0 0 0.5 0 0.5 0 0.5 0 -0.5
0 0 0 0 0 0.5 0 0.5 0 -0.5 0 0.5
0 0 0 0 0 0.5 0 0.5 0 -0.5 0 -0.5
0 0 0 0 0 0.5 0 -0.5 0 0.5 0 0.5
0 0 0 0 0 0.5 0 -0.5 0 0.5 0 -0.5
0 0 0 0 0 0.5 0 -0.5 0 -0.5 0 0.5
0 0 0 0 0 0.5 0 -0.5 0 -0.5 0 -0.5
0 0 0 0 0 -0.5 0 0.5 0 0.5 0 0.5
0 0 0 0 0 -0.5 0 0.5 0 0.5 0 -0.5
0 0 0 0 0 -0.5 0 0.5 0 -0.5 0 0.5
0 0 0 0 0 -0.5 0 0.5 0 -0.5 0 -0.5
0 0 0 0 0 -0.5 0 -0.5 0 0.5 0 0.5
0 0 0 0 0 -0.5 0 -0.5 0 0.5 0 -0.5
0 0 0 0 0 -0.5 0 -0.5 0 -0.5 0 0.5
0 0 0 0 0 -0.5 0 -0.5 0 -0.5 0 -0.5
0 0 0 0 0 0 0.5 0.5 0.5 0 0.5 0
0 0 0 0 0 0 0.5 0.5 0.5 0 -0.5 0
0 0 0 0 0 0 0.5 0.5 -0.5 0 0.5 0
0 0 0 0 0 0 0.5 0.5 -0.5 0 -0.5 0
0 0 0 0 0 0 0.5 -0.5 0.5 0 0.5 0
0 0 0 0 0 0 0.5 -0.5 0.5 0 -0.5 0
0 0 0 0 0 0 0.5 -0.5 -0.5 0 0.5 0
0 0 0 0 0 0 0.5 -0.5 -0.5 0 -0.5 0
0 0 0 0 0 0 -0.5 0.5 0.5 0 0.5 0
0 0 0 0 0 0 -0.5 0.5 0.5 0 -0.5 0
0 0 0 0 0 0 -0.5 0.5 -0.5 0 0.5 0
0 0 0 0 0 0 -0.5 0.5 -0.5 0 -0.5 0
0 0 0 0 0 0 -0.5 -0.5 0.5 0 0.5 0
0 0 0 0 0 0 -0.5 -0.5 0.5 0 -0.5 0
0 0 0 0 0 0 -0.5 -0.5 -0.5 0 0.5 0
0 0 0 0 0 0 -0.5 -0.5 -0.5 0 -0.5 0
-0.020639032502966101 0.020639007607504457 0.020638838609739932 -0.020639032237649419 0.020639032342246365 0.020639011387680931 -0.020639011379860909 -0.02063903208806412 0.49923351608057792 0.49911902444608636 0.49911888441282276 -0.49911791050653326
-2.5265838672136482e-17 0.40824829046386296 -0.40824829046386291 6.3001187927109949e-17 -3.7235941563965358e-17 -0.40824829046386302 0.40824829046386296 5.0973566790556919e-17 -1.2327210704209614e-17 0.40824829046386296 5.471473633670667e-17 -0.40824829046386302
-4.109141078356623e-05 3.1081211307019221e-05 3.1081886372965994e-05 3.3385386306196737e-06 4.0897458249320758e-05 -2.4867087059356275e-06 2.4867268391204048e-06 3.3380128159654283e-06 2.3404336752401583e-05 -0.0009479331324009166 -0.99999954766366417 1.4818682912050924e-05
-1.5717951021212927e-07 1.0797223457299039e-07 2.978918539503341e-07 -1.5740872332410499e-07 1.5816023158219041e-07 2.9733164966248006e-07 -2.9733053666233923e-07 -1.5740550859992698e-07 0.00043316431719623628 -0.0004754994343245711 -0.00052922018632172601 -0.99999965309722993
-2.9473153678978784e-05 2.9236806717143278e-05 2.9231009381103213e-05 2.9493987950013655e-05 2.8978284499959564e-05 -2.9242283250747258e-05 2.9242306857350357e-05 2.949400547905849e-05 0.50066471162996828 0.49968424514702398 -0.4998507603070575 0.49979967210185361
0.40824829046386302 8.3266726827010811e-17 -4.3113665759173104e-17 -0.40824829046386302 0.40824829046386302 -5.5510629120418918e-17 -1.3752823315244804e-17 -0.40824829046386302 0.40824829046386302 -1.0167751098295361e-17 -0.40824829046386302 4.747608010428902e-17
1.2876954021906314e-08 -2.9544047591317348e-08 -3.3937685730222377e-08 -5.043253862469927e-08 -1.2899270981533448e-08 4.8582252866093093e-08 -4.8582110479253855e-08 -5.0427405181684801e-08 -0.5006404394737245 -0.49983956246588218 0.49973138599149819 -0.49978805909352791
-2.8316254908006983e-05 2.8328270455424238e-05 2.8322801806417486e-05 -2.849626961158172e-05 2.8316464492753306e-05 2.8502443532205218e-05 -2.8502445855056761e-05 -2.849627053261398e-05 -0.50034588140622549 -0.50014537583900787 -0.5002452243302502 -0.49926276755262311
-4.9541401931913161e-06 4.7070792459938079e-06 5.1819007353793684e-06 -4.953715417412843e-06 4.9541747520372456e-06 5.1822249025658291e-06 -5.1822234410189176e-06 -4.953723335996714e-06 -0.50064357243248547 0.49979205211770306 0.4996988867219932 -0.49986492218391249
-1.2975703486838507e-07 6.8769601302354295e-08 2.6375350913561843e-07 -1.8842026893277336e-07 1.3149256081291622e-07 3.4140613195156489e-07 -3.4140744226764115e-07 -1.8841999020303555e-07 2.8378319682536115e-06 0.99999999414695584 -9.5160240183443003e-05 -5.1401860226976997e-05
7.7943706841389913e-08 -1.0581796060831192e-07 -1.0578591902568589e-07 -1.4963428653663299e-07 -7.796648184203619e-08 1.6103760922825971e-07 -1.6105661526537883e-07 -1.4963047534604615e-07 -0.50094554805139735 -0.50007210868173724 0.49898211581934243 0.49999829209549018
-1.5357064478927764e-05 2.0222159175369209e-05 2.0221978810304122e-05 1.5363752989130109e-05 1.5359224763674808e-05 -2.0230699789569795e-05 2.0230713169314203e-05 1.536390034940556e-05 -0.00042552991982149698 -0.00053587926347233657 -0.00054263969516158133 0.99999961735972531
2.0087431340635745e-05 -1.52301017638603e-05 -1.5229653088825119e-05 2.0010859567768417e-05 -2.0087441325482065e-05 -1.5174269947219472e-05 1.5174269195699991e-05 2.0010860549520609e-05 2.5219140456675303e-05 -6.5327263410074914e-05 0.99999999588238386 -2.8271568357464121e-05
0.020638945215448699 -0.020638530267081071 -0.020639576320629665 0.020639124657631347 -0.020638945317241975 -0.020639391094693732 0.020639391097478789 0.020639124899498613 -0.49921217529526779 0.49912256334775074 -0.49913171188867889 -0.49912284654445016
-0.28858438930857666 0.28858438635768402 0.28858438625086436 -0.28858438909759315 0.28858434326879923 0.28858438376069373 -0.28858438111993856 -0.28858433851330334 -0.2888565251361051 0.28885660170050109 -0.28885654380983411 -0.28885660460848639
2.9937346559604112e-05 -2.9953368235247469e-05 -2.9953559442756256e-05 2.9630755702657599e-05 -2.993175941687822e-05 -2.9631770429893952e-05 2.9631768695154358e-05 2.9630758566625532e-05 0.50066886007089817 0.49978497818793188 0.49978137212413321 0.49976418550361607
-1.6849798353347858e-05 2.2200396445112962e-05 2.2200695120969175e-05 1.6858871623732046e-05 1.6849413745627763e-05 -2.220936873901997e-05 2.2209382080373857e-05 1.6856754279159828e-05 4.64273503405169e-05 -0.99999951560536249 -0.00098083488458868147 3.857511309249933e-05
0.28858440526603774 -0.28858444308843362 -0.28858444308813946 0.2885844052660228 -0.28858432063888834 -0.28858432760126251 0.28858432760077396 0.28858432464779288 0.28885655014702549 0.28885658461926783 0.28885655639367519 -0.2888565845745833
-2.9018887935542048e-05 2.9034616640432218e-05 2.902968961658846e-05 -2.9272906033874374e-05 2.9024591871679629e-05 2.92730422034803e-05 -2.9273041278028381e-05 -2.9272902753994422e-05 -0.50096781252257738 0.4990064815106765 -0.50009832131473164 0.4999254388876242
4.6670454885843877e-06 -5.1317562540510927e-06 -4.6706854427877029e-06 4.9638391638003797e-06 -5.1709450388896895e-06 -4.4826669053494477e-06 4.4826647078146266e-06 4.9638362494837857e-06 0.50096117643226168 0.49898107467634706 -0.50001965592499542 -0.50003612901964722
-0.28858443912800802 0.28858438049930274 0.28858438049940127 0.28858443912791376 0.28858429740159247 -0.28858438230563915 0.28858438212394016 0.28858429740119701 0.28885649945709058 -0.28885660695195076 -0.28885651711387805 0.28885665092318025
-2.9405519590658256e-05 2.9382313148472194e-05 2.9382352915549182e-05 2.907989814531804e-05 2.9410422255185876e-05 -2.9074013388307664e-05 2.9074040361683298e-05 2.9079912061095123e-05 0.50066648859281215 -0.49984950277391227 0.49968310314077691 0.49980029149075117
9.661051548709223e-09 -2.5437893685912151e-08 -2.9877798442485703e-08 -4.8230641535815121e-08 -9.7068549943892709e-09 4.5646755471907277e-08 -4.5648113049162744e-08 -4.8233613730317484e-08 -0.50066679992235441 0.49976232448003333 0.49975902514412479 0.49981125564837631
2.898916435486848e-05 -2.9006165008442528e-05 -2.9006501545178886e-05 2.8804066836364355e-05 -2.8989191294041818e-05 -2.8802779654016484e-05 2.8802780502290927e-05 2.8804069378717714e-05 0.5009700305875352 -0.50000616192188185 0.49900342219206634 -0.50001844411166585
0.020639150856283615 -0.020638589775494043 -0.020638593140160085 -0.020639095825405889 -0.020640261151117577 0.020638592239380377 -0.020638597047507732 -0.020639087571172995 0.49920172802625079 -0.49916743938825098 -0.49916593486816341 0.49905423194700982
