1 0 0 0 0 0 0 0 0 0 0 0
-1 0 0 0 0 0 0 0 0 0 0 0
0 1 0 0 0 0 0 0 0 0 0 0
0 -1 0 0 0 0 0 0 0 0 0 0
0 0 1 0 0 0 0 0 0 0 0 0
0 0 -1 0 0 0 0 0 0 0 0 0
0 0 0 1 0 0 0 0 0 0 0 0
0 0 0 -1 0 0 0 0 0 0 0 0
0 0 0 0 1 0 0 0 0 0 0 0
0 0 0 0 -1 0 0 0 0 0 0 0
0 0 0 0 0 1 0 0 0 0 0 0
0 0 0 0 0 -1 0 0 0 0 0 0
0 0 0 0 0 0 1 0 0 0 0 0
0 0 0 0 0 0 -1 0 0 0 0 0
0 0 0 0 0 0 0 1 0 0 0 0
0 0 0 0 0 0 0 -1 0 0 0 0
0.5 0.5 0.5 0.5 0 0 0 0 0 0 0 0
0.5 0.5 0.5 -0.5 0 0 0 0 0 0 0 0
0.5 0.5 -0.5 0.5 0 0 0 0 0 0 0 0
0.5 0.5 -0.5 -0.5 0 0 0 0 0 0 0 0
0.5 -0.5 0.5 0.5 0 0 0 0 0 0 0 0
0.5 -0.5 0.5 -0.5 0 0 0 0 0 0 0 0
0.5 -0.5 -0.5 0.5 0 0 0 0 0 0 0 0
0.5 -0.5 -0.5 -0.5 0 0 0 0 0 0 0 0
-0.5 0.5 0.5 0.5 0 0 0 0 0 0 0 0
-0.5 0.5 0.5 -0.5 0 0 0 0 0 0 0 0
-0.5 0.5 -0.5 0.5 0 0 0 0 0 0 0 0
-0.5 0.5 -0.5 -0.5 0 0 0 0 0 0 0 0
-0.5 -0.5 0.5 0.5 0 0 0 0 0 0 0 0
-0.5 -0.5 0.5 -0.5 0 0 0 0 0 0 0 0
-0.5 -0.5 -0.5 0.5 0 0 0 0 0 0 0 0
-0.5 -0.5 -0.5 -0.5 0 0 0 0 0 0 0 0
0.5 0.5 0 0 0.5 0 0 0.5 0 0 0 0
0.5 0.5 0 0 0.5 0 0 -0.5 0 0 0 0
0.5 0.5 0 0 -0.5 0 0 0.5 0 0 0 0
0.5 0.5 0 0 -0.5 0 0 -0.5 0 0 0 0
0.5 -0.5 0 0 0.5 0 0 0.5 0 0 0 0
0.5 -0.5 0 0 0.5 0 0 -0.5 0 0 0 0
0.5 -0.5 0 0 -0.5 0 0 0.5 0 0 0 0
0.5 -0.5 0 0 -0.5 0 0 -0.5 0 0 0 0
-0.5 0.5 0 0 0.5 0 0 0.5 0 0 0 0
-0.5 0.5 0 0 0.5 0 0 -0.5 0 0 0 0
-0.5 0.5 0 0 -0.5 0 0 0.5 0 0 0 0
-0.5 0.5 0 0 -0.5 0 0 -0.5 0 0 0 0
-0.5 -0.5 0 0 0.5 0 0 0.5 0 0 0 0
-0.5 -0.5 0 0 0.5 0 0 -0.5 0 0 0 0
-0.5 -0.5 0 0 -0.5 0 0 0.5 0 0 0 0
-0.5 -0.5 0 0 -0.5 0 0 -0.5 0 0 0 0
0.5 0.5 0 0 0 0.5 0 0 0.5 0 0 0
0.5 0.5 0 0 0 0.5 0 0 -0.5 0 0 0
0.5 0.5 0 0 0 -0.5 0 0 0.5 0 0 0
0.5 0.5 0 0 0 -0.5 0 0 -0.5 0 0 0
0.5 -0.5 0 0 0 0.5 0 0 0.5 0 0 0
0.5 -0.5 0 0 0 0.5 0 0 -0.5 0 0 0
0.5 -0.5 0 0 0 -0.5 0 0 0.5 0 0 0
0.5 -0.5 0 0 0 -0.5 0 0 -0.5 0 0 0
-0.5 0.5 0 0 0 0.5 0 0 0.5 0 0 0
-0.5 0.5 0 0 0 0.5 0 0 -0.5 0 0 0
-0.5 0.5 0 0 0 -0.5 0 0 0.5 0 0 0
-0.5 0.5 0 0 0 -0.5 0 0 -0.5 0 0 0
-0.5 -0.5 0 0 0 0.5 0 0 0.5 0 0 0
-0.5 -0.5 0 0 0 0.5 0 0 -0.5 0 0 0
-0.5 -0.5 0 0 0 -0.5 0 0 0.5 0 0 0
-0.5 -0.5 0 0 0 -0.5 0 0 -0.5 0 0 0
0.5 0.5 0 0 0 0 0.5 0 0 0 0.5 0
0.5 0.5 0 0 0 0 0.5 0 0 0 -0.5 0
0.5 0.5 0 0 0 0 -0.5 0 0 0 0.5 0
0.5 0.5 0 0 0 0 -0.5 0 0 0 -0.5 0
0.5 -0.5 0 0 0 0 0.5 0 0 0 0.5 0
0.5 -0.5 0 0 0 0 0.5 0 0 0 -0.5 0
0.5 -0.5 0 0 0 0 -0.5 0 0 0 0.5 0
0.5 -0.5 0 0 0 0 -0.5 0 0 0 -0.5 0
-0.5 0.5 0 0 0 0 0.5 0 0 0 0.5 0
-0.5 0.5 0 0 0 0 0.5 0 0 0 -0.5 0
-0.5 0.5 0 0 0 0 -0.5 0 0 0 0.5 0
-0.5 0.5 0 0 0 0 -0.5 0 0 0 -0.5 0
-0.5 -0.5 0 0 0 0 0.5 0 0 0 0.5 0
-0.5 -0.5 0 0 0 0 0.5 0 0 0 -0.5 0
-0.5 -0.5 0 0 0 0 -0.5 0 0 0 0.5 0
-0.5 -0.5 0 0 0 0 -0.5 0 0 0 -0.5 0
0.5 0.5 0 0 0 0 0 0 0 0.5 0 0.5
0.5 0.5 0 0 0 0 0 0 0 0.5 0 -0.5
0.5 0.5 0 0 0 0 0 0 0 -0.5 0 0.5
0.5 0.5 0 0 0 0 0 0 0 -0.5 0 -0.5
0.5 -0.5 0 0 0 0 0 0 0 0.5 0 0.5
0.5 -0.5 0 0 0 0 0 0 0 0.5 0 -0.5
0.5 -0.5 0 0 0 0 0 0 0 -0.5 0 0.5
0.5 -0.5 0 0 0 0 0 0 0 -0.5 0 -0.5
-0.5 0.5 0 0 0 0 0 0 0 0.5 0 0.5
-0.5 0.5 0 0 0 0 0 0 0 0.5 0 -0.5
-0.5 0.5 0 0 0 0 0 0 0 -0.5 0 0.5
-0.5 0.5 0 0 0 0 0 0 0 -0.5 0 -0.5
-0.5 -0.5 0 0 0 0 0 0 0 0.5 0 0.5
-0.5 -0.5 0 0 0 0 0 0 0 0.5 0 -0.5
-0.5 -0.5 0 0 0 0 0 0 0 -0.5 0 0.5
-0.5 -0.5 0 0 0 0 0 0 0 -0.5 0 -0.5
0.5 0 0.5 0 0.5 0 0 0 0 0.5 0 0
0.5 0 0.5 0 0.5 0 0 0 0 -0.5 0 0
0.5 0 0.5 0 -0.5 0 0 0 0 0.5 0 0
0.5 0 0.5 0 -0.5 0 0 0 0 -0.5 0 0
0.5 0 -0.5 0 0.5 0 0 0 0 0.5 0 0
0.5 0 -0.5 0 0.5 0 0 0 0 -0.5 0 0
0.5 0 -0.5 0 -0.5 0 0 0 0 0.5 0 0
0.5 0 -0.5 0 -0.5 0 0 0 0 -0.5 0 0
-0.5 0 0.5 0 0.5 0 0 0 0 0.5 0 0
-0.5 0 0.5 0 0.5 0 0 0 0 -0.5 0 0
-0.5 0 0.5 0 -0.5 0 0 0 0 0.5 0 0
-0.5 0 0.5 0 -0.5 0 0 0 0 -0.5 0 0
-0.5 0 -0.5 0 0.5 0 0 0 0 0.5 0 0
-0.5 0 -0.5 0 0.5 0 0 0 0 -0.5 0 0
-0.5 0 -0.5 0 -0.5 0 0 0 0 0.5 0 0
-0.5 0 -0.5 0 -0.5 0 0 0 0 -0.5 0 0
0.5 0 0.5 0 0 0.5 0.5 0 0 0 0 0
0.5 0 0.5 0 0 0.5 -0.5 0 0 0 0 0
0.5 0 0.5 0 0 -0.5 0.5 0 0 0 0 0
0.5 0 0.5 0 0 -0.5 -0.5 0 0 0 0 0
0.5 0 -0.5 0 0 0.5 0.5 0 0 0 0 0
0.5 0 -0.5 0 0 0.5 -0.5 0 0 0 0 0
0.5 0 -0.5 0 0 -0.5 0.5 0 0 0 0 0
0.5 0 -0.5 0 0 -0.5 -0.5 0 0 0 0 0
-0.5 0 0.5 0 0 0.5 0.5 0 0 0 0 0
-0.5 0 0.5 0 0 0.5 -0.5 0 0 0 0 0
-0.5 0 0.5 0 0 -0.5 0.5 0 0 0 0 0
-0.5 0 0.5 0 0 -0.5 -0.5 0 0 0 0 0
-0.5 0 -0.5 0 0 0.5 0.5 0 0 0 0 0
-0.5 0 -0.5 0 0 0.5 -0.5 0 0 0 0 0
-0.5 0 -0.5 0 0 -0.5 0.5 0 0 0 0 0
-0.5 0 -0.5 0 0 -0.5 -0.5 0 0 0 0 0
0.5 0 0.5 0 0 0 0 0.5 0 0 0 0.5
0.5 0 0.5 0 0 0 0 0.5 0 0 0 -0.5
0.5 0 0.5 0 0 0 0 -0.5 0 0 0 0.5
0.5 0 0.5 0 0 0 0 -0.5 0 0 0 -0.5
0.5 0 -0.5 0 0 0 0 0.5 0 0 0 0.5
0.5 0 -0.5 0 0 0 0 0.5 0 0 0 -0.5
0.5 0 -0.5 0 0 0 0 -0.5 0 0 0 0.5
0.5 0 -0.5 0 0 0 0 -0.5 0 0 0 -0.5
-0.5 0 0.5 0 0 0 0 0.5 0 0 0 0.5
-0.5 0 0.5 0 0 0 0 0.5 0 0 0 -0.5
-0.5 0 0.5 0 0 0 0 -0.5 0 0 0 0.5
-0.5 0 0.5 0 0 0 0 -0.5 0 0 0 -0.5
-0.5 0 -0.5 0 0 0 0 0.5 0 0 0 0.5
-0.5 0 -0.5 0 0 0 0 0.5 0 0 0 -0.5
-0.5 0 -0.5 0 0 0 0 -0.5 0 0 0 0.5
-0.5 0 -0.5 0 0 0 0 -0.5 0 0 0 -0.5
0.5 0 0.5 0 0 0 0 0 0.5 0 0.5 0
0.5 0 0.5 0 0 0 0 0 0.5 0 -0.5 0
0.5 0 0.5 0 0 0 0 0 -0.5 0 0.5 0
0.5 0 0.5 0 0 0 0 0 -0.5 0 -0.5 0
0.5 0 -0.5 0 0 0 0 0 0.5 0 0.5 0
0.5 0 -0.5 0 0 0 0 0 0.5 0 -0.5 0
0.5 0 -0.5 0 0 0 0 0 -0.5 0 0.5 0
0.5 0 -0.5 0 0 0 0 0 -0.5 0 -0.5 0
-0.5 0 0.5 0 0 0 0 0 0.5 0 0.5 0
-0.5 0 0.5 0 0 0 0 0 0.5 0 -0.5 0
-0.5 0 0.5 0 0 0 0 0 -0.5 0 0.5 0
-0.5 0 0.5 0 0 0 0 0 -0.5 0 -0.5 0
-0.5 0 -0.5 0 0 0 0 0 0.5 0 0.5 0
-0.5 0 -0.5 0 0 0 0 0 0.5 0 -0.5 0
-0.5 0 -0.5 0 0 0 0 0 -0.5 0 0.5 0
-0.5 0 -0.5 0 0 0 0 0 -0.5 0 -0.5 0
0.5 0 0 0.5 0.5 0 0.5 0 0 0 0 0
0.5 0 0 0.5 0.5 0 -0.5 0 0 0 0 0
0.5 0 0 0.5 -0.5 0 0.5 0 0 0 0 0
0.5 0 0 0.5 -0.5 0 -0.5 0 0 0 0 0
0.5 0 0 -0.5 0.5 0 0.5 0 0 0 0 0
0.5 0 0 -0.5 0.5 0 -0.5 0 0 0 0 0
0.5 0 0 -0.5 -0.5 0 0.5 0 0 0 0 0
0.5 0 0 -0.5 -0.5 0 -0.5 0 0 0 0 0
-0.5 0 0 0.5 0.5 0 0.5 0 0 0 0 0
-0.5 0 0 0.5 0.5 0 -0.5 0 0 0 0 0
-0.5 0 0 0.5 -0.5 0 0.5 0 0 0 0 0
-0.5 0 0 0.5 -0.5 0 -0.5 0 0 0 0 0
-0.5 0 0 -0.5 0.5 0 0.5 0 0 0 0 0
-0.5 0 0 -0.5 0.5 0 -0.5 0 0 0 0 0
-0.5 0 0 -0.5 -0.5 0 0.5 0 0 0 0 0
-0.5 0 0 -0.5 -0.5 0 -0.5 0 0 0 0 0
0.5 0 0 0.5 0 0.5 0 0.5 0 0 0 0
0.5 0 0 0.5 0 0.5 0 -0.5 0 0 0 0
0.5 0 0 0.5 0 -0.5 0 0.5 0 0 0 0
0.5 0 0 0.5 0 -0.5 0 -0.5 0 0 0 0
0.5 0 0 -0.5 0 0.5 0 0.5 0 0 0 0
0.5 0 0 -0.5 0 0.5 0 -0.5 0 0 0 0
0.5 0 0 -0.5 0 -0.5 0 0.5 0 0 0 0
0.5 0 0 -0.5 0 -0.5 0 -0.5 0 0 0 0
-0.5 0 0 0.5 0 0.5 0 0.5 0 0 0 0
-0.5 0 0 0.5 0 0.5 0 -0.5 0 0 0 0
-0.5 0 0 0.5 0 -0.5 0 0.5 0 0 0 0
-0.5 0 0 0.5 0 -0.5 0 -0.5 0 0 0 0
-0.5 0 0 -0.5 0 0.5 0 0.5 0 0 0 0
-0.5 0 0 -0.5 0 0.5 0 -0.5 0 0 0 0
-0.5 0 0 -0.5 0 -0.5 0 0.5 0 0 0 0
-0.5 0 0 -0.5 0 -0.5 0 -0.5 0 0 0 0
0.5 0 0 0.5 0 0 0 0 0.5 0.5 0 0
0.5 0 0 0.5 0 0 0 0 0.5 -0.5 0 0
0.5 0 0 0.5 0 0 0 0 -0.5 0.5 0 0
0.5 0 0 0.5 0 0 0 0 -0.5 -0.5 0 0
0.5 0 0 -0.5 0 0 0 0 0.5 0.5 0 0
0.5 0 0 -0.5 0 0 0 0 0.5 -0.5 0 0
0.5 0 0 -0.5 0 0 0 0 -0.5 0.5 0 0
0.5 0 0 -0.5 0 0 0 0 -0.5 -0.5 0 0
-0.5 0 0 0.5 0 0 0 0 0.5 0.5 0 0
-0.5 0 0 0.5 0 0 0 0 0.5 -0.5 0 0
-0.5 0 0 0.5 0 0 0 0 -0.5 0.5 0 0
-0.5 0 0 0.5 0 0 0 0 -0.5 -0.5 0 0
-0.5 0 0 -0.5 0 0 0 0 0.5 0.5 0 0
-0.5 0 0 -0.5 0 0 0 0 0.5 -0.5 0 0
-0.5 0 0 -0.5 0 0 0 0 -0.5 0.5 0 0
-0.5 0 0 -0.5 0 0 0 0 -0.5 -0.5 0 0
0.5 0 0 0.5 0 0 0 0 0 0 0.5 0.5
0.5 0 0 0.5 0 0 0 0 0 0 0.5 -0.5
0.5 0 0 0.5 0 0 0 0 0 0 -0.5 0.5
0.5 0 0 0.5 0 0 0 0 0 0 -0.5 -0.5
0.5 0 0 -0.5 0 0 0 0 0 0 0.5 0.5
0.5 0 0 -0.5 0 0 0 0 0 0 0.5 -0.5
0.5 0 0 -0.5 0 0 0 0 0 0 -0.5 0.5
0.5 0 0 -0.5 0 0 0 0 0 0 -0.5 -0.5
-0.5 0 0 0.5 0 0 0 0 0 0 0.5 0.5
-0.5 0 0 0.5 0 0 0 0 0 0 0.5 -0.5
-0.5 0 0 0.5 0 0 0 0 0 0 -0.5 0.5
-0.5 0 0 0.5 0 0 0 0 0 0 -0.5 -0.5
-0.5 0 0 -0.5 0 0 0 0 0 0 0.5 0.5
-0.5 0 0 -0.5 0 0 0 0 0 0 0.5 -0.5
-0.5 0 0 -0.5 0 0 0 0 0 0 -0.5 0.5
-0.5 0 0 -0.5 0 0 0 0 0 0 -0.5 -0.5
0.5 0 0 0 0.5 0.5 0 0 0 0 0 0.5
0.5 0 0 0 0.5 0.5 0 0 0 0 0 -0.5
0.5 0 0 0 0.5 -0.5 0 0 0 0 0 0.5
0.5 0 0 0 0.5 -0.5 0 0 0 0 0 -0.5
0.5 0 0 0 -0.5 0.5 0 0 0 0 0 0.5
0.5 0 0 0 -0.5 0.5 0 0 0 0 0 -0.5
0.5 0 0 0 -0.5 -0.5 0 0 0 0 0 0.5
0.5 0 0 0 -0.5 -0.5 0 0 0 0 0 -0.5
-0.5 0 0 0 0.5 0.5 0 0 0 0 0 0.5
-0.5 0 0 0 0.5 0.5 0 0 0 0 0 -0.5
-0.5 0 0 0 0.5 -0.5 0 0 0 0 0 0.5
-0.5 0 0 0 0.5 -0.5 0 0 0 0 0 -0.5
-0.5 0 0 0 -0.5 0.5 0 0 0 0 0 0.5
-0.5 0 0 0 -0.5 0.5 0 0 0 0 0 -0.5
-0.5 0 0 0 -0.5 -0.5 0 0 0 0 0 0.5
-0.5 0 0 0 -0.5 -0.5 0 0 0 0 0 -0.5
0.5 0 0 0 0 0.5 0 0 0 0.5 0.5 0
0.5 0 0 0 0 0.5 0 0 0 0.5 -0.5 0
0.5 0 0 0 0 0.5 0 0 0 -0.5 0.5 0
0.5 0 0 0 0 0.5 0 0 0 -0.5 -0.5 0
0.5 0 0 0 0 -0.5 0 0 0 0.5 0.5 0
0.5 0 0 0 0 -0.5 0 0 0 0.5 -0.5 0
0.5 0 0 0 0 -0.5 0 0 0 -0.5 0.5 0
0.5 0 0 0 0 -0.5 0 0 0 -0.5 -0.5 0
-0.5 0 0 0 0 0.5 0 0 0 0.5 0.5 0
-0.5 0 0 0 0 0.5 0 0 0 0.5 -0.5 0
-0.5 0 0 0 0 0.5 0 0 0 -0.5 0.5 0
-0.5 0 0 0 0 0.5 0 0 0 -0.5 -0.5 0
-0.5 0 0 0 0 -0.5 0 0 0 0.5 0.5 0
-0.5 0 0 0 0 -0.5 0 0 0 0.5 -0.5 0
-0.5 0 0 0 0 -0.5 0 0 0 -0.5 0.5 0
-0.5 0 0 0 0 -0.5 0 0 0 -0.5 -0.5 0
0.5 0 0 0 0 0 0.5 0.5 0 0.5 0 0
0.5 0 0 0 0 0 0.5 0.5 0 -0.5 0 0
0.5 0 0 0 0 0 0.5 -0.5 0 0.5 0 0
0.5 0 0 0 0 0 0.5 -0.5 0 -0.5 0 0
0.5 0 0 0 0 0 -0.5 0.5 0 0.5 0 0
0.5 0 0 0 0 0 -0.5 0.5 0 -0.5 0 0
0.5 0 0 0 0 0 -0.5 -0.5 0 0.5 0 0
0.5 0 0 0 0 0 -0.5 -0.5 0 -0.5 0 0
-0.5 0 0 0 0 0 0.5 0.5 0 0.5 0 0
-0.5 0 0 0 0 0 0.5 0.5 0 -0.5 0 0
-0.5 0 0 0 0 0 0.5 -0.5 0 0.5 0 0
-0.5 0 0 0 0 0 0.5 -0.5 0 -0.5 0 0
-0.5 0 0 0 0 0 -0.5 0.5 0 0.5 0 0
-0.5 0 0 0 0 0 -0.5 0.5 0 -0.5 0 0
-0.5 0 0 0 0 0 -0.5 -0.5 0 0.5 0 0
-0.5 0 0 0 0 0 -0.5 -0.5 0 -0.5 0 0
0.5 0 0 0 0 0 0.5 0 0.5 0 0 0.5
0.5 0 0 0 0 0 0.5 0 0.5 0 0 -0.5
0.5 0 0 0 0 0 0.5 0 -0.5 0 0 0.5
0.5 0 0 0 0 0 0.5 0 -0.5 0 0 -0.5
0.5 0 0 0 0 0 -0.5 0 0.5 0 0 0.5
0.5 0 0 0 0 0 -0.5 0 0.5 0 0 -0.5
0.5 0 0 0 0 0 -0.5 0 -0.5 0 0 0.5
0.5 0 0 0 0 0 -0.5 0 -0.5 0 0 -0.5
-0.5 0 0 0 0 0 0.5 0 0.5 0 0 0.5
-0.5 0 0 0 0 0 0.5 0 0.5 0 0 -0.5
-0.5 0 0 0 0 0 0.5 0 -0.5 0 0 0.5
-0.5 0 0 0 0 0 0.5 0 -0.5 0 0 -0.5
-0.5 0 0 0 0 0 -0.5 0 0.5 0 0 0.5
-0.5 0 0 0 0 0 -0.5 0 0.5 0 0 -0.5
-0.5 0 0 0 0 0 -0.5 0 -0.5 0 0 0.5
-0.5 0 0 0 0 0 -0.5 0 -0.5 0 0 -0.5
0 0.5 0.5 0 0.5 0.5 0 0 0 0 0 0
0 0.5 0.5 0 0.5 -0.5 0 0 0 0 0 0
0 0.5 0.5 0 -0.5 0.5 0 0 0 0 0 0
0 0.5 0.5 0 -0.5 -0.5 0 0 0 0 0 0
0 0.5 -0.5 0 0.5 0.5 0 0 0 0 0 0
0 0.5 -0.5 0 0.5 -0.5 0 0 0 0 0 0
0 0.5 -0.5 0 -0.5 0.5 0 0 0 0 0 0
0 0.5 -0.5 0 -0.5 -0.5 0 0 0 0 0 0
0 -0.5 0.5 0 0.5 0.5 0 0 0 0 0 0
0 -0.5 0.5 0 0.5 -0.5 0 0 0 0 0 0
0 -0.5 0.5 0 -0.5 0.5 0 0 0 0 0 0
0 -0.5 0.5 0 -0.5 -0.5 0 0 0 0 0 0
0 -0.5 -0.5 0 0.5 0.5 0 0 0 0 0 0
0 -0.5 -0.5 0 0.5 -0.5 0 0 0 0 0 0
0 -0.5 -0.5 0 -0.5 0.5 0 0 0 0 0 0
0 -0.5 -0.5 0 -0.5 -0.5 0 0 0 0 0 0
0 0.5 0.5 0 0 0 0.5 0.5 0 0 0 0
0 0.5 0.5 0 0 0 0.5 -0.5 0 0 0 0
0 0.5 0.5 0 0 0 -0.5 0.5 0 0 0 0
0 0.5 0.5 0 0 0 -0.5 -0.5 0 0 0 0
0 0.5 -0.5 0 0 0 0.5 0.5 0 0 0 0
0 0.5 -0.5 0 0 0 0.5 -0.5 0 0 0 0
0 0.5 -0.5 0 0 0 -0.5 0.5 0 0 0 0
0 0.5 -0.5 0 0 0 -0.5 -0.5 0 0 0 0
0 -0.5 0.5 0 0 0 0.5 0.5 0 0 0 0
0 -0.5 0.5 0 0 0 0.5 -0.5 0 0 0 0
0 -0.5 0.5 0 0 0 -0.5 0.5 0 0 0 0
0 -0.5 0.5 0 0 0 -0.5 -0.5 0 0 0 0
0 -0.5 -0.5 0 0 0 0.5 0.5 0 0 0 0
0 -0.5 -0.5 0 0 0 0.5 -0.5 0 0 0 0
0 -0.5 -0.5 0 0 0 -0.5 0.5 0 0 0 0
0 -0.5 -0.5 0 0 0 -0.5 -0.5 0 0 0 0
0 0.5 0.5 0 0 0 0 0 0.5 0.5 0 0
0 0.5 0.5 0 0 0 0 0 0.5 -0.5 0 0
0 0.5 0.5 0 0 0 0 0 -0.5 0.5 0 0
0 0.5 0.5 0 0 0 0 0 -0.5 -0.5 0 0
0 0.5 -0.5 0 0 0 0 0 0.5 0.5 0 0
0 0.5 -0.5 0 0 0 0 0 0.5 -0.5 0 0
0 0.5 -0.5 0 0 0 0 0 -0.5 0.5 0 0
0 0.5 -0.5 0 0 0 0 0 -0.5 -0.5 0 0
0 -0.5 0.5 0 0 0 0 0 0.5 0.5 0 0
0 -0.5 0.5 0 0 0 0 0 0.5 -0.5 0 0
0 -0.5 0.5 0 0 0 0 0 -0.5 0.5 0 0
0 -0.5 0.5 0 0 0 0 0 -0.5 -0.5 0 0
0 -0.5 -0.5 0 0 0 0 0 0.5 0.5 0 0
0 -0.5 -0.5 0 0 0 0 0 0.5 -0.5 0 0
0 -0.5 -0.5 0 0 0 0 0 -0.5 0.5 0 0
0 -0.5 -0.5 0 0 0 0 0 -0.5 -0.5 0 0
0 0.5 0.5 0 0 0 0 0 0 0 0.5 0.5
0 0.5 0.5 0 0 0 0 0 0 0 0.5 -0.5
0 0.5 0.5 0 0 0 0 0 0 0 -0.5 0.5
0 0.5 0.5 0 0 0 0 0 0 0 -0.5 -0.5
0 0.5 -0.5 0 0 0 0 0 0 0 0.5 0.5
0 0.5 -0.5 0 0 0 0 0 0 0 0.5 -0.5
0 0.5 -0.5 0 0 0 0 0 0 0 -0.5 0.5
0 0.5 -0.5 0 0 0 0 0 0 0 -0.5 -0.5
0 -0.5 0.5 0 0 0 0 0 0 0 0.5 0.5
0 -0.5 0.5 0 0 0 0 0 0 0 0.5 -0.5
0 -0.5 0.5 0 0 0 0 0 0 0 -0.5 0.5
0 -0.5 0.5 0 0 0 0 0 0 0 -0.5 -0.5
0 -0.5 -0.5 0 0 0 0 0 0 0 0.5 0.5
0 -0.5 -0.5 0 0 0 0 0 0 0 0.5 -0.5
0 -0.5 -0.5 0 0 0 0 0 0 0 -0.5 0.5
0 -0.5 -0.5 0 0 0 0 0 0 0 -0.5 -0.5
0 0.5 0 0.5 0.5 0 0 0 0 0 0 0.5
0 0.5 0 0.5 0.5 0 0 0 0 0 0 -0.5
0 0.5 0 0.5 -0.5 0 0 0 0 0 0 0.5
0 0.5 0 0.5 -0.5 0 0 0 0 0 0 -0.5
0 0.5 0 -0.5 0.5 0 0 0 0 0 0 0.5
0 0.5 0 -0.5 0.5 0 0 0 0 0 0 -0.5
0 0.5 0 -0.5 -0.5 0 0 0 0 0 0 0.5
0 0.5 0 -0.5 -0.5 0 0 0 0 0 0 -0.5
0 -0.5 0 0.5 0.5 0 0 0 0 0 0 0.5
0 -0.5 0 0.5 0.5 0 0 0 0 0 0 -0.5
0 -0.5 0 0.5 -0.5 0 0 0 0 0 0 0.5
0 -0.5 0 0.5 -0.5 0 0 0 0 0 0 -0.5
0 -0.5 0 -0.5 0.5 0 0 0 0 0 0 0.5
0 -0.5 0 -0.5 0.5 0 0 0 0 0 0 -0.5
0 -0.5 0 -0.5 -0.5 0 0 0 0 0 0 0.5
0 -0.5 0 -0.5 -0.5 0 0 0 0 0 0 -0.5
0 0.5 0 0.5 0 0.5 0.5 0 0 0 0 0
0 0.5 0 0.5 0 0.5 -0.5 0 0 0 0 0
0 0.5 0 0.5 0 -0.5 0.5 0 0 0 0 0
0 0.5 0 0.5 0 -0.5 -0.5 0 0 0 0 0
0 0.5 0 -0.5 0 0.5 0.5 0 0 0 0 0
0 0.5 0 -0.5 0 0.5 -0.5 0 0 0 0 0
0 0.5 0 -0.5 0 -0.5 0.5 0 0 0 0 0
0 0.5 0 -0.5 0 -0.5 -0.5 0 0 0 0 0
0 -0.5 0 0.5 0 0.5 0.5 0 0 0 0 0
0 -0.5 0 0.5 0 0.5 -0.5 0 0 0 0 0
0 -0.5 0 0.5 0 -0.5 0.5 0 0 0 0 0
0 -0.5 0 0.5 0 -0.5 -0.5 0 0 0 0 0
0 -0.5 0 -0.5 0 0.5 0.5 0 0 0 0 0
0 -0.5 0 -0.5 0 0.5 -0.5 0 0 0 0 0
0 -0.5 0 -0.5 0 -0.5 0.5 0 0 0 0 0
0 -0.5 0 -0.5 0 -0.5 -0.5 0 0 0 0 0
0 0.5 0 0.5 0 0 0 0.5 0 0.5 0 0
0 0.5 0 0.5 0 0 0 0.5 0 -0.5 0 0
0 0.5 0 0.5 0 0 0 -0.5 0 0.5 0 0
0 0.5 0 0.5 0 0 0 -0.5 0 -0.5 0 0
0 0.5 0 -0.5 0 0 0 0.5 0 0.5 0 0
0 0.5 0 -0.5 0 0 0 0.5 0 -0.5 0 0
0 0.5 0 -0.5 0 0 0 -0.5 0 0.5 0 0
0 0.5 0 -0.5 0 0 0 -0.5 0 -0.5 0 0
0 -0.5 0 0.5 0 0 0 0.5 0 0.5 0 0
0 -0.5 0 0.5 0 0 0 0.5 0 -0.5 0 0
0 -0.5 0 0.5 0 0 0 -0.5 0 0.5 0 0
0 -0.5 0 0.5 0 0 0 -0.5 0 -0.5 0 0
0 -0.5 0 -0.5 0 0 0 0.5 0 0.5 0 0
0 -0.5 0 -0.5 0 0 0 0.5 0 -0.5 0 0
0 -0.5 0 -0.5 0 0 0 -0.5 0 0.5 0 0
0 -0.5 0 -0.5 0 0 0 -0.5 0 -0.5 0 0
0 0.5 0 0.5 0 0 0 0 0.5 0 0.5 0
0 0.5 0 0.5 0 0 0 0 0.5 0 -0.5 0
0 0.5 0 0.5 0 0 0 0 -0.5 0 0.5 0
0 0.5 0 0.5 0 0 0 0 -0.5 0 -0.5 0
0 0.5 0 -0.5 0 0 0 0 0.5 0 0.5 0
0 0.5 0 -0.5 0 0 0 0 0.5 0 -0.5 0
0 0.5 0 -0.5 0 0 0 0 -0.5 0 0.5 0
0 0.5 0 -0.5 0 0 0 0 -0.5 0 -0.5 0
0 -0.5 0 0.5 0 0 0 0 0.5 0 0.5 0
0 -0.5 0 0.5 0 0 0 0 0.5 0 -0.5 0
0 -0.5 0 0.5 0 0 0 0 -0.5 0 0.5 0
0 -0.5 0 0.5 0 0 0 0 -0.5 0 -0.5 0
0 -0.5 0 -0.5 0 0 0 0 0.5 0 0.5 0
0 -0.5 0 -0.5 0 0 0 0 0.5 0 -0.5 0
0 -0.5 0 -0.5 0 0 0 0 -0.5 0 0.5 0
0 -0.5 0 -0.5 0 0 0 0 -0.5 0 -0.5 0
0 0.5 0 0 0.5 0 0.5 0 0.5 0 0 0
0 0.5 0 0 0.5 0 0.5 0 -0.5 0 0 0
0 0.5 0 0 0.5 0 -0.5 0 0.5 0 0 0
0 0.5 0 0 0.5 0 -0.5 0 -0.5 0 0 0
0 0.5 0 0 -0.5 0 0.5 0 0.5 0 0 0
0 0.5 0 0 -0.5 0 0.5 0 -0.5 0 0 0
0 0.5 0 0 -0.5 0 -0.5 0 0.5 0 0 0
0 0.5 0 0 -0.5 0 -0.5 0 -0.5 0 0 0
0 -0.5 0 0 0.5 0 0.5 0 0.5 0 0 0
0 -0.5 0 0 0.5 0 0.5 0 -0.5 0 0 0
0 -0.5 0 0 0.5 0 -0.5 0 0.5 0 0 0
0 -0.5 0 0 0.5 0 -0.5 0 -0.5 0 0 0
0 -0.5 0 0 -0.5 0 0.5 0 0.5 0 0 0
0 -0.5 0 0 -0.5 0 0.5 0 -0.5 0 0 0
0 -0.5 0 0 -0.5 0 -0.5 0 0.5 0 0 0
0 -0.5 0 0 -0.5 0 -0.5 0 -0.5 0 0 0
0 0.5 0 0 0.5 0 0 0 0 0.5 0.5 0
0 0.5 0 0 0.5 0 0 0 0 0.5 -0.5 0
0 0.5 0 0 0.5 0 0 0 0 -0.5 0.5 0
0 0.5 0 0 0.5 0 0 0 0 -0.5 -0.5 0
0 0.5 0 0 -0.5 0 0 0 0 0.5 0.5 0
0 0.5 0 0 -0.5 0 0 0 0 0.5 -0.5 0
0 0.5 0 0 -0.5 0 0 0 0 -0.5 0.5 0
0 0.5 0 0 -0.5 0 0 0 0 -0.5 -0.5 0
0 -0.5 0 0 0.5 0 0 0 0 0.5 0.5 0
0 -0.5 0 0 0.5 0 0 0 0 0.5 -0.5 0
0 -0.5 0 0 0.5 0 0 0 0 -0.5 0.5 0
0 -0.5 0 0 0.5 0 0 0 0 -0.5 -0.5 0
0 -0.5 0 0 -0.5 0 0 0 0 0.5 0.5 0
0 -0.5 0 0 -0.5 0 0 0 0 0.5 -0.5 0
0 -0.5 0 0 -0.5 0 0 0 0 -0.5 0.5 0
0 -0.5 0 0 -0.5 0 0 0 0 -0.5 -0.5 0
0 0.5 0 0 0 0.5 0 0.5 0 0 0.5 0
0 0.5 0 0 0 0.5 0 0.5 0 0 -0.5 0
0 0.5 0 0 0 0.5 0 -0.5 0 0 0.5 0
0 0.5 0 0 0 0.5 0 -0.5 0 0 -0.5 0
0 0.5 0 0 0 -0.5 0 0.5 0 0 0.5 0
0 0.5 0 0 0 -0.5 0 0.5 0 0 -0.5 0
0 0.5 0 0 0 -0.5 0 -0.5 0 0 0.5 0
0 0.5 0 0 0 -0.5 0 -0.5 0 0 -0.5 0
0 -0.5 0 0 0 0.5 0 0.5 0 0 0.5 0
0 -0.5 0 0 0 0.5 0 0.5 0 0 -0.5 0
0 -0.5 0 0 0 0.5 0 -0.5 0 0 0.5 0
0 -0.5 0 0 0 0.5 0 -0.5 0 0 -0.5 0
0 -0.5 0 0 0 -0.5 0 0.5 0 0 0.5 0
0 -0.5 0 0 0 -0.5 0 0.5 0 0 -0.5 0
0 -0.5 0 0 0 -0.5 0 -0.5 0 0 0.5 0
0 -0.5 0 0 0 -0.5 0 -0.5 0 0 -0.5 0
0 0.5 0 0 0 0 0 0.5 0.5 0 0 0.5
0 0.5 0 0 0 0 0 0.5 0.5 0 0 -0.5
0 0.5 0 0 0 0 0 0.5 -0.5 0 0 0.5
0 0.5 0 0 0 0 0 0.5 -0.5 0 0 -0.5
0 0.5 0 0 0 0 0 -0.5 0.5 0 0 0.5
0 0.5 0 0 0 0 0 -0.5 0.5 0 0 -0.5
0 0.5 0 0 0 0 0 -0.5 -0.5 0 0 0.5
0 0.5 0 0 0 0 0 -0.5 -0.5 0 0 -0.5
0 -0.5 0 0 0 0 0 0.5 0.5 0 0 0.5
0 -0.5 0 0 0 0 0 0.5 0.5 0 0 -0.5
0 -0.5 0 0 0 0 0 0.5 -0.5 0 0 0.5
0 -0.5 0 0 0 0 0 0.5 -0.5 0 0 -0.5
0 -0.5 0 0 0 0 0 -0.5 0.5 0 0 0.5
0 -0.5 0 0 0 0 0 -0.5 0.5 0 0 -0.5
0 -0.5 0 0 0 0 0 -0.5 -0.5 0 0 0.5
0 -0.5 0 0 0 0 0 -0.5 -0.5 0 0 -0.5
0 0 0.5 0.5 0.5 0 0 0.5 0 0 0 0
0 0 0.5 0.5 0.5 0 0 -0.5 0 0 0 0
0 0 0.5 0.5 -0.5 0 0 0.5 0 0 0 0
0 0 0.5 0.5 -0.5 0 0 -0.5 0 0 0 0
0 0 0.5 -0.5 0.5 0 0 0.5 0 0 0 0
0 0 0.5 -0.5 0.5 0 0 -0.5 0 0 0 0
0 0 0.5 -0.5 -0.5 0 0 0.5 0 0 0 0
0 0 0.5 -0.5 -0.5 0 0 -0.5 0 0 0 0
0 0 -0.5 0.5 0.5 0 0 0.5 0 0 0 0
0 0 -0.5 0.5 0.5 0 0 -0.5 0 0 0 0
0 0 -0.5 0.5 -0.5 0 0 0.5 0 0 0 0
0 0 -0.5 0.5 -0.5 0 0 -0.5 0 0 0 0
0 0 -0.5 -0.5 0.5 0 0 0.5 0 0 0 0
0 0 -0.5 -0.5 0.5 0 0 -0.5 0 0 0 0
0 0 -0.5 -0.5 -0.5 0 0 0.5 0 0 0 0
0 0 -0.5 -0.5 -0.5 0 0 -0.5 0 0 0 0
0 0 0.5 0.5 0 0.5 0 0 0 0 0.5 0
0 0 0.5 0.5 0 0.5 0 0 0 0 -0.5 0
0 0 0.5 0.5 0 -0.5 0 0 0 0 0.5 0
0 0 0.5 0.5 0 -0.5 0 0 0 0 -0.5 0
0 0 0.5 -0.5 0 0.5 0 0 0 0 0.5 0
0 0 0.5 -0.5 0 0.5 0 0 0 0 -0.5 0
0 0 0.5 -0.5 0 -0.5 0 0 0 0 0.5 0
0 0 0.5 -0.5 0 -0.5 0 0 0 0 -0.5 0
0 0 -0.5 0.5 0 0.5 0 0 0 0 0.5 0
0 0 -0.5 0.5 0 0.5 0 0 0 0 -0.5 0
0 0 -0.5 0.5 0 -0.5 0 0 0 0 0.5 0
0 0 -0.5 0.5 0 -0.5 0 0 0 0 -0.5 0
0 0 -0.5 -0.5 0 0.5 0 0 0 0 0.5 0
0 0 -0.5 -0.5 0 0.5 0 0 0 0 -0.5 0
0 0 -0.5 -0.5 0 -0.5 0 0 0 0 0.5 0
0 0 -0.5 -0.5 0 -0.5 0 0 0 0 -0.5 0
0 0 0.5 0.5 0 0 0.5 0 0.5 0 0 0
0 0 0.5 0.5 0 0 0.5 0 -0.5 0 0 0
0 0 0.5 0.5 0 0 -0.5 0 0.5 0 0 0
0 0 0.5 0.5 0 0 -0.5 0 -0.5 0 0 0
0 0 0.5 -0.5 0 0 0.5 0 0.5 0 0 0
0 0 0.5 -0.5 0 0 0.5 0 -0.5 0 0 0
0 0 0.5 -0.5 0 0 -0.5 0 0.5 0 0 0
0 0 0.5 -0.5 0 0 -0.5 0 -0.5 0 0 0
0 0 -0.5 0.5 0 0 0.5 0 0.5 0 0 0
0 0 -0.5 0.5 0 0 0.5 0 -0.5 0 0 0
0 0 -0.5 0.5 0 0 -0.5 0 0.5 0 0 0
0 0 -0.5 0.5 0 0 -0.5 0 -0.5 0 0 0
0 0 -0.5 -0.5 0 0 0.5 0 0.5 0 0 0
0 0 -0.5 -0.5 0 0 0.5 0 -0.5 0 0 0
0 0 -0.5 -0.5 0 0 -0.5 0 0.5 0 0 0
0 0 -0.5 -0.5 0 0 -0.5 0 -0.5 0 0 0
0 0 0.5 0.5 0 0 0 0 0 0.5 0 0.5
0 0 0.5 0.5 0 0 0 0 0 0.5 0 -0.5
0 0 0.5 0.5 0 0 0 0 0 -0.5 0 0.5
0 0 0.5 0.5 0 0 0 0 0 -0.5 0 -0.5
0 0 0.5 -0.5 0 0 0 0 0 0.5 0 0.5
0 0 0.5 -0.5 0 0 0 0 0 0.5 0 -0.5
0 0 0.5 -0.5 0 0 0 0 0 -0.5 0 0.5
0 0 0.5 -0.5 0 0 0 0 0 -0.5 0 -0.5
0 0 -0.5 0.5 0 0 0 0 0 0.5 0 0.5
0 0 -0.5 0.5 0 0 0 0 0 0.5 0 -0.5
0 0 -0.5 0.5 0 0 0 0 0 -0.5 0 0.5
0 0 -0.5 0.5 0 0 0 0 0 -0.5 0 -0.5
0 0 -0.5 -0.5 0 0 0 0 0 0.5 0 0.5
0 0 -0.5 -0.5 0 0 0 0 0 0.5 0 -0.5
0 0 -0.5 -0.5 0 0 0 0 0 -0.5 0 0.5
0 0 -0.5 -0.5 0 0 0 0 0 -0.5 0 -0.5
0 0 0.5 0 0.5 0 0.5 0 0 0 0.5 0
0 0 0.5 0 0.5 0 0.5 0 0 0 -0.5 0
0 0 0.5 0 0.5 0 -0.5 0 0 0 0.5 0
0 0 0.5 0 0.5 0 -0.5 0 0 0 -0.5 0
0 0 0.5 0 -0.5 0 0.5 0 0 0 0.5 0
0 0 0.5 0 -0.5 0 0.5 0 0 0 -0.5 0
0 0 0.5 0 -0.5 0 -0.5 0 0 0 0.5 0
0 0 0.5 0 -0.5 0 -0.5 0 0 0 -0.5 0
0 0 -0.5 0 0.5 0 0.5 0 0 0 0.5 0
0 0 -0.5 0 0.5 0 0.5 0 0 0 -0.5 0
0 0 -0.5 0 0.5 0 -0.5 0 0 0 0.5 0
0 0 -0.5 0 0.5 0 -0.5 0 0 0 -0.5 0
0 0 -0.5 0 -0.5 0 0.5 0 0 0 0.5 0
0 0 -0.5 0 -0.5 0 0.5 0 0 0 -0.5 0
0 0 -0.5 0 -0.5 0 -0.5 0 0 0 0.5 0
0 0 -0.5 0 -0.5 0 -0.5 0 0 0 -0.5 0
0 0 0.5 0 0.5 0 0 0 0.5 0 0 0.5
0 0 0.5 0 0.5 0 0 0 0.5 0 0 -0.5
0 0 0.5 0 0.5 0 0 0 -0.5 0 0 0.5
0 0 0.5 0 0.5 0 0 0 -0.5 0 0 -0.5
0 0 0.5 0 -0.5 0 0 0 0.5 0 0 0.5
0 0 0.5 0 -0.5 0 0 0 0.5 0 0 -0.5
0 0 0.5 0 -0.5 0 0 0 -0.5 0 0 0.5
0 0 0.5 0 -0.5 0 0 0 -0.5 0 0 -0.5
0 0 -0.5 0 0.5 0 0 0 0.5 0 0 0.5
0 0 -0.5 0 0.5 0 0 0 0.5 0 0 -0.5
0 0 -0.5 0 0.5 0 0 0 -0.5 0 0 0.5
0 0 -0.5 0 0.5 0 0 0 -0.5 0 0 -0.5
0 0 -0.5 0 -0.5 0 0 0 0.5 0 0 0.5
0 0 -0.5 0 -0.5 0 0 0 0.5 0 0 -0.5
0 0 -0.5 0 -0.5 0 0 0 -0.5 0 0 0.5
0 0 -0.5 0 -0.5 0 0 0 -0.5 0 0 -0.5
0 0 0.5 0 0 0.5 0 0.5 0.5 0 0 0
0 0 0.5 0 0 0.5 0 0.5 -0.5 0 0 0
0 0 0.5 0 0 0.5 0 -0.5 0.5 0 0 0
0 0 0.5 0 0 0.5 0 -0.5 -0.5 0 0 0
0 0 0.5 0 0 -0.5 0 0.5 0.5 0 0 0
0 0 0.5 0 0 -0.5 0 0.5 -0.5 0 0 0
0 0 0.5 0 0 -0.5 0 -0.5 0.5 0 0 0
0 0 0.5 0 0 -0.5 0 -0.5 -0.5 0 0 0
0 0 -0.5 0 0 0.5 0 0.5 0.5 0 0 0
0 0 -0.5 0 0 0.5 0 0.5 -0.5 0 0 0
0 0 -0.5 0 0 0.5 0 -0.5 0.5 0 0 0
0 0 -0.5 0 0 0.5 0 -0.5 -0.5 0 0 0
0 0 -0.5 0 0 -0.5 0 0.5 0.5 0 0 0
0 0 -0.5 0 0 -0.5 0 0.5 -0.5 0 0 0
0 0 -0.5 0 0 -0.5 0 -0.5 0.5 0 0 0
0 0 -0.5 0 0 -0.5 0 -0.5 -0.5 0 0 0
0 0 0.5 0 0 0 0 0.5 0 0.5 0.5 0
0 0 0.5 0 0 0 0 0.5 0 0.5 -0.5 0
0 0 0.5 0 0 0 0 0.5 0 -0.5 0.5 0
0 0 0.5 0 0 0 0 0.5 0 -0.5 -0.5 0
0 0 0.5 0 0 0 0 -0.5 0 0.5 0.5 0
0 0 0.5 0 0 0 0 -0.5 0 0.5 -0.5 0
0 0 0.5 0 0 0 0 -0.5 0 -0.5 0.5 0
0 0 0.5 0 0 0 0 -0.5 0 -0.5 -0.5 0
0 0 -0.5 0 0 0 0 0.5 0 0.5 0.5 0
0 0 -0.5 0 0 0 0 0.5 0 0.5 -0.5 0
0 0 -0.5 0 0 0 0 0.5 0 -0.5 0.5 0
0 0 -0.5 0 0 0 0 0.5 0 -0.5 -0.5 0
0 0 -0.5 0 0 0 0 -0.5 0 0.5 0.5 0
0 0 -0.5 0 0 0 0 -0.5 0 0.5 -0.5 0
0 0 -0.5 0 0 0 0 -0.5 0 -0.5 0.5 0
0 0 -0.5 0 0 0 0 -0.5 0 -0.5 -0.5 0
0 0 0 0.5 0.5 0.5 0 0 0 0.5 0 0
0 0 0 0.5 0.5 0.5 0 0 0 -0.5 0 0
0 0 0 0.5 0.5 -0.5 0 0 0 0.5 0 0
0 0 0 0.5 0.5 -0.5 0 0 0 -0.5 0 0
0 0 0 0.5 -0.5 0.5 0 0 0 0.5 0 0
0 0 0 0.5 -0.5 0.5 0 0 0 -0.5 0 0
0 0 0 0.5 -0.5 -0.5 0 0 0 0.5 0 0
0 0 0 0.5 -0.5 -0.5 0 0 0 -0.5 0 0
0 0 0 -0.5 0.5 0.5 0 0 0 0.5 0 0
0 0 0 -0.5 0.5 0.5 0 0 0 -0.5 0 0
0 0 0 -0.5 0.5 -0.5 0 0 0 0.5 0 0
0 0 0 -0.5 0.5 -0.5 0 0 0 -0.5 0 0
0 0 0 -0.5 -0.5 0.5 0 0 0 0.5 0 0
0 0 0 -0.5 -0.5 0.5 0 0 0 -0.5 0 0
0 0 0 -0.5 -0.5 -0.5 0 0 0 0.5 0 0
0 0 0 -0.5 -0.5 -0.5 0 0 0 -0.5 0 0
0 0 0 0.5 0 0.5 0 0 0.5 0 0 0.5
0 0 0 0.5 0 0.5 0 0 0.5 0 0 -0.5
0 0 0 0.5 0 0.5 0 0 -0.5 0 0 0.5
0 0 0 0.5 0 0.5 0 0 -0.5 0 0 -0.5
0 0 0 0.5 0 -0.5 0 0 0.5 0 0 0.5
0 0 0 0.5 0 -0.5 0 0 0.5 0 0 -0.5
0 0 0 0.5 0 -0.5 0 0 -0.5 0 0 0.5
0 0 0 0.5 0 -0.5 0 0 -0.5 0 0 -0.5
0 0 0 -0.5 0 0.5 0 0 0.5 0 0 0.5
0 0 0 -0.5 0 0.5 0 0 0.5 0 0 -0.5
0 0 0 -0.5 0 0.5 0 0 -0.5 0 0 0.5
0 0 0 -0.5 0 0.5 0 0 -0.5 0 0 -0.5
0 0 0 -0.5 0 -0.5 0 0 0.5 0 0 0.5
0 0 0 -0.5 0 -0.5 0 0 0.5 0 0 -0.5
0 0 0 -0.5 0 -0.5 0 0 -0.5 0 0 0.5
0 0 0 -0.5 0 -0.5 0 0 -0.5 0 0 -0.5
0 0 0 0.5 0 0 0.5 0.5 0 0 0 0.5
0 0 0 0.5 0 0 0.5 0.5 0 0 0 -0.5
0 0 0 0.5 0 0 0.5 -0.5 0 0 0 0.5
0 0 0 0.5 0 0 0.5 -0.5 0 0 0 -0.5
0 0 0 0.5 0 0 -0.5 0.5 0 0 0 0.5
0 0 0 0.5 0 0 -0.5 0.5 0 0 0 -0.5
0 0 0 0.5 0 0 -0.5 -0.5 0 0 0 0.5
0 0 0 0.5 0 0 -0.5 -0.5 0 0 0 -0.5
0 0 0 -0.5 0 0 0.5 0.5 0 0 0 0.5
0 0 0 -0.5 0 0 0.5 0.5 0 0 0 -0.5
0 0 0 -0.5 0 0 0.5 -0.5 0 0 0 0.5
0 0 0 -0.5 0 0 0.5 -0.5 0 0 0 -0.5
0 0 0 -0.5 0 0 -0.5 0.5 0 0 0 0.5
0 0 0 -0.5 0 0 -0.5 0.5 0 0 0 -0.5
0 0 0 -0.5 0 0 -0.5 -0.5 0 0 0 0.5
0 0 0 -0.5 0 0 -0.5 -0.5 0 0 0 -0.5
0 0 0 0.5 0 0 0.5 0 0 0.5 0.5 0
0 0 0 0.5 0 0 0.5 0 0 0.5 -0.5 0
0 0 0 0.5 0 0 0.5 0 0 -0.5 0.5 0
0 0 0 0.5 0 0 0.5 0 0 -0.5 -0.5 0
0 0 0 0.5 0 0 -0.5 0 0 0.5 0.5 0
0 0 0 0.5 0 0 -0.5 0 0 0.5 -0.5 0
0 0 0 0.5 0 0 -0.5 0 0 -0.5 0.5 0
0 0 0 0.5 0 0 -0.5 0 0 -0.5 -0.5 0
0 0 0 -0.5 0 0 0.5 0 0 0.5 0.5 0
0 0 0 -0.5 0 0 0.5 0 0 0.5 -0.5 0
0 0 0 -0.5 0 0 0.5 0 0 -0.5 0.5 0
0 0 0 -0.5 0 0 0.5 0 0 -0.5 -0.5 0
0 0 0 -0.5 0 0 -0.5 0 0 0.5 0.5 0
0 0 0 -0.5 0 0 -0.5 0 0 0.5 -0.5 0
0 0 0 -0.5 0 0 -0.5 0 0 -0.5 0.5 0
0 0 0 -0.5 0 0 -0.5 0 0 -0.5 -0.5 0
0 0 0 0 0.5 0.5 0.5 0.5 0 0 0 0
0 0 0 0 0.5 0.5 0.5 -0.5 0 0 0 0
0 0 0 0 0.5 0.5 -0.5 0.5 0 0 0 0
0 0 0 0 0.5 0.5 -0.5 -0.5 0 0 0 0
0 0 0 0 0.5 -0.5 0.5 0.5 0 0 0 0
0 0 0 0 0.5 -0.5 0.5 -0.5 0 0 0 0
0 0 0 0 0.5 -0.5 -0.5 0.5 0 0 0 0
0 0 0 0 0.5 -0.5 -0.5 -0.5 0 0 0 0
0 0 0 0 -0.5 0.5 0.5 0.5 0 0 0 0
0 0 0 0 -0.5 0.5 0.5 -0.5 0 0 0 0
0 0 0 0 -0.5 0.5 -0.5 0.5 0 0 0 0
0 0 0 0 -0.5 0.5 -0.5 -0.5 0 0 0 0
0 0 0 0 -0.5 -0.5 0.5 0.5 0 0 0 0
0 0 0 0 -0.5 -0.5 0.5 -0.5 0 0 0 0
0 0 0 0 -0.5 -0.5 -0.5 0.5 0 0 0 0
0 0 0 0 -0.5 -0.5 -0.5 -0.5 0 0 0 0
0 0 0 0 0.5 0.5 0 0 0.5 0 0.5 0
0 0 0 0 0.5 0.5 0 0 0.5 0 -0.5 0
0 0 0 0 0.5 0.5 0 0 -0.5 0 0.5 0
0 0 0 0 0.5 0.5 0 0 -0.5 0 -0.5 0
0 0 0 0 0.5 -0.5 0 0 0.5 0 0.5 0
0 0 0 0 0.5 -0.5 0 0 0.5 0 -0.5 0
0 0 0 0 0.5 -0.5 0 0 -0.5 0 0.5 0
0 0 0 0 0.5 -0.5 0 0 -0.5 0 -0.5 0
0 0 0 0 -0.5 0.5 0 0 0.5 0 0.5 0
0 0 0 0 -0.5 0.5 0 0 0.5 0 -0.5 0
0 0 0 0 -0.5 0.5 0 0 -0.5 0 0.5 0
0 0 0 0 -0.5 0.5 0 0 -0.5 0 -0.5 0
0 0 0 0 -0.5 -0.5 0 0 0.5 0 0.5 0
0 0 0 0 -0.5 -0.5 0 0 0.5 0 -0.5 0
0 0 0 0 -0.5 -0.5 0 0 -0.5 0 0.5 0
0 0 0 0 -0.5 -0.5 0 0 -0.5 0 -0.5 0
0 0 0 0 0.5 0 0.5 0 0 0.5 0 0.5
0 0 0 0 0.5 0 0.5 0 0 0.5 0 -0.5
0 0 0 0 0.5 0 0.5 0 0 -0.5 0 0.5
0 0 0 0 0.5 0 0.5 0 0 -0.5 0 -0.5
0 0 0 0 0.5 0 -0.5 0 0 0.5 0 0.5
0 0 0 0 0.5 0 -0.5 0 0 0.5 0 -0.5
0 0 0 0 0.5 0 -0.5 0 0 -0.5 0 0.5
0 0 0 0 0.5 0 -0.5 0 0 -0.5 0 -0.5
0 0 0 0 -0.5 0 0.5 0 0 0.5 0 0.5
0 0 0 0 -0.5 0 0.5 0 0 0.5 0 -0.5
0 0 0 0 -0.5 0 0.5 0 0 -0.5 0 0.5
0 0 0 0 -0.5 0 0.5 0 0 -0.5 0 -0.5
0 0 0 0 -0.5 0 -0.5 0 0 0.5 0 0.5
0 0 0 0 -0.5 0 -0.5 0 0 0.5 0 -0.5
0 0 0 0 -0.5 0 -0.5 0 0 -0.5 0 0.5
0 0 0 0 -0.5 0 -0.5 0 0 -0.5 0 -0.5
0 0 0 0 0.5 0 0 0.5 0.5 0.5 0 0
0 0 0 0 0.5 0 0 0.5 0.5 -0.5 0 0
0 0 0 0 0.5 0 0 0.5 -0.5 0.5 0 0
0 0 0 0 0.5 0 0 0.5 -0.5 -0.5 0 0
0 0 0 0 0.5 0 0 -0.5 0.5 0.5 0 0
0 0 0 0 0.5 0 0 -0.5 0.5 -0.5 0 0
0 0 0 0 0.5 0 0 -0.5 -0.5 0.5 0 0
0 0 0 0 0.5 0 0 -0.5 -0.5 -0.5 0 0
0 0 0 0 -0.5 0 0 0.5 0.5 0.5 0 0
0 0 0 0 -0.5 0 0 0.5 0.5 -0.5 0 0
0 0 0 0 -0.5 0 0 0.5 -0.5 0.5 0 0
0 0 0 0 -0.5 0 0 0.5 -0.5 -0.5 0 0
0 0 0 0 -0.5 0 0 -0.5 0.5 0.5 0 0
0 0 0 0 -0.5 0 0 -0.5 0.5 -0.5 0 0
0 0 0 0 -0.5 0 0 -0.5 -0.5 0.5 0 0
0 0 0 0 -0.5 0 0 -0.5 -0.5 -0.5 0 0
0 0 0 0 0.5 0 0 0.5 0 0 0.5 0.5
0 0 0 0 0.5 0 0 0.5 0 0 0.5 -0.5
0 0 0 0 0.5 0 0 0.5 0 0 -0.5 0.5
0 0 0 0 0.5 0 0 0.5 0 0 -0.5 -0.5
0 0 0 0 0.5 0 0 -0.5 0 0 0.5 0.5
0 0 0 0 0.5 0 0 -0.5 0 0 0.5 -0.5
0 0 0 0 0.5 0 0 -0.5 0 0 -0.5 0.5
0 0 0 0 0.5 0 0 -0.5 0 0 -0.5 -0.5
0 0 0 0 -0.5 0 0 0.5 0 0 0.5 0.5
0 0 0 0 -0.5 0 0 0.5 0 0 0.5 -0.5
0 0 0 0 -0.5 0 0 0.5 0 0 -0.5 0.5
0 0 0 0 -0.5 0 0 0.5 0 0 -0.5 -0.5
0 0 0 0 -0.5 0 0 -0.5 0 0 0.5 0.5
0 0 0 0 -0.5 0 0 -0.5 0 0 0.5 -0.5
0 0 0 0 -0.5 0 0 -0.5 0 0 -0.5 0.5
0 0 0 0 -0.5 0 0 -0.5 0 0 -0.5 -0.5
0 0 0 0 0 0.5 0.5 0 0.5 0.5 0 0
0 0 0 0 0 0.5 0.5 0 0.5 -0.5 0 0
0 0 0 0 0 0.5 0.5 0 -0.5 0.5 0 0
0 0 0 0 0 0.5 0.5 0 -0.5 -0.5 0 0
0 0 0 0 0 0.5 -0.5 0 0.5 0.5 0 0
0 0 0 0 0 0.5 -0.5 0 0.5 -0.5 0 0
0 0 0 0 0 0.5 -0.5 0 -0.5 0.5 0 0
0 0 0 0 0 0.5 -0.5 0 -0.5 -0.5 0 0
0 0 0 0 0 -0.5 0.5 0 0.5 0.5 0 0
0 0 0 0 0 -0.5 0.5 0 0.5 -0.5 0 0
0 0 0 0 0 -0.5 0.5 0 -0.5 0.5 0 0
0 0 0 0 0 -0.5 0.5 0 -0.5 -0.5 0 0
0 0 0 0 0 -0.5 -0.5 0 0.5 0.5 0 0
0 0 0 0 0 -0.5 -0.5 0 0.5 -0.5 0 0
0 0 0 0 0 -0.5 -0.5 0 -0.5 0.5 0 0
0 0 0 0 0 -0.5 -0.5 0 -0.5 -0.5 0 0
0 0 0 0 0 0.5 0.5 0 0 0 0.5 0.5
0 0 0 0 0 0.5 0.5 0 0 0 0.5 -0.5
0 0 0 0 0 0.5 0.5 0 0 0 -0.5 0.5
0 0 0 0 0 0.5 0.5 0 0 0 -0.5 -0.5
0 0 0 0 0 0.5 -0.5 0 0 0 0.5 0.5
0 0 0 0 0 0.5 -0.5 0 0 0 0.5 -0.5
0 0 0 0 0 0.5 -0.5 0 0 0 -0.5 0.5
0 0 0 0 0 0.5 -0.5 0 0 0 -0.5 -0.5
0 0 0 0 0 -0.5 0.5 0 0 0 0.5 0.5
0 0 0 0 0 -0.5 0.5 0 0 0 0.5 -0.5
0 0 0 0 0 -0.5 0.5 0 0 0 -0.5 0.5
0 0 0 0 0 -0.5 0.5 0 0 0 -0.5 -0.5
0 0 0 0 0 -0.5 -0.5 0 0 0 0.5 0.5
0 0 0 0 0 -0.5 -0.5 0 0 0 0.5 -0.5
0 0 0 0 0 -0.5 -0.5 0 0 0 -0.5 0.5
0 0 0 0 0 -0.5 -0.5 0 0 0 -0.5 -0.5
0 0 0 0 0 0.5 0 0.5 0 0.5 0 0.5
0 0 0 0 0 0.5 0 0.5 0 0.5 0 -0.5
0 0 0 0 0 0.5 0 0.5 0 -0.5 0 0.5
0 0 0 0 0 0.5 0 0.5 0 -0.5 0 -0.5
0 0 0 0 0 0.5 0 -0.5 0 0.5 0 0.5
0 0 0 0 0 0.5 0 -0.5 0 0.5 0 -0.5
0 0 0 0 0 0.5 0 -0.5 0 -0.5 0 0.5
0 0 0 0 0 0.5 0 -0.5 0 -0.5 0 -0.5
0 0 0 0 0 -0.5 0 0.5 0 0.5 0 0.5
0 0 0 0 0 -0.5 0 0.5 0 0.5 0 -0.5
0 0 0 0 0 -0.5 0 0.5 0 -0.5 0 0.5
0 0 0 0 0 -0.5 0 0.5 0 -0.5 0 -0.5
0 0 0 0 0 -0.5 0 -0.5 0 0.5 0 0.5
0 0 0 0 0 -0.5 0 -0.5 0 0.5 0 -0.5
0 0 0 0 0 -0.5 0 -0.5 0 -0.5 0 0.5
0 0 0 0 0 -0.5 0 -0.5 0 -0.5 0 -0.5
0 0 0 0 0 0 0.5 0.5 0.5 0 0.5 0
0 0 0 0 0 0 0.5 0.5 0.5 0 -0.5 0
0 0 0 0 0 0 0.5 0.5 -0.5 0 0.5 0
0 0 0 0 0 0 0.5 0.5 -0.5 0 -0.5 0
0 0 0 0 0 0 0.5 -0.5 0.5 0 0.5 0
0 0 0 0 0 0 0.5 -0.5 0.5 0 -0.5 0
0 0 0 0 0 0 0.5 -0.5 -0.5 0 0.5 0
0 0 0 0 0 0 0.5 -0.5 -0.5 0 -0.5 0
0 0 0 0 0 0 -0.5 0.5 0.5 0 0.5 0
0 0 0 0 0 0 -0.5 0.5 0.5 0 -0.5 0
0 0 0 0 0 0 -0.5 0.5 -0.5 0 0.5 0
0 0 0 0 0 0 -0.5 0.5 -0.5 0 -0.5 0
0 0 0 0 0 0 -0.5 -0.5 0.5 0 0.5 0
0 0 0 0 0 0 -0.5 -0.5 0.5 0 -0.5 0
0 0 0 0 0 0 -0.5 -0.5 -0.5 0 0.5 0
0 0 0 0 0 0 -0.5 -0.5 -0.5 0 -0.5 0
-0.041265446115100995 0.046292336506459753 -0.0021036316736998393 -0.02705676817805467 -0.024797616032661254 0.017894476820029141 0.034457693324284742 -0.0076778788875603281 0.36687889957315323 0.80857584486899803 -0.080706686654983345 -0.44533995882222266
-0.043908751829528081 -0.057898207400679517 -0.026637805628967798 -0.030140584587342985 -0.055181727985155644 0.022078642990382175 -0.10874487709714818 -0.055002480173301851 0.83921815423395152 0.43217559006872514 0.21770791630003208 0.19041794295171263
0.1079108584356184 0.032638229488237247 0.0047271073227206856 -0.074958977089875964 -0.0044888376720974062 -0.044718724902635787 -0.043030312588835884 -0.043521666159586227 -0.027205264926510136 -0.20090705723690433 0.53080529603753868 -0.80809968888830985
-0.0098932953367210537 0.10855335193852783 0.0022707405318341321 0.06997250613258571 0.066367577022615212 0.076862988250445061 0.043089764915351852 -0.080587386726829871 -0.15609502989914051 -0.22203150269159505 -0.90418747686162182 -0.27080383263647662
-0.16545287734132147 -0.22044214406067161 0.027912931228805081 -0.0057694726771847409 -0.091034950464019618 -0.12581376359765387 -0.071639623248348897 -0.052159377115646686 -0.54014966587029734 -0.069760732937611133 -0.57645484456846818 0.51217231199427515
0.016936469978781812 0.011591865432990312 -0.0214787873592555 -0.019969437863295747 0.014085815267174 -0.0063824724901382348 -0.0013977401009085684 -0.080718975105985497 -0.87459888179478495 0.10920669499360633 0.10674834542568512 0.45135075008226855
0.063219925359891613 0.019438473805313085 0.0014343956665653264 -0.12507353886515116 0.077422586318211209 -0.052912665443250073 0.044049714802252234 0.017536417992127133 0.23853068594731408 0.78255333666664506 -0.42943542485987302 -0.33946521441907584
-0.041535552324078968 -0.01830344990626839 0.080849261068251438 -0.017632107481861156 0.057538783909191635 0.040086909149112102 0.035392552365890097 0.038970882883955955 -0.49223546366698273 0.1812367548909801 0.77086743405902114 -0.33767460529764631
-0.0035887067047138291 -0.052501445527000604 0.024150535350839233 -0.08216446140047752 0.12262844533888306 -0.028707985578715057 -0.1175228706566899 0.13642583208442624 0.73936266194244926 0.39501183454531946 0.40573524434096925 -0.27257727654988922
-0.0111477587537768 0.036145771414527669 0.045811299754359554 0.046559529572622237 0.010611347079313795 -0.02328385312062832 -0.0095897241482277486 0.055395403715274655 0.71886144586420475 -0.17039602160706965 -0.23828816501559791 0.62282386075311669
0.054571681877333723 0.0525815014130269 -0.098965455465555574 -0.028185724768440744 -0.038836744456983777 0.015678466427101911 -0.12706452266250967 0.095905179794998491 0.2263348160994256 0.32791846688631221 -0.89298167868252876 -0.019924079979292016
0.0589129694191061 -0.069288134761258474 0.013496947008118263 0.030846037282003625 -0.030543325757723266 0.035963596974722047 -0.014569619379975097 0.05428328302497664 0.23284964885263612 0.099037633168017905 0.88675817799462475 0.36720848185434329
0.098022953048833281 -0.089100603178674187 -0.04843390243836302 0.062662942448047099 0.067834576554177364 -0.0041751897083005208 0.058405174908666271 -0.079275660049608496 0.16017261452100662 -0.85936943095221296 0.25510330508120294 -0.36416556351246321
-0.035220004516393184 0.0030933849910707543 0.099861465902078894 -0.055591873496772047 -0.033063559324241105 0.058663466017224837 -0.023273132333561979 0.09721331864160361 0.12227032041452647 0.049798265092201741 0.19609219468404224 0.95670188512066268
0.050291160312526929 0.039651476847417051 0.019327071358216007 -0.119896960510342 -0.067934041204057702 0.11382892199754424 0.063069333143259243 0.038834426123475069 0.488869457301015 -0.41714265927736871 0.25934715833777566 -0.69125215288616537
0.014929176056010181 -0.027241888688897205 -0.0081565181406438782 0.017296274259033274 -0.012465868302296434 0.024703105050504347 0.01739634947593565 0.01371213711644729 0.50521906749541656 -0.56223817726809411 -0.60892880778257086 0.23507582877506186
0.030266974328598231 0.064717954233208475 0.024330090125146985 0.026709453401719437 -0.028410213659630531 0.024213145191407805 0.021678564893654589 -0.033969010588198185 -0.2883608557961837 -0.03572065962795018 0.092736220748296697 -0.94738847505311585
0.003053953225738119 0.010027931398063834 -0.0076814743241508847 0.011590425216903195 0.019803800625826672 -0.043943856445951647 0.018078167196728414 -0.010916362476185843 -0.41087384757785905 0.090847246580228205 0.64620766034899235 -0.63424967456927739
-0.072204089926009754 -0.072206546106568265 0.086364490496998222 -0.010988607255917538 -0.0025982464152163975 -0.034355842528610174 -0.041076625159981936 -0.088528652492155219 0.074429602362072175 0.1133698399136704 -0.86330522308748758 -0.45562388943318843
-0.05578262038238372 -0.0019492786324688902 0.018301186524211803 0.084395270565686978 0.10228668871457075 0.080096882978913139 0.1005679255161484 -0.087440635123131299 -0.4156757401001141 0.85730912546639026 0.21639529225712351 0.014034769780108614
-0.099892124410963609 -0.093847820222413503 0.036892639540573723 0.017241533978264723 -0.014943912000403306 -0.0208453109038997 -0.087127382146334739 0.018737589975165822 0.52213799372363945 0.82890817860660393 0.024803049904010294 -0.10307105776336577
-0.059297269585972021 0.06618175629946374 0.092346847882629618 -0.033174639746111123 0.015731065347867796 0.0049055695163296191 -0.031046063148512295 -0.13512074738087773 -0.19801830406860735 0.32864850589227662 -0.78087682677757497 -0.45386407514577565
-0.20322371103446557 0.079501044806922855 0.030962737307598961 0.0028147236696697249 -0.016739940032555824 -0.039442261700084469 -0.0048774187656141065 -0.019205783576748705 -0.15371111504169804 -0.020926125439210522 0.077766971569828328 0.95868233161967986
-0.11723489429245972 0.021188890168957614 -0.050516547810590194 -0.092165012993014703 -0.19154549943732738 0.049087446882184818 -0.080105153541605592 -0.061445918005293379 0.37196512041576218 -0.88443719336745119 0.012977832782171466 -0.068654082544803804
0.045412355167467118 0.057386930852290713 -0.050287604786448753 0.052026799748878361 -0.006121881975339194 0.006468959774912012 -0.012761194140800335 0.043903830239586342 -0.70093404478965349 0.14342375898857396 0.66857672195849138 -0.16842020330345461
