1 0 0 0 0 0 0 0 0 0 0 0
-1 0 0 0 0 0 0 0 0 0 0 0
0 1 0 0 0 0 0 0 0 0 0 0
0 -1 0 0 0 0 0 0 0 0 0 0
0 0 1 0 0 0 0 0 0 0 0 0
0 0 -1 0 0 0 0 0 0 0 0 0
0 0 0 1 0 0 0 0 0 0 0 0
0 0 0 -1 0 0 0 0 0 0 0 0
0 0 0 0 1 0 0 0 0 0 0 0
0 0 0 0 -1 0 0 0 0 0 0 0
0 0 0 0 0 1 0 0 0 0 0 0
0 0 0 0 0 -1 0 0 0 0 0 0
0 0 0 0 0 0 1 0 0 0 0 0
0 0 0 0 0 0 -1 0 0 0 0 0
0 0 0 0 0 0 0 1 0 0 0 0
0 0 0 0 0 0 0 -1 0 0 0 0
0.5 0.5 0.5 0.5 0 0 0 0 0 0 0 0
0.5 0.5 0.5 -0.5 0 0 0 0 0 0 0 0
0.5 0.5 -0.5 0.5 0 0 0 0 0 0 0 0
0.5 0.5 -0.5 -0.5 0 0 0 0 0 0 0 0
0.5 -0.5 0.5 0.5 0 0 0 0 0 0 0 0
0.5 -0.5 0.5 -0.5 0 0 0 0 0 0 0 0
0.5 -0.5 -0.5 0.5 0 0 0 0 0 0 0 0
0.5 -0.5 -0.5 -0.5 0 0 0 0 0 0 0 0
-0.5 0.5 0.5 0.5 0 0 0 0 0 0 0 0
-0.5 0.5 0.5 -0.5 0 0 0 0 0 0 0 0
-0.5 0.5 -0.5 0.5 0 0 0 0 0 0 0 0
-0.5 0.5 -0.5 -0.5 0 0 0 0 0 0 0 0
-0.5 -0.5 0.5 0.5 0 0 0 0 0 0 0 0
-0.5 -0.5 0.5 -0.5 0 0 0 0 0 0 0 0
-0.5 -0.5 -0.5 0.5 0 0 0 0 0 0 0 0
-0.5 -0.5 -0.5 -0.5 0 0 0 0 0 0 0 0
0.5 0.5 0 0 0.5 0 0 0.5 0 0 0 0
0.5 0.5 0 0 0.5 0 0 -0.5 0 0 0 0
0.5 0.5 0 0 -0.5 0 0 0.5 0 0 0 0
0.5 0.5 0 0 -0.5 0 0 -0.5 0 0 0 0
0.5 -0.5 0 0 0.5 0 0 0.5 0 0 0 0
0.5 -0.5 0 0 0.5 0 0 -0.5 0 0 0 0
0.5 -0.5 0 0 -0.5 0 0 0.5 0 0 0 0
0.5 -0.5 0 0 -0.5 0 0 -0.5 0 0 0 0
-0.5 0.5 0 0 0.5 0 0 0.5 0 0 0 0
-0.5 0.5 0 0 0.5 0 0 -0.5 0 0 0 0
-0.5 0.5 0 0 -0.5 0 0 0.5 0 0 0 0
-0.5 0.5 0 0 -0.5 0 0 -0.5 0 0 0 0
-0.5 -0.5 0 0 0.5 0 0 0.5 0 0 0 0
-0.5 -0.5 0 0 0.5 0 0 -0.5 0 0 0 0
-0.5 -0.5 0 0 -0.5 0 0 0.5 0 0 0 0
-0.5 -0.5 0 0 -0.5 0 0 -0.5 0 0 0 0
0.5 0.5 0 0 0 0.5 0 0 0.5 0 0 0
0.5 0.5 0 0 0 0.5 0 0 -0.5 0 0 0
0.5 0.5 0 0 0 -0.5 0 0 0.5 0 0 0
0.5 0.5 0 0 0 -0.5 0 0 -0.5 0 0 0
0.5 -0.5 0 0 0 0.5 0 0 0.5 0 0 0
0.5 -0.5 0 0 0 0.5 0 0 -0.5 0 0 0
0.5 -0.5 0 0 0 -0.5 0 0 0.5 0 0 0
0.5 -0.5 0 0 0 -0.5 0 0 -0.5 0 0 0
-0.5 0.5 0 0 0 0.5 0 0 0.5 0 0 0
-0.5 0.5 0 0 0 0.5 0 0 -0.5 0 0 0
-0.5 0.5 0 0 0 -0.5 0 0 0.5 0 0 0
-0.5 0.5 0 0 0 -0.5 0 0 -0.5 0 0 0
-0.5 -0.5 0 0 0 0.5 0 0 0.5 0 0 0
-0.5 -0.5 0 0 0 0.5 0 0 -0.5 0 0 0
-0.5 -0.5 0 0 0 -0.5 0 0 0.5 0 0 0
-0.5 -0.5 0 0 0 -0.5 0 0 -0.5 0 0 0
0.5 0.5 0 0 0 0 0.5 0 0 0 0.5 0
0.5 0.5 0 0 0 0 0.5 0 0 0 -0.5 0
0.5 0.5 0 0 0 0 -0.5 0 0 0 0.5 0
0.5 0.5 0 0 0 0 -0.5 0 0 0 -0.5 0
0.5 -0.5 0 0 0 0 0.5 0 0 0 0.5 0
0.5 -0.5 0 0 0 0 0.5 0 0 0 -0.5 0
0.5 -0.5 0 0 0 0 -0.5 0 0 0 0.5 0
0.5 -0.5 0 0 0 0 -0.5 0 0 0 -0.5 0
-0.5 0.5 0 0 0 0 0.5 0 0 0 0.5 0
-0.5 0.5 0 0 0 0 0.5 0 0 0 -0.5 0
-0.5 0.5 0 0 0 0 -0.5 0 0 0 0.5 0
-0.5 0.5 0 0 0 0 -0.5 0 0 0 -0.5 0
-0.5 -0.5 0 0 0 0 0.5 0 0 0 0.5 0
-0.5 -0.5 0 0 0 0 0.5 0 0 0 -0.5 0
-0.5 -0.5 0 0 0 0 -0.5 0 0 0 0.5 0
-0.5 -0.5 0 0 0 0 -0.5 0 0 0 -0.5 0
0.5 0.5 0 0 0 0 0 0 0 0.5 0 0.5
0.5 0.5 0 0 0 0 0 0 0 0.5 0 -0.5
0.5 0.5 0 0 0 0 0 0 0 -0.5 0 0.5
0.5 0.5 0 0 0 0 0 0 0 -0.5 0 -0.5
0.5 -0.5 0 0 0 0 0 0 0 0.5 0 0.5
0.5 -0.5 0 0 0 0 0 0 0 0.5 0 -0.5
0.5 -0.5 0 0 0 0 0 0 0 -0.5 0 0.5
0.5 -0.5 0 0 0 0 0 0 0 -0.5 0 -0.5
-0.5 0.5 0 0 0 0 0 0 0 0.5 0 0.5
-0.5 0.5 0 0 0 0 0 0 0 0.5 0 -0.5
-0.5 0.5 0 0 0 0 0 0 0 -0.5 0 0.5
-0.5 0.5 0 0 0 0 0 0 0 -0.5 0 -0.5
-0.5 -0.5 0 0 0 0 0 0 0 0.5 0 0.5
-0.5 -0.5 0 0 0 0 0 0 0 0.5 0 -0.5
-0.5 -0.5 0 0 0 0 0 0 0 -0.5 0 0.5
-0.5 -0.5 0 0 0 0 0 0 0 -0.5 0 -0.5
0.5 0 0.5 0 0.5 0 0 0 0 0.5 0 0
0.5 0 0.5 0 0.5 0 0 0 0 -0.5 0 0
0.5 0 0.5 0 -0.5 0 0 0 0 0.5 0 0
0.5 0 0.5 0 -0.5 0 0 0 0 -0.5 0 0
0.5 0 -0.5 0 0.5 0 0 0 0 0.5 0 0
0.5 0 -0.5 0 0.5 0 0 0 0 -0.5 0 0
0.5 0 -0.5 0 -0.5 0 0 0 0 0.5 0 0
0.5 0 -0.5 0 -0.5 0 0 0 0 -0.5 0 0
-0.5 0 0.5 0 0.5 0 0 0 0 0.5 0 0
-0.5 0 0.5 0 0.5 0 0 0 0 -0.5 0 0
-0.5 0 0.5 0 -0.5 0 0 0 0 0.5 0 0
-0.5 0 0.5 0 -0.5 0 0 0 0 -0.5 0 0
-0.5 0 -0.5 0 0.5 0 0 0 0 0.5 0 0
-0.5 0 -0.5 0 0.5 0 0 0 0 -0.5 0 0
-0.5 0 -0.5 0 -0.5 0 0 0 0 0.5 0 0
-0.5 0 -0.5 0 -0.5 0 0 0 0 -0.5 0 0
0.5 0 0.5 0 0 0.5 0.5 0 0 0 0 0
0.5 0 0.5 0 0 0.5 -0.5 0 0 0 0 0
0.5 0 0.5 0 0 -0.5 0.5 0 0 0 0 0
0.5 0 0.5 0 0 -0.5 -0.5 0 0 0 0 0
0.5 0 -0.5 0 0 0.5 0.5 0 0 0 0 0
0.5 0 -0.5 0 0 0.5 -0.5 0 0 0 0 0
0.5 0 -0.5 0 0 -0.5 0.5 0 0 0 0 0
0.5 0 -0.5 0 0 -0.5 -0.5 0 0 0 0 0
-0.5 0 0.5 0 0 0.5 0.5 0 0 0 0 0
-0.5 0 0.5 0 0 0.5 -0.5 0 0 0 0 0
-0.5 0 0.5 0 0 -0.5 0.5 0 0 0 0 0
-0.5 0 0.5 0 0 -0.5 -0.5 0 0 0 0 0
-0.5 0 -0.5 0 0 0.5 0.5 0 0 0 0 0
-0.5 0 -0.5 0 0 0.5 -0.5 0 0 0 0 0
-0.5 0 -0.5 0 0 -0.5 0.5 0 0 0 0 0
-0.5 0 -0.5 0 0 -0.5 -0.5 0 0 0 0 0
0.5 0 0.5 0 0 0 0 0.5 0 0 0 0.5
0.5 0 0.5 0 0 0 0 0.5 0 0 0 -0.5
0.5 0 0.5 0 0 0 0 -0.5 0 0 0 0.5
0.5 0 0.5 0 0 0 0 -0.5 0 0 0 -0.5
0.5 0 -0.5 0 0 0 0 0.5 0 0 0 0.5
0.5 0 -0.5 0 0 0 0 0.5 0 0 0 -0.5
0.5 0 -0.5 0 0 0 0 -0.5 0 0 0 0.5
0.5 0 -0.5 0 0 0 0 -0.5 0 0 0 -0.5
-0.5 0 0.5 0 0 0 0 0.5 0 0 0 0.5
-0.5 0 0.5 0 0 0 0 0.5 0 0 0 -0.5
-0.5 0 0.5 0 0 0 0 -0.5 0 0 0 0.5
-0.5 0 0.5 0 0 0 0 -0.5 0 0 0 -0.5
-0.5 0 -0.5 0 0 0 0 0.5 0 0 0 0.5
-0.5 0 -0.5 0 0 0 0 0.5 0 0 0 -0.5
-0.5 0 -0.5 0 0 0 0 -0.5 0 0 0 0.5
-0.5 0 -0.5 0 0 0 0 -0.5 0 0 0 -0.5
0.5 0 0.5 0 0 0 0 0 0.5 0 0.5 0
0.5 0 0.5 0 0 0 0 0 0.5 0 -0.5 0
0.5 0 0.5 0 0 0 0 0 -0.5 0 0.5 0
0.5 0 0.5 0 0 0 0 0 -0.5 0 -0.5 0
0.5 0 -0.5 0 0 0 0 0 0.5 0 0.5 0
0.5 0 -0.5 0 0 0 0 0 0.5 0 -0.5 0
0.5 0 -0.5 0 0 0 0 0 -0.5 0 0.5 0
0.5 0 -0.5 0 0 0 0 0 -0.5 0 -0.5 0
-0.5 0 0.5 0 0 0 0 0 0.5 0 0.5 0
-0.5 0 0.5 0 0 0 0 0 0.5 0 -0.5 0
-0.5 0 0.5 0 0 0 0 0 -0.5 0 0.5 0
-0.5 0 0.5 0 0 0 0 0 -0.5 0 -0.5 0
-0.5 0 -0.5 0 0 0 0 0 0.5 0 0.5 0
-0.5 0 -0.5 0 0 0 0 0 0.5 0 -0.5 0
-0.5 0 -0.5 0 0 0 0 0 -0.5 0 0.5 0
-0.5 0 -0.5 0 0 0 0 0 -0.5 0 -0.5 0
0.5 0 0 0.5 0.5 0 0.5 0 0 0 0 0
0.5 0 0 0.5 0.5 0 -0.5 0 0 0 0 0
0.5 0 0 0.5 -0.5 0 0.5 0 0 0 0 0
0.5 0 0 0.5 -0.5 0 -0.5 0 0 0 0 0
0.5 0 0 -0.5 0.5 0 0.5 0 0 0 0 0
0.5 0 0 -0.5 0.5 0 -0.5 0 0 0 0 0
0.5 0 0 -0.5 -0.5 0 0.5 0 0 0 0 0
0.5 0 0 -0.5 -0.5 0 -0.5 0 0 0 0 0
-0.5 0 0 0.5 0.5 0 0.5 0 0 0 0 0
-0.5 0 0 0.5 0.5 0 -0.5 0 0 0 0 0
-0.5 0 0 0.5 -0.5 0 0.5 0 0 0 0 0
-0.5 0 0 0.5 -0.5 0 -0.5 0 0 0 0 0
-0.5 0 0 -0.5 0.5 0 0.5 0 0 0 0 0
-0.5 0 0 -0.5 0.5 0 -0.5 0 0 0 0 0
-0.5 0 0 -0.5 -0.5 0 0.5 0 0 0 0 0
-0.5 0 0 -0.5 -0.5 0 -0.5 0 0 0 0 0
0.5 0 0 0.5 0 0.5 0 0.5 0 0 0 0
0.5 0 0 0.5 0 0.5 0 -0.5 0 0 0 0
0.5 0 0 0.5 0 -0.5 0 0.5 0 0 0 0
0.5 0 0 0.5 0 -0.5 0 -0.5 0 0 0 0
0.5 0 0 -0.5 0 0.5 0 0.5 0 0 0 0
0.5 0 0 -0.5 0 0.5 0 -0.5 0 0 0 0
0.5 0 0 -0.5 0 -0.5 0 0.5 0 0 0 0
0.5 0 0 -0.5 0 -0.5 0 -0.5 0 0 0 0
-0.5 0 0 0.5 0 0.5 0 0.5 0 0 0 0
-0.5 0 0 0.5 0 0.5 0 -0.5 0 0 0 0
-0.5 0 0 0.5 0 -0.5 0 0.5 0 0 0 0
-0.5 0 0 0.5 0 -0.5 0 -0.5 0 0 0 0
-0.5 0 0 -0.5 0 0.5 0 0.5 0 0 0 0
-0.5 0 0 -0.5 0 0.5 0 -0.5 0 0 0 0
-0.5 0 0 -0.5 0 -0.5 0 0.5 0 0 0 0
-0.5 0 0 -0.5 0 -0.5 0 -0.5 0 0 0 0
0.5 0 0 0.5 0 0 0 0 0.5 0.5 0 0
0.5 0 0 0.5 0 0 0 0 0.5 -0.5 0 0
0.5 0 0 0.5 0 0 0 0 -0.5 0.5 0 0
0.5 0 0 0.5 0 0 0 0 -0.5 -0.5 0 0
0.5 0 0 -0.5 0 0 0 0 0.5 0.5 0 0
0.5 0 0 -0.5 0 0 0 0 0.5 -0.5 0 0
0.5 0 0 -0.5 0 0 0 0 -0.5 0.5 0 0
0.5 0 0 -0.5 0 0 0 0 -0.5 -0.5 0 0
-0.5 0 0 0.5 0 0 0 0 0.5 0.5 0 0
-0.5 0 0 0.5 0 0 0 0 0.5 -0.5 0 0
-0.5 0 0 0.5 0 0 0 0 -0.5 0.5 0 0
-0.5 0 0 0.5 0 0 0 0 -0.5 -0.5 0 0
-0.5 0 0 -0.5 0 0 0 0 0.5 0.5 0 0
-0.5 0 0 -0.5 0 0 0 0 0.5 -0.5 0 0
-0.5 0 0 -0.5 0 0 0 0 -0.5 0.5 0 0
-0.5 0 0 -0.5 0 0 0 0 -0.5 -0.5 0 0
0.5 0 0 0.5 0 0 0 0 0 0 0.5 0.5
0.5 0 0 0.5 0 0 0 0 0 0 0.5 -0.5
0.5 0 0 0.5 0 0 0 0 0 0 -0.5 0.5
0.5 0 0 0.5 0 0 0 0 0 0 -0.5 -0.5
0.5 0 0 -0.5 0 0 0 0 0 0 0.5 0.5
0.5 0 0 -0.5 0 0 0 0 0 0 0.5 -0.5
0.5 0 0 -0.5 0 0 0 0 0 0 -0.5 0.5
0.5 0 0 -0.5 0 0 0 0 0 0 -0.5 -0.5
-0.5 0 0 0.5 0 0 0 0 0 0 0.5 0.5
-0.5 0 0 0.5 0 0 0 0 0 0 0.5 -0.5
-0.5 0 0 0.5 0 0 0 0 0 0 -0.5 0.5
-0.5 0 0 0.5 0 0 0 0 0 0 -0.5 -0.5
-0.5 0 0 -0.5 0 0 0 0 0 0 0.5 0.5
-0.5 0 0 -0.5 0 0 0 0 0 0 0.5 -0.5
-0.5 0 0 -0.5 0 0 0 0 0 0 -0.5 0.5
-0.5 0 0 -0.5 0 0 0 0 0 0 -0.5 -0.5
0.5 0 0 0 0.5 0.5 0 0 0 0 0 0.5
0.5 0 0 0 0.5 0.5 0 0 0 0 0 -0.5
0.5 0 0 0 0.5 -0.5 0 0 0 0 0 0.5
0.5 0 0 0 0.5 -0.5 0 0 0 0 0 -0.5
0.5 0 0 0 -0.5 0.5 0 0 0 0 0 0.5
0.5 0 0 0 -0.5 0.5 0 0 0 0 0 -0.5
0.5 0 0 0 -0.5 -0.5 0 0 0 0 0 0.5
0.5 0 0 0 -0.5 -0.5 0 0 0 0 0 -0.5
-0.5 0 0 0 0.5 0.5 0 0 0 0 0 0.5
-0.5 0 0 0 0.5 0.5 0 0 0 0 0 -0.5
-0.5 0 0 0 0.5 -0.5 0 0 0 0 0 0.5
-0.5 0 0 0 0.5 -0.5 0 0 0 0 0 -0.5
-0.5 0 0 0 -0.5 0.5 0 0 0 0 0 0.5
-0.5 0 0 0 -0.5 0.5 0 0 0 0 0 -0.5
-0.5 0 0 0 -0.5 -0.5 0 0 0 0 0 0.5
-0.5 0 0 0 -0.5 -0.5 0 0 0 0 0 -0.5
0.5 0 0 0 0 0.5 0 0 0 0.5 0.5 0
0.5 0 0 0 0 0.5 0 0 0 0.5 -0.5 0
0.5 0 0 0 0 0.5 0 0 0 -0.5 0.5 0
0.5 0 0 0 0 0.5 0 0 0 -0.5 -0.5 0
0.5 0 0 0 0 -0.5 0 0 0 0.5 0.5 0
0.5 0 0 0 0 -0.5 0 0 0 0.5 -0.5 0
0.5 0 0 0 0 -0.5 0 0 0 -0.5 0.5 0
0.5 0 0 0 0 -0.5 0 0 0 -0.5 -0.5 0
-0.5 0 0 0 0 0.5 0 0 0 0.5 0.5 0
-0.5 0 0 0 0 0.5 0 0 0 0.5 -0.5 0
-0.5 0 0 0 0 0.5 0 0 0 -0.5 0.5 0
-0.5 0 0 0 0 0.5 0 0 0 -0.5 -0.5 0
-0.5 0 0 0 0 -0.5 0 0 0 0.5 0.5 0
-0.5 0 0 0 0 -0.5 0 0 0 0.5 -0.5 0
-0.5 0 0 0 0 -0.5 0 0 0 -0.5 0.5 0
-0.5 0 0 0 0 -0.5 0 0 0 -0.5 -0.5 0
0.5 0 0 0 0 0 0.5 0.5 0 0.5 0 0
0.5 0 0 0 0 0 0.5 0.5 0 -0.5 0 0
0.5 0 0 0 0 0 0.5 -0.5 0 0.5 0 0
0.5 0 0 0 0 0 0.5 -0.5 0 -0.5 0 0
0.5 0 0 0 0 0 -0.5 0.5 0 0.5 0 0
0.5 0 0 0 0 0 -0.5 0.5 0 -0.5 0 0
0.5 0 0 0 0 0 -0.5 -0.5 0 0.5 0 0
0.5 0 0 0 0 0 -0.5 -0.5 0 -0.5 0 0
-0.5 0 0 0 0 0 0.5 0.5 0 0.5 0 0
-0.5 0 0 0 0 0 0.5 0.5 0 -0.5 0 0
-0.5 0 0 0 0 0 0.5 -0.5 0 0.5 0 0
-0.5 0 0 0 0 0 0.5 -0.5 0 -0.5 0 0
-0.5 0 0 0 0 0 -0.5 0.5 0 0.5 0 0
-0.5 0 0 0 0 0 -0.5 0.5 0 -0.5 0 0
-0.5 0 0 0 0 0 -0.5 -0.5 0 0.5 0 0
-0.5 0 0 0 0 0 -0.5 -0.5 0 -0.5 0 0
0.5 0 0 0 0 0 0.5 0 0.5 0 0 0.5
0.5 0 0 0 0 0 0.5 0 0.5 0 0 -0.5
0.5 0 0 0 0 0 0.5 0 -0.5 0 0 0.5
0.5 0 0 0 0 0 0.5 0 -0.5 0 0 -0.5
0.5 0 0 0 0 0 -0.5 0 0.5 0 0 0.5
0.5 0 0 0 0 0 -0.5 0 0.5 0 0 -0.5
0.5 0 0 0 0 0 -0.5 0 -0.5 0 0 0.5
0.5 0 0 0 0 0 -0.5 0 -0.5 0 0 -0.5
-0.5 0 0 0 0 0 0.5 0 0.5 0 0 0.5
-0.5 0 0 0 0 0 0.5 0 0.5 0 0 -0.5
-0.5 0 0 0 0 0 0.5 0 -0.5 0 0 0.5
-0.5 0 0 0 0 0 0.5 0 -0.5 0 0 -0.5
-0.5 0 0 0 0 0 -0.5 0 0.5 0 0 0.5
-0.5 0 0 0 0 0 -0.5 0 0.5 0 0 -0.5
-0.5 0 0 0 0 0 -0.5 0 -0.5 0 0 0.5
-0.5 0 0 0 0 0 -0.5 0 -0.5 0 0 -0.5
0 0.5 0.5 0 0.5 0.5 0 0 0 0 0 0
0 0.5 0.5 0 0.5 -0.5 0 0 0 0 0 0
0 0.5 0.5 0 -0.5 0.5 0 0 0 0 0 0
0 0.5 0.5 0 -0.5 -0.5 0 0 0 0 0 0
0 0.5 -0.5 0 0.5 0.5 0 0 0 0 0 0
0 0.5 -0.5 0 0.5 -0.5 0 0 0 0 0 0
0 0.5 -0.5 0 -0.5 0.5 0 0 0 0 0 0
0 0.5 -0.5 0 -0.5 -0.5 0 0 0 0 0 0
0 -0.5 0.5 0 0.5 0.5 0 0 0 0 0 0
0 -0.5 0.5 0 0.5 -0.5 0 0 0 0 0 0
0 -0.5 0.5 0 -0.5 0.5 0 0 0 0 0 0
0 -0.5 0.5 0 -0.5 -0.5 0 0 0 0 0 0
0 -0.5 -0.5 0 0.5 0.5 0 0 0 0 0 0
0 -0.5 -0.5 0 0.5 -0.5 0 0 0 0 0 0
0 -0.5 -0.5 0 -0.5 0.5 0 0 0 0 0 0
0 -0.5 -0.5 0 -0.5 -0.5 0 0 0 0 0 0
0 0.5 0.5 0 0 0 0.5 0.5 0 0 0 0
0 0.5 0.5 0 0 0 0.5 -0.5 0 0 0 0
0 0.5 0.5 0 0 0 -0.5 0.5 0 0 0 0
0 0.5 0.5 0 0 0 -0.5 -0.5 0 0 0 0
0 0.5 -0.5 0 0 0 0.5 0.5 0 0 0 0
0 0.5 -0.5 0 0 0 0.5 -0.5 0 0 0 0
0 0.5 -0.5 0 0 0 -0.5 0.5 0 0 0 0
0 0.5 -0.5 0 0 0 -0.5 -0.5 0 0 0 0
0 -0.5 0.5 0 0 0 0.5 0.5 0 0 0 0
0 -0.5 0.5 0 0 0 0.5 -0.5 0 0 0 0
0 -0.5 0.5 0 0 0 -0.5 0.5 0 0 0 0
0 -0.5 0.5 0 0 0 -0.5 -0.5 0 0 0 0
0 -0.5 -0.5 0 0 0 0.5 0.5 0 0 0 0
0 -0.5 -0.5 0 0 0 0.5 -0.5 0 0 0 0
0 -0.5 -0.5 0 0 0 -0.5 0.5 0 0 0 0
0 -0.5 -0.5 0 0 0 -0.5 -0.5 0 0 0 0
0 0.5 0.5 0 0 0 0 0 0.5 0.5 0 0
0 0.5 0.5 0 0 0 0 0 0.5 -0.5 0 0
0 0.5 0.5 0 0 0 0 0 -0.5 0.5 0 0
0 0.5 0.5 0 0 0 0 0 -0.5 -0.5 0 0
0 0.5 -0.5 0 0 0 0 0 0.5 0.5 0 0
0 0.5 -0.5 0 0 0 0 0 0.5 -0.5 0 0
0 0.5 -0.5 0 0 0 0 0 -0.5 0.5 0 0
0 0.5 -0.5 0 0 0 0 0 -0.5 -0.5 0 0
0 -0.5 0.5 0 0 0 0 0 0.5 0.5 0 0
0 -0.5 0.5 0 0 0 0 0 0.5 -0.5 0 0
0 -0.5 0.5 0 0 0 0 0 -0.5 0.5 0 0
0 -0.5 0.5 0 0 0 0 0 -0.5 -0.5 0 0
0 -0.5 -0.5 0 0 0 0 0 0.5 0.5 0 0
0 -0.5 -0.5 0 0 0 0 0 0.5 -0.5 0 0
0 -0.5 -0.5 0 0 0 0 0 -0.5 0.5 0 0
0 -0.5 -0.5 0 0 0 0 0 -0.5 -0.5 0 0
0 0.5 0.5 0 0 0 0 0 0 0 0.5 0.5
0 0.5 0.5 0 0 0 0 0 0 0 0.5 -0.5
0 0.5 0.5 0 0 0 0 0 0 0 -0.5 0.5
0 0.5 0.5 0 0 0 0 0 0 0 -0.5 -0.5
0 0.5 -0.5 0 0 0 0 0 0 0 0.5 0.5
0 0.5 -0.5 0 0 0 0 0 0 0 0.5 -0.5
0 0.5 -0.5 0 0 0 0 0 0 0 -0.5 0.5
0 0.5 -0.5 0 0 0 0 0 0 0 -0.5 -0.5
0 -0.5 0.5 0 0 0 0 0 0 0 0.5 0.5
0 -0.5 0.5 0 0 0 0 0 0 0 0.5 -0.5
0 -0.5 0.5 0 0 0 0 0 0 0 -0.5 0.5
0 -0.5 0.5 0 0 0 0 0 0 0 -0.5 -0.5
0 -0.5 -0.5 0 0 0 0 0 0 0 0.5 0.5
0 -0.5 -0.5 0 0 0 0 0 0 0 0.5 -0.5
0 -0.5 -0.5 0 0 0 0 0 0 0 -0.5 0.5
0 -0.5 -0.5 0 0 0 0 0 0 0 -0.5 -0.5
0 0.5 0 0.5 0.5 0 0 0 0 0 0 0.5
0 0.5 0 0.5 0.5 0 0 0 0 0 0 -0.5
0 0.5 0 0.5 -0.5 0 0 0 0 0 0 0.5
0 0.5 0 0.5 -0.5 0 0 0 0 0 0 -0.5
0 0.5 0 -0.5 0.5 0 0 0 0 0 0 0.5
0 0.5 0 -0.5 0.5 0 0 0 0 0 0 -0.5
0 0.5 0 -0.5 -0.5 0 0 0 0 0 0 0.5
0 0.5 0 -0.5 -0.5 0 0 0 0 0 0 -0.5
0 -0.5 0 0.5 0.5 0 0 0 0 0 0 0.5
0 -0.5 0 0.5 0.5 0 0 0 0 0 0 -0.5
0 -0.5 0 0.5 -0.5 0 0 0 0 0 0 0.5
0 -0.5 0 0.5 -0.5 0 0 0 0 0 0 -0.5
0 -0.5 0 -0.5 0.5 0 0 0 0 0 0 0.5
0 -0.5 0 -0.5 0.5 0 0 0 0 0 0 -0.5
0 -0.5 0 -0.5 -0.5 0 0 0 0 0 0 0.5
0 -0.5 0 -0.5 -0.5 0 0 0 0 0 0 -0.5
0 0.5 0 0.5 0 0.5 0.5 0 0 0 0 0
0 0.5 0 0.5 0 0.5 -0.5 0 0 0 0 0
0 0.5 0 0.5 0 -0.5 0.5 0 0 0 0 0
0 0.5 0 0.5 0 -0.5 -0.5 0 0 0 0 0
0 0.5 0 -0.5 0 0.5 0.5 0 0 0 0 0
0 0.5 0 -0.5 0 0.5 -0.5 0 0 0 0 0
0 0.5 0 -0.5 0 -0.5 0.5 0 0 0 0 0
0 0.5 0 -0.5 0 -0.5 -0.5 0 0 0 0 0
0 -0.5 0 0.5 0 0.5 0.5 0 0 0 0 0
0 -0.5 0 0.5 0 0.5 -0.5 0 0 0 0 0
0 -0.5 0 0.5 0 -0.5 0.5 0 0 0 0 0
0 -0.5 0 0.5 0 -0.5 -0.5 0 0 0 0 0
0 -0.5 0 -0.5 0 0.5 0.5 0 0 0 0 0
0 -0.5 0 -0.5 0 0.5 -0.5 0 0 0 0 0
0 -0.5 0 -0.5 0 -0.5 0.5 0 0 0 0 0
0 -0.5 0 -0.5 0 -0.5 -0.5 0 0 0 0 0
0 0.5 0 0.5 0 0 0 0.5 0 0.5 0 0
0 0.5 0 0.5 0 0 0 0.5 0 -0.5 0 0
0 0.5 0 0.5 0 0 0 -0.5 0 0.5 0 0
0 0.5 0 0.5 0 0 0 -0.5 0 -0.5 0 0
0 0.5 0 -0.5 0 0 0 0.5 0 0.5 0 0
0 0.5 0 -0.5 0 0 0 0.5 0 -0.5 0 0
0 0.5 0 -0.5 0 0 0 -0.5 0 0.5 0 0
0 0.5 0 -0.5 0 0 0 -0.5 0 -0.5 0 0
0 -0.5 0 0.5 0 0 0 0.5 0 0.5 0 0
0 -0.5 0 0.5 0 0 0 0.5 0 -0.5 0 0
0 -0.5 0 0.5 0 0 0 -0.5 0 0.5 0 0
0 -0.5 0 0.5 0 0 0 -0.5 0 -0.5 0 0
0 -0.5 0 -0.5 0 0 0 0.5 0 0.5 0 0
0 -0.5 0 -0.5 0 0 0 0.5 0 -0.5 0 0
0 -0.5 0 -0.5 0 0 0 -0.5 0 0.5 0 0
0 -0.5 0 -0.5 0 0 0 -0.5 0 -0.5 0 0
0 0.5 0 0.5 0 0 0 0 0.5 0 0.5 0
0 0.5 0 0.5 0 0 0 0 0.5 0 -0.5 0
0 0.5 0 0.5 0 0 0 0 -0.5 0 0.5 0
0 0.5 0 0.5 0 0 0 0 -0.5 0 -0.5 0
0 0.5 0 -0.5 0 0 0 0 0.5 0 0.5 0
0 0.5 0 -0.5 0 0 0 0 0.5 0 -0.5 0
0 0.5 0 -0.5 0 0 0 0 -0.5 0 0.5 0
0 0.5 0 -0.5 0 0 0 0 -0.5 0 -0.5 0
0 -0.5 0 0.5 0 0 0 0 0.5 0 0.5 0
0 -0.5 0 0.5 0 0 0 0 0.5 0 -0.5 0
0 -0.5 0 0.5 0 0 0 0 -0.5 0 0.5 0
0 -0.5 0 0.5 0 0 0 0 -0.5 0 -0.5 0
0 -0.5 0 -0.5 0 0 0 0 0.5 0 0.5 0
0 -0.5 0 -0.5 0 0 0 0 0.5 0 -0.5 0
0 -0.5 0 -0.5 0 0 0 0 -0.5 0 0.5 0
0 -0.5 0 -0.5 0 0 0 0 -0.5 0 -0.5 0
0 0.5 0 0 0.5 0 0.5 0 0.5 0 0 0
0 0.5 0 0 0.5 0 0.5 0 -0.5 0 0 0
0 0.5 0 0 0.5 0 -0.5 0 0.5 0 0 0
0 0.5 0 0 0.5 0 -0.5 0 -0.5 0 0 0
0 0.5 0 0 -0.5 0 0.5 0 0.5 0 0 0
0 0.5 0 0 -0.5 0 0.5 0 -0.5 0 0 0
0 0.5 0 0 -0.5 0 -0.5 0 0.5 0 0 0
0 0.5 0 0 -0.5 0 -0.5 0 -0.5 0 0 0
0 -0.5 0 0 0.5 0 0.5 0 0.5 0 0 0
0 -0.5 0 0 0.5 0 0.5 0 -0.5 0 0 0
0 -0.5 0 0 0.5 0 -0.5 0 0.5 0 0 0
0 -0.5 0 0 0.5 0 -0.5 0 -0.5 0 0 0
0 -0.5 0 0 -0.5 0 0.5 0 0.5 0 0 0
0 -0.5 0 0 -0.5 0 0.5 0 -0.5 0 0 0
0 -0.5 0 0 -0.5 0 -0.5 0 0.5 0 0 0
0 -0.5 0 0 -0.5 0 -0.5 0 -0.5 0 0 0
0 0.5 0 0 0.5 0 0 0 0 0.5 0.5 0
0 0.5 0 0 0.5 0 0 0 0 0.5 -0.5 0
0 0.5 0 0 0.5 0 0 0 0 -0.5 0.5 0
0 0.5 0 0 0.5 0 0 0 0 -0.5 -0.5 0
0 0.5 0 0 -0.5 0 0 0 0 0.5 0.5 0
0 0.5 0 0 -0.5 0 0 0 0 0.5 -0.5 0
0 0.5 0 0 -0.5 0 0 0 0 -0.5 0.5 0
0 0.5 0 0 -0.5 0 0 0 0 -0.5 -0.5 0
0 -0.5 0 0 0.5 0 0 0 0 0.5 0.5 0
0 -0.5 0 0 0.5 0 0 0 0 0.5 -0.5 0
0 -0.5 0 0 0.5 0 0 0 0 -0.5 0.5 0
0 -0.5 0 0 0.5 0 0 0 0 -0.5 -0.5 0
0 -0.5 0 0 -0.5 0 0 0 0 0.5 0.5 0
0 -0.5 0 0 -0.5 0 0 0 0 0.5 -0.5 0
0 -0.5 0 0 -0.5 0 0 0 0 -0.5 0.5 0
0 -0.5 0 0 -0.5 0 0 0 0 -0.5 -0.5 0
0 0.5 0 0 0 0.5 0 0.5 0 0 0.5 0
0 0.5 0 0 0 0.5 0 0.5 0 0 -0.5 0
0 0.5 0 0 0 0.5 0 -0.5 0 0 0.5 0
0 0.5 0 0 0 0.5 0 -0.5 0 0 -0.5 0
0 0.5 0 0 0 -0.5 0 0.5 0 0 0.5 0
0 0.5 0 0 0 -0.5 0 0.5 0 0 -0.5 0
0 0.5 0 0 0 -0.5 0 -0.5 0 0 0.5 0
0 0.5 0 0 0 -0.5 0 -0.5 0 0 -0.5 0
0 -0.5 0 0 0 0.5 0 0.5 0 0 0.5 0
0 -0.5 0 0 0 0.5 0 0.5 0 0 -0.5 0
0 -0.5 0 0 0 0.5 0 -0.5 0 0 0.5 0
0 -0.5 0 0 0 0.5 0 -0.5 0 0 -0.5 0
0 -0.5 0 0 0 -0.5 0 0.5 0 0 0.5 0
0 -0.5 0 0 0 -0.5 0 0.5 0 0 -0.5 0
0 -0.5 0 0 0 -0.5 0 -0.5 0 0 0.5 0
0 -0.5 0 0 0 -0.5 0 -0.5 0 0 -0.5 0
0 0.5 0 0 0 0 0 0.5 0.5 0 0 0.5
0 0.5 0 0 0 0 0 0.5 0.5 0 0 -0.5
0 0.5 0 0 0 0 0 0.5 -0.5 0 0 0.5
0 0.5 0 0 0 0 0 0.5 -0.5 0 0 -0.5
0 0.5 0 0 0 0 0 -0.5 0.5 0 0 0.5
0 0.5 0 0 0 0 0 -0.5 0.5 0 0 -0.5
0 0.5 0 0 0 0 0 -0.5 -0.5 0 0 0.5
0 0.5 0 0 0 0 0 -0.5 -0.5 0 0 -0.5
0 -0.5 0 0 0 0 0 0.5 0.5 0 0 0.5
0 -0.5 0 0 0 0 0 0.5 0.5 0 0 -0.5
0 -0.5 0 0 0 0 0 0.5 -0.5 0 0 0.5
0 -0.5 0 0 0 0 0 0.5 -0.5 0 0 -0.5
0 -0.5 0 0 0 0 0 -0.5 0.5 0 0 0.5
0 -0.5 0 0 0 0 0 -0.5 0.5 0 0 -0.5
0 -0.5 0 0 0 0 0 -0.5 -0.5 0 0 0.5
0 -0.5 0 0 0 0 0 -0.5 -0.5 0 0 -0.5
0 0 0.5 0.5 0.5 0 0 0.5 0 0 0 0
0 0 0.5 0.5 0.5 0 0 -0.5 0 0 0 0
0 0 0.5 0.5 -0.5 0 0 0.5 0 0 0 0
0 0 0.5 0.5 -0.5 0 0 -0.5 0 0 0 0
0 0 0.5 -0.5 0.5 0 0 0.5 0 0 0 0
0 0 0.5 -0.5 0.5 0 0 -0.5 0 0 0 0
0 0 0.5 -0.5 -0.5 0 0 0.5 0 0 0 0
0 0 0.5 -0.5 -0.5 0 0 -0.5 0 0 0 0
0 0 -0.5 0.5 0.5 0 0 0.5 0 0 0 0
0 0 -0.5 0.5 0.5 0 0 -0.5 0 0 0 0
0 0 -0.5 0.5 -0.5 0 0 0.5 0 0 0 0
0 0 -0.5 0.5 -0.5 0 0 -0.5 0 0 0 0
0 0 -0.5 -0.5 0.5 0 0 0.5 0 0 0 0
0 0 -0.5 -0.5 0.5 0 0 -0.5 0 0 0 0
0 0 -0.5 -0.5 -0.5 0 0 0.5 0 0 0 0
0 0 -0.5 -0.5 -0.5 0 0 -0.5 0 0 0 0
0 0 0.5 0.5 0 0.5 0 0 0 0 0.5 0
0 0 0.5 0.5 0 0.5 0 0 0 0 -0.5 0
0 0 0.5 0.5 0 -0.5 0 0 0 0 0.5 0
0 0 0.5 0.5 0 -0.5 0 0 0 0 -0.5 0
0 0 0.5 -0.5 0 0.5 0 0 0 0 0.5 0
0 0 0.5 -0.5 0 0.5 0 0 0 0 -0.5 0
0 0 0.5 -0.5 0 -0.5 0 0 0 0 0.5 0
0 0 0.5 -0.5 0 -0.5 0 0 0 0 -0.5 0
0 0 -0.5 0.5 0 0.5 0 0 0 0 0.5 0
0 0 -0.5 0.5 0 0.5 0 0 0 0 -0.5 0
0 0 -0.5 0.5 0 -0.5 0 0 0 0 0.5 0
0 0 -0.5 0.5 0 -0.5 0 0 0 0 -0.5 0
0 0 -0.5 -0.5 0 0.5 0 0 0 0 0.5 0
0 0 -0.5 -0.5 0 0.5 0 0 0 0 -0.5 0
0 0 -0.5 -0.5 0 -0.5 0 0 0 0 0.5 0
0 0 -0.5 -0.5 0 -0.5 0 0 0 0 -0.5 0
0 0 0.5 0.5 0 0 0.5 0 0.5 0 0 0
0 0 0.5 0.5 0 0 0.5 0 -0.5 0 0 0
0 0 0.5 0.5 0 0 -0.5 0 0.5 0 0 0
0 0 0.5 0.5 0 0 -0.5 0 -0.5 0 0 0
0 0 0.5 -0.5 0 0 0.5 0 0.5 0 0 0
0 0 0.5 -0.5 0 0 0.5 0 -0.5 0 0 0
0 0 0.5 -0.5 0 0 -0.5 0 0.5 0 0 0
0 0 0.5 -0.5 0 0 -0.5 0 -0.5 0 0 0
0 0 -0.5 0.5 0 0 0.5 0 0.5 0 0 0
0 0 -0.5 0.5 0 0 0.5 0 -0.5 0 0 0
0 0 -0.5 0.5 0 0 -0.5 0 0.5 0 0 0
0 0 -0.5 0.5 0 0 -0.5 0 -0.5 0 0 0
0 0 -0.5 -0.5 0 0 0.5 0 0.5 0 0 0
0 0 -0.5 -0.5 0 0 0.5 0 -0.5 0 0 0
0 0 -0.5 -0.5 0 0 -0.5 0 0.5 0 0 0
0 0 -0.5 -0.5 0 0 -0.5 0 -0.5 0 0 0
0 0 0.5 0.5 0 0 0 0 0 0.5 0 0.5
0 0 0.5 0.5 0 0 0 0 0 0.5 0 -0.5
0 0 0.5 0.5 0 0 0 0 0 -0.5 0 0.5
0 0 0.5 0.5 0 0 0 0 0 -0.5 0 -0.5
0 0 0.5 -0.5 0 0 0 0 0 0.5 0 0.5
0 0 0.5 -0.5 0 0 0 0 0 0.5 0 -0.5
0 0 0.5 -0.5 0 0 0 0 0 -0.5 0 0.5
0 0 0.5 -0.5 0 0 0 0 0 -0.5 0 -0.5
0 0 -0.5 0.5 0 0 0 0 0 0.5 0 0.5
0 0 -0.5 0.5 0 0 0 0 0 0.5 0 -0.5
0 0 -0.5 0.5 0 0 0 0 0 -0.5 0 0.5
0 0 -0.5 0.5 0 0 0 0 0 -0.5 0 -0.5
0 0 -0.5 -0.5 0 0 0 0 0 0.5 0 0.5
0 0 -0.5 -0.5 0 0 0 0 0 0.5 0 -0.5
0 0 -0.5 -0.5 0 0 0 0 0 -0.5 0 0.5
0 0 -0.5 -0.5 0 0 0 0 0 -0.5 0 -0.5
0 0 0.5 0 0.5 0 0.5 0 0 0 0.5 0
0 0 0.5 0 0.5 0 0.5 0 0 0 -0.5 0
0 0 0.5 0 0.5 0 -0.5 0 0 0 0.5 0
0 0 0.5 0 0.5 0 -0.5 0 0 0 -0.5 0
0 0 0.5 0 -0.5 0 0.5 0 0 0 0.5 0
0 0 0.5 0 -0.5 0 0.5 0 0 0 -0.5 0
0 0 0.5 0 -0.5 0 -0.5 0 0 0 0.5 0
0 0 0.5 0 -0.5 0 -0.5 0 0 0 -0.5 0
0 0 -0.5 0 0.5 0 0.5 0 0 0 0.5 0
0 0 -0.5 0 0.5 0 0.5 0 0 0 -0.5 0
0 0 -0.5 0 0.5 0 -0.5 0 0 0 0.5 0
0 0 -0.5 0 0.5 0 -0.5 0 0 0 -0.5 0
0 0 -0.5 0 -0.5 0 0.5 0 0 0 0.5 0
0 0 -0.5 0 -0.5 0 0.5 0 0 0 -0.5 0
0 0 -0.5 0 -0.5 0 -0.5 0 0 0 0.5 0
0 0 -0.5 0 -0.5 0 -0.5 0 0 0 -0.5 0
0 0 0.5 0 0.5 0 0 0 0.5 0 0 0.5
0 0 0.5 0 0.5 0 0 0 0.5 0 0 -0.5
0 0 0.5 0 0.5 0 0 0 -0.5 0 0 0.5
0 0 0.5 0 0.5 0 0 0 -0.5 0 0 -0.5
0 0 0.5 0 -0.5 0 0 0 0.5 0 0 0.5
0 0 0.5 0 -0.5 0 0 0 0.5 0 0 -0.5
0 0 0.5 0 -0.5 0 0 0 -0.5 0 0 0.5
0 0 0.5 0 -0.5 0 0 0 -0.5 0 0 -0.5
0 0 -0.5 0 0.5 0 0 0 0.5 0 0 0.5
0 0 -0.5 0 0.5 0 0 0 0.5 0 0 -0.5
0 0 -0.5 0 0.5 0 0 0 -0.5 0 0 0.5
0 0 -0.5 0 0.5 0 0 0 -0.5 0 0 -0.5
0 0 -0.5 0 -0.5 0 0 0 0.5 0 0 0.5
0 0 -0.5 0 -0.5 0 0 0 0.5 0 0 -0.5
0 0 -0.5 0 -0.5 0 0 0 -0.5 0 0 0.5
0 0 -0.5 0 -0.5 0 0 0 -0.5 0 0 -0.5
0 0 0.5 0 0 0.5 0 0.5 0.5 0 0 0
0 0 0.5 0 0 0.5 0 0.5 -0.5 0 0 0
0 0 0.5 0 0 0.5 0 -0.5 0.5 0 0 0
0 0 0.5 0 0 0.5 0 -0.5 -0.5 0 0 0
0 0 0.5 0 0 -0.5 0 0.5 0.5 0 0 0
0 0 0.5 0 0 -0.5 0 0.5 -0.5 0 0 0
0 0 0.5 0 0 -0.5 0 -0.5 0.5 0 0 0
0 0 0.5 0 0 -0.5 0 -0.5 -0.5 0 0 0
0 0 -0.5 0 0 0.5 0 0.5 0.5 0 0 0
0 0 -0.5 0 0 0.5 0 0.5 -0.5 0 0 0
0 0 -0.5 0 0 0.5 0 -0.5 0.5 0 0 0
0 0 -0.5 0 0 0.5 0 -0.5 -0.5 0 0 0
0 0 -0.5 0 0 -0.5 0 0.5 0.5 0 0 0
0 0 -0.5 0 0 -0.5 0 0.5 -0.5 0 0 0
0 0 -0.5 0 0 -0.5 0 -0.5 0.5 0 0 0
0 0 -0.5 0 0 -0.5 0 -0.5 -0.5 0 0 0
0 0 0.5 0 0 0 0 0.5 0 0.5 0.5 0
0 0 0.5 0 0 0 0 0.5 0 0.5 -0.5 0
0 0 0.5 0 0 0 0 0.5 0 -0.5 0.5 0
0 0 0.5 0 0 0 0 0.5 0 -0.5 -0.5 0
0 0 0.5 0 0 0 0 -0.5 0 0.5 0.5 0
0 0 0.5 0 0 0 0 -0.5 0 0.5 -0.5 0
0 0 0.5 0 0 0 0 -0.5 0 -0.5 0.5 0
0 0 0.5 0 0 0 0 -0.5 0 -0.5 -0.5 0
0 0 -0.5 0 0 0 0 0.5 0 0.5 0.5 0
0 0 -0.5 0 0 0 0 0.5 0 0.5 -0.5 0
0 0 -0.5 0 0 0 0 0.5 0 -0.5 0.5 0
0 0 -0.5 0 0 0 0 0.5 0 -0.5 -0.5 0
0 0 -0.5 0 0 0 0 -0.5 0 0.5 0.5 0
0 0 -0.5 0 0 0 0 -0.5 0 0.5 -0.5 0
0 0 -0.5 0 0 0 0 -0.5 0 -0.5 0.5 0
0 0 -0.5 0 0 0 0 -0.5 0 -0.5 -0.5 0
0 0 0 0.5 0.5 0.5 0 0 0 0.5 0 0
0 0 0 0.5 0.5 0.5 0 0 0 -0.5 0 0
0 0 0 0.5 0.5 -0.5 0 0 0 0.5 0 0
0 0 0 0.5 0.5 -0.5 0 0 0 -0.5 0 0
0 0 0 0.5 -0.5 0.5 0 0 0 0.5 0 0
0 0 0 0.5 -0.5 0.5 0 0 0 -0.5 0 0
0 0 0 0.5 -0.5 -0.5 0 0 0 0.5 0 0
0 0 0 0.5 -0.5 -0.5 0 0 0 -0.5 0 0
0 0 0 -0.5 0.5 0.5 0 0 0 0.5 0 0
0 0 0 -0.5 0.5 0.5 0 0 0 -0.5 0 0
0 0 0 -0.5 0.5 -0.5 0 0 0 0.5 0 0
0 0 0 -0.5 0.5 -0.5 0 0 0 -0.5 0 0
0 0 0 -0.5 -0.5 0.5 0 0 0 0.5 0 0
0 0 0 -0.5 -0.5 0.5 0 0 0 -0.5 0 0
0 0 0 -0.5 -0.5 -0.5 0 0 0 0.5 0 0
0 0 0 -0.5 -0.5 -0.5 0 0 0 -0.5 0 0
0 0 0 0.5 0 0.5 0 0 0.5 0 0 0.5
0 0 0 0.5 0 0.5 0 0 0.5 0 0 -0.5
0 0 0 0.5 0 0.5 0 0 -0.5 0 0 0.5
0 0 0 0.5 0 0.5 0 0 -0.5 0 0 -0.5
0 0 0 0.5 0 -0.5 0 0 0.5 0 0 0.5
0 0 0 0.5 0 -0.5 0 0 0.5 0 0 -0.5
0 0 0 0.5 0 -0.5 0 0 -0.5 0 0 0.5
0 0 0 0.5 0 -0.5 0 0 -0.5 0 0 -0.5
0 0 0 -0.5 0 0.5 0 0 0.5 0 0 0.5
0 0 0 -0.5 0 0.5 0 0 0.5 0 0 -0.5
0 0 0 -0.5 0 0.5 0 0 -0.5 0 0 0.5
0 0 0 -0.5 0 0.5 0 0 -0.5 0 0 -0.5
0 0 0 -0.5 0 -0.5 0 0 0.5 0 0 0.5
0 0 0 -0.5 0 -0.5 0 0 0.5 0 0 -0.5
0 0 0 -0.5 0 -0.5 0 0 -0.5 0 0 0.5
0 0 0 -0.5 0 -0.5 0 0 -0.5 0 0 -0.5
0 0 0 0.5 0 0 0.5 0.5 0 0 0 0.5
0 0 0 0.5 0 0 0.5 0.5 0 0 0 -0.5
0 0 0 0.5 0 0 0.5 -0.5 0 0 0 0.5
0 0 0 0.5 0 0 0.5 -0.5 0 0 0 -0.5
0 0 0 0.5 0 0 -0.5 0.5 0 0 0 0.5
0 0 0 0.5 0 0 -0.5 0.5 0 0 0 -0.5
0 0 0 0.5 0 0 -0.5 -0.5 0 0 0 0.5
0 0 0 0.5 0 0 -0.5 -0.5 0 0 0 -0.5
0 0 0 -0.5 0 0 0.5 0.5 0 0 0 0.5
0 0 0 -0.5 0 0 0.5 0.5 0 0 0 -0.5
0 0 0 -0.5 0 0 0.5 -0.5 0 0 0 0.5
0 0 0 -0.5 0 0 0.5 -0.5 0 0 0 -0.5
0 0 0 -0.5 0 0 -0.5 0.5 0 0 0 0.5
0 0 0 -0.5 0 0 -0.5 0.5 0 0 0 -0.5
0 0 0 -0.5 0 0 -0.5 -0.5 0 0 0 0.5
0 0 0 -0.5 0 0 -0.5 -0.5 0 0 0 -0.5
0 0 0 0.5 0 0 0.5 0 0 0.5 0.5 0
0 0 0 0.5 0 0 0.5 0 0 0.5 -0.5 0
0 0 0 0.5 0 0 0.5 0 0 -0.5 0.5 0
0 0 0 0.5 0 0 0.5 0 0 -0.5 -0.5 0
0 0 0 0.5 0 0 -0.5 0 0 0.5 0.5 0
0 0 0 0.5 0 0 -0.5 0 0 0.5 -0.5 0
0 0 0 0.5 0 0 -0.5 0 0 -0.5 0.5 0
0 0 0 0.5 0 0 -0.5 0 0 -0.5 -0.5 0
0 0 0 -0.5 0 0 0.5 0 0 0.5 0.5 0
0 0 0 -0.5 0 0 0.5 0 0 0.5 -0.5 0
0 0 0 -0.5 0 0 0.5 0 0 -0.5 0.5 0
0 0 0 -0.5 0 0 0.5 0 0 -0.5 -0.5 0
0 0 0 -0.5 0 0 -0.5 0 0 0.5 0.5 0
0 0 0 -0.5 0 0 -0.5 0 0 0.5 -0.5 0
0 0 0 -0.5 0 0 -0.5 0 0 -0.5 0.5 0
0 0 0 -0.5 0 0 -0.5 0 0 -0.5 -0.5 0
0 0 0 0 0.5 0.5 0.5 0.5 0 0 0 0
0 0 0 0 0.5 0.5 0.5 -0.5 0 0 0 0
0 0 0 0 0.5 0.5 -0.5 0.5 0 0 0 0
0 0 0 0 0.5 0.5 -0.5 -0.5 0 0 0 0
0 0 0 0 0.5 -0.5 0.5 0.5 0 0 0 0
0 0 0 0 0.5 -0.5 0.5 -0.5 0 0 0 0
0 0 0 0 0.5 -0.5 -0.5 0.5 0 0 0 0
0 0 0 0 0.5 -0.5 -0.5 -0.5 0 0 0 0
0 0 0 0 -0.5 0.5 0.5 0.5 0 0 0 0
0 0 0 0 -0.5 0.5 0.5 -0.5 0 0 0 0
0 0 0 0 -0.5 0.5 -0.5 0.5 0 0 0 0
0 0 0 0 -0.5 0.5 -0.5 -0.5 0 0 0 0
0 0 0 0 -0.5 -0.5 0.5 0.5 0 0 0 0
0 0 0 0 -0.5 -0.5 0.5 -0.5 0 0 0 0
0 0 0 0 -0.5 -0.5 -0.5 0.5 0 0 0 0
0 0 0 0 -0.5 -0.5 -0.5 -0.5 0 0 0 0
0 0 0 0 0.5 0.5 0 0 0.5 0 0.5 0
0 0 0 0 0.5 0.5 0 0 0.5 0 -0.5 0
0 0 0 0 0.5 0.5 0 0 -0.5 0 0.5 0
0 0 0 0 0.5 0.5 0 0 -0.5 0 -0.5 0
0 0 0 0 0.5 -0.5 0 0 0.5 0 0.5 0
0 0 0 0 0.5 -0.5 0 0 0.5 0 -0.5 0
0 0 0 0 0.5 -0.5 0 0 -0.5 0 0.5 0
0 0 0 0 0.5 -0.5 0 0 -0.5 0 -0.5 0
0 0 0 0 -0.5 0.5 0 0 0.5 0 0.5 0
0 0 0 0 -0.5 0.5 0 0 0.5 0 -0.5 0
0 0 0 0 -0.5 0.5 0 0 -0.5 0 0.5 0
0 0 0 0 -0.5 0.5 0 0 -0.5 0 -0.5 0
0 0 0 0 -0.5 -0.5 0 0 0.5 0 0.5 0
0 0 0 0 -0.5 -0.5 0 0 0.5 0 -0.5 0
0 0 0 0 -0.5 -0.5 0 0 -0.5 0 0.5 0
0 0 0 0 -0.5 -0.5 0 0 -0.5 0 -0.5 0
0 0 0 0 0.5 0 0.5 0 0 0.5 0 0.5
0 0 0 0 0.5 0 0.5 0 0 0.5 0 -0.5
0 0 0 0 0.5 0 0.5 0 0 -0.5 0 0.5
0 0 0 0 0.5 0 0.5 0 0 -0.5 0 -0.5
0 0 0 0 0.5 0 -0.5 0 0 0.5 0 0.5
0 0 0 0 0.5 0 -0.5 0 0 0.5 0 -0.5
0 0 0 0 0.5 0 -0.5 0 0 -0.5 0 0.5
0 0 0 0 0.5 0 -0.5 0 0 -0.5 0 -0.5
0 0 0 0 -0.5 0 0.5 0 0 0.5 0 0.5
0 0 0 0 -0.5 0 0.5 0 0 0.5 0 -0.5
0 0 0 0 -0.5 0 0.5 0 0 -0.5 0 0.5
0 0 0 0 -0.5 0 0.5 0 0 -0.5 0 -0.5
0 0 0 0 -0.5 0 -0.5 0 0 0.5 0 0.5
0 0 0 0 -0.5 0 -0.5 0 0 0.5 0 -0.5
0 0 0 0 -0.5 0 -0.5 0 0 -0.5 0 0.5
0 0 0 0 -0.5 0 -0.5 0 0 -0.5 0 -0.5
0 0 0 0 0.5 0 0 0.5 0.5 0.5 0 0
0 0 0 0 0.5 0 0 0.5 0.5 -0.5 0 0
0 0 0 0 0.5 0 0 0.5 -0.5 0.5 0 0
0 0 0 0 0.5 0 0 0.5 -0.5 -0.5 0 0
0 0 0 0 0.5 0 0 -0.5 0.5 0.5 0 0
0 0 0 0 0.5 0 0 -0.5 0.5 -0.5 0 0
0 0 0 0 0.5 0 0 -0.5 -0.5 0.5 0 0
0 0 0 0 0.5 0 0 -0.5 -0.5 -0.5 0 0
0 0 0 0 -0.5 0 0 0.5 0.5 0.5 0 0
0 0 0 0 -0.5 0 0 0.5 0.5 -0.5 0 0
0 0 0 0 -0.5 0 0 0.5 -0.5 0.5 0 0
0 0 0 0 -0.5 0 0 0.5 -0.5 -0.5 0 0
0 0 0 0 -0.5 0 0 -0.5 0.5 0.5 0 0
0 0 0 0 -0.5 0 0 -0.5 0.5 -0.5 0 0
0 0 0 0 -0.5 0 0 -0.5 -0.5 0.5 0 0
0 0 0 0 -0.5 0 0 -0.5 -0.5 -0.5 0 0
0 0 0 0 0.5 0 0 0.5 0 0 0.5 0.5
0 0 0 0 0.5 0 0 0.5 0 0 0.5 -0.5
0 0 0 0 0.5 0 0 0.5 0 0 -0.5 0.5
0 0 0 0 0.5 0 0 0.5 0 0 -0.5 -0.5
0 0 0 0 0.5 0 0 -0.5 0 0 0.5 0.5
0 0 0 0 0.5 0 0 -0.5 0 0 0.5 -0.5
0 0 0 0 0.5 0 0 -0.5 0 0 -0.5 0.5
0 0 0 0 0.5 0 0 -0.5 0 0 -0.5 -0.5
0 0 0 0 -0.5 0 0 0.5 0 0 0.5 0.5
0 0 0 0 -0.5 0 0 0.5 0 0 0.5 -0.5
0 0 0 0 -0.5 0 0 0.5 0 0 -0.5 0.5
0 0 0 0 -0.5 0 0 0.5 0 0 -0.5 -0.5
0 0 0 0 -0.5 0 0 -0.5 0 0 0.5 0.5
0 0 0 0 -0.5 0 0 -0.5 0 0 0.5 -0.5
0 0 0 0 -0.5 0 0 -0.5 0 0 -0.5 0.5
0 0 0 0 -0.5 0 0 -0.5 0 0 -0.5 -0.5
0 0 0 0 0 0.5 0.5 0 0.5 0.5 0 0
0 0 0 0 0 0.5 0.5 0 0.5 -0.5 0 0
0 0 0 0 0 0.5 0.5 0 -0.5 0.5 0 0
0 0 0 0 0 0.5 0.5 0 -0.5 -0.5 0 0
0 0 0 0 0 0.5 -0.5 0 0.5 0.5 0 0
0 0 0 0 0 0.5 -0.5 0 0.5 -0.5 0 0
0 0 0 0 0 0.5 -0.5 0 -0.5 0.5 0 0
0 0 0 0 0 0.5 -0.5 0 -0.5 -0.5 0 0
0 0 0 0 0 -0.5 0.5 0 0.5 0.5 0 0
0 0 0 0 0 -0.5 0.5 0 0.5 -0.5 0 0
0 0 0 0 0 -0.5 0.5 0 -0.5 0.5 0 0
0 0 0 0 0 -0.5 0.5 0 -0.5 -0.5 0 0
0 0 0 0 0 -0.5 -0.5 0 0.5 0.5 0 0
0 0 0 0 0 -0.5 -0.5 0 0.5 -0.5 0 0
0 0 0 0 0 -0.5 -0.5 0 -0.5 0.5 0 0
0 0 0 0 0 -0.5 -0.5 0 -0.5 -0.5 0 0
0 0 0 0 0 0.5 0.5 0 0 0 0.5 0.5
0 0 0 0 0 0.5 0.5 0 0 0 0.5 -0.5
0 0 0 0 0 0.5 0.5 0 0 0 -0.5 0.5
0 0 0 0 0 0.5 0.5 0 0 0 -0.5 -0.5
0 0 0 0 0 0.5 -0.5 0 0 0 0.5 0.5
0 0 0 0 0 0.5 -0.5 0 0 0 0.5 -0.5
0 0 0 0 0 0.5 -0.5 0 0 0 -0.5 0.5
0 0 0 0 0 0.5 -0.5 0 0 0 -0.5 -0.5
0 0 0 0 0 -0.5 0.5 0 0 0 0.5 0.5
0 0 0 0 0 -0.5 0.5 0 0 0 0.5 -0.5
0 0 0 0 0 -0.5 0.5 0 0 0 -0.5 0.5
0 0 0 0 0 -0.5 0.5 0 0 0 -0.5 -0.5
0 0 0 0 0 -0.5 -0.5 0 0 0 0.5 0.5
0 0 0 0 0 -0.5 -0.5 0 0 0 0.5 -0.5
0 0 0 0 0 -0.5 -0.5 0 0 0 -0.5 0.5
0 0 0 0 0 -0.5 -0.5 0 0 0 -0.5 -0.5
0 0 0 0 0 0.5 0 0.5 0 0.5 0 0.5
0 0 0 0 0 0.5 0 0.5 0 0.5 0 -0.5
0 0 0 0 0 0.5 0 0.5 0 -0.5 0 0.5
0 0 0 0 0 0.5 0 0.5 0 -0.5 0 -0.5
0 0 0 0 0 0.5 0 -0.5 0 0.5 0 0.5
0 0 0 0 0 0.5 0 -0.5 0 0.5 0 -0.5
0 0 0 0 0 0.5 0 -0.5 0 -0.5 0 0.5
0 0 0 0 0 0.5 0 -0.5 0 -0.5 0 -0.5
0 0 0 0 0 -0.5 0 0.5 0 0.5 0 0.5
0 0 0 0 0 -0.5 0 0.5 0 0.5 0 -0.5
0 0 0 0 0 -0.5 0 0.5 0 -0.5 0 0.5
0 0 0 0 0 -0.5 0 0.5 0 -0.5 0 -0.5
0 0 0 0 0 -0.5 0 -0.5 0 0.5 0 0.5
0 0 0 0 0 -0.5 0 -0.5 0 0.5 0 -0.5
0 0 0 0 0 -0.5 0 -0.5 0 -0.5 0 0.5
0 0 0 0 0 -0.5 0 -0.5 0 -0.5 0 -0.5
0 0 0 0 0 0 0.5 0.5 0.5 0 0.5 0
0 0 0 0 0 0 0.5 0.5 0.5 0 -0.5 0
0 0 0 0 0 0 0.5 0.5 -0.5 0 0.5 0
0 0 0 0 0 0 0.5 0.5 -0.5 0 -0.5 0
0 0 0 0 0 0 0.5 -0.5 0.5 0 0.5 0
0 0 0 0 0 0 0.5 -0.5 0.5 0 -0.5 0
0 0 0 0 0 0 0.5 -0.5 -0.5 0 0.5 0
0 0 0 0 0 0 0.5 -0.5 -0.5 0 -0.5 0
0 0 0 0 0 0 -0.5 0.5 0.5 0 0.5 0
0 0 0 0 0 0 -0.5 0.5 0.5 0 -0.5 0
0 0 0 0 0 0 -0.5 0.5 -0.5 0 0.5 0
0 0 0 0 0 0 -0.5 0.5 -0.5 0 -0.5 0
0 0 0 0 0 0 -0.5 -0.5 0.5 0 0.5 0
0 0 0 0 0 0 -0.5 -0.5 0.5 0 -0.5 0
0 0 0 0 0 0 -0.5 -0.5 -0.5 0 0.5 0
0 0 0 0 0 0 -0.5 -0.5 -0.5 0 -0.5 0
0.28858438141363496 0.2885843624380463 0.28858436243802854 -0.28858438144378468 -0.28858438132673297 0.288584360692414 -0.28858436053812775 -0.28858438135112763 0.28885658250926272 0.28885656811416238 0.28885658242042106 -0.28885656822211492
4.7954105092496254e-18 0.40824829046386302 -0.40824829046386307 -1.4434815027966386e-17 4.2999932671116228e-17 -0.40824829046386302 0.40824829046386302 7.9715786716997002e-17 3.6524776154829709e-18 0.40824829046386302 -3.6431581563760507e-17 -0.40824829046386291
2.969534627685282e-05 2.9360447908024743e-05 -3.0018987296299233e-05 -2.9368635932146143e-05 2.9679288173681341e-05 -3.00189583446804e-05 -2.9356334615683023e-05 -2.9368622974793883e-05 0.50062950113960725 -0.49980022441741473 -0.49989179680356721 -0.49967791899952591
4.2390868729708796e-07 3.9127491509676268e-05 3.9379846906875233e-05 -2.9829134276836203e-05 -4.8126375692461987e-07 3.9380634235953821e-05 -3.9303140802976239e-05 -2.9829149740534776e-05 -5.8463549703182569e-05 2.702132786088842e-05 -6.9445700397050683e-05 -0.99999999153594243
2.8859549760152169e-05 2.8598397156246e-05 -2.9175638229348573e-05 -2.8605614163883133e-05 2.891153162154882e-05 -2.9175653244437507e-05 -2.8594289632812211e-05 -2.8605584905389162e-05 0.50001242938633261 0.49991343350259038 -0.50003795925933614 0.50003616081173385
0.28858438828126121 0.28858437312394453 -0.28858437294650052 -0.28858438827271193 0.28858438814051091 -0.28858437557098998 -0.28858437559816985 -0.28858438814089593 0.28885653464483707 -0.28885657676988702 -0.28885653471314127 0.28885657677891302
-5.2608537543565877e-08 -3.6946757438259591e-07 -2.941491796830757e-07 3.5364812055024896e-07 -8.2355281159387697e-09 -2.942307445133564e-07 3.7352729885848968e-07 3.5360869637415053e-07 -0.50067395145597082 -0.49981344058623428 0.49975516184050739 -0.49975683802813659
-2.8845308526024647e-05 2.8539405431026492e-05 2.8783156899430377e-05 -2.854422197145785e-05 2.8597684099074552e-05 2.8783863442681288e-05 -2.8535440214348495e-05 -2.8544250991226778e-05 -0.50099781092335094 -0.49993645829010153 -0.50006333093422684 -0.49900039039278282
-4.5093177045941784e-06 5.4279093040667205e-05 5.4711360198186706e-05 -5.4522819749440689e-05 4.5101214997421122e-06 5.4712631798930427e-05 -5.4713644214103947e-05 -5.4522797251672392e-05 -0.5006771259055729 0.49983360246213426 0.49970947437067736 -0.49977915998577355
-2.1873906699403564e-06 3.93676762217714e-05 3.961867057968229e-05 -2.9985392364315292e-05 2.1275896672081021e-06 3.9619467604024899e-05 -3.9538798751837052e-05 -2.9985404633705623e-05 -0.00048780257719225429 0.99999966211218883 -0.00049872290643812101 0.00042548746771032501
-1.5042189009167966e-07 -1.6047740809564856e-07 1.0905516693373283e-07 1.4897401025229321e-07 -7.9417760432957218e-08 1.0908346155453797e-07 1.6045870029529685e-07 1.4896635264012455e-07 -0.50097751051774164 -0.49999064551191852 0.49898213622788795 0.50004771380471891
1.5579706919160644e-05 2.0487453167240765e-05 -2.0555105900805814e-05 -1.5580302772324688e-05 1.563097080998371e-05 -2.0555125526346759e-05 -2.0487484863732628e-05 -1.5580305871024662e-05 -0.00099673737873032676 -3.5659137353998352e-05 -0.001072841956164421 0.99999892579748118
1.9941915078482187e-05 1.5103179229159418e-05 1.5158794142560475e-05 -1.9864033946650546e-05 -2.001923532513141e-05 1.515906886512484e-05 -1.5101825397733684e-05 -1.9864046723825477e-05 -5.9504489311112677e-05 2.6983276989866626e-05 0.99999999454445276 6.4333859198565779e-05
0.020787794853245944 -0.020787977205700772 -0.020787753941265787 0.02078792393484144 -0.020787812945195053 -0.020787873747528992 0.020787892299269233 0.020787905346950915 -0.49927312212243041 0.49913477673502687 -0.49913123966131556 -0.49900074802589001
-0.28858438678077575 0.28858435643827157 0.28858435646241387 -0.28858438678017673 0.28858439094026428 0.28858435159357321 -0.2885843515699697 -0.28858439093158889 -0.28885658059935621 0.28885657024656564 -0.28885658046132884 -0.28885657010343402
2.9604657399091229e-05 2.9528877183454812e-05 2.9840763149973895e-05 -2.9543349623682353e-05 -2.9903695836027129e-05 2.9841536308241453e-05 -2.9524559742315843e-05 -2.9543311080977284e-05 0.5006346343487087 0.49980885648634016 0.49974834493697989 0.49980761754916786
1.6088426479075958e-05 2.1073635045830988e-05 -2.1225153099171413e-05 -1.6028810730081962e-05 1.6081279721395749e-05 -2.1225177612651391e-05 -2.1073705935283756e-05 -1.6028811301530046e-05 -0.00044689336846819288 -0.99999962836633538 -0.00052276013050818774 0.0005171603709638894
-0.020787927153992095 -0.020788070469969066 -0.020787876105842134 0.020788031061495085 0.020787928334360158 -0.020787982936738503 0.020787981472926147 0.020788030610460011 0.49922291476202091 0.49911609796070044 0.49910044053436331 -0.49910042274514121
-7.8800189794439866e-08 3.1030343935748973e-05 7.0613311904556874e-09 -4.0815158214290622e-05 4.0884063538885609e-05 7.2599717811391193e-09 -3.1029098944531866e-05 -4.0815068678102771e-05 -0.0010341276554186928 4.7395857172875e-06 -0.99999892402759549 0.0010370979861252551
4.9223566702800878e-06 5.3959167049986694e-05 5.4694029189316086e-05 -5.4195331479522737e-05 -5.2389717489825359e-06 5.4695325642905596e-05 -5.4393403827885715e-05 -5.4195316216039246e-05 0.50063188261644676 0.49980590388563662 -0.49980979582142998 -0.49975186519984338
-0.020787955263972858 -0.020787966581301581 0.020787948248091069 0.020787970062518542 -0.020787964045434679 0.020787948034454724 0.020787966414353272 0.02078796278291821 0.49913280689999329 -0.49912751003559491 -0.49914035817305108 0.49913921739070549
2.9520913091568408e-05 2.951290186227913e-05 -2.9823929149363266e-05 -2.9521568517498833e-05 2.9853095889874031e-05 -2.9823928978340917e-05 -2.9512982492420982e-05 -2.9521530371082766e-05 0.50063128950769276 -0.49980029702955131 0.49967800469798967 0.49988984751580678
-1.0260856613771222e-07 -3.1032407737897398e-07 -2.31791345521994e-07 2.9201154744521987e-07 3.9151862973735518e-08 -2.3186253529469639e-07 3.144502448381355e-07 2.9206404594456275e-07 -0.50097712395515026 0.49999212399400206 0.49897945513570069 0.5000492981392799
2.9572387352381748e-05 2.9499410381595002e-05 2.9821884215085639e-05 -2.9514562610885216e-05 -2.9880865247205083e-05 2.9822647159851607e-05 -2.9495184540613816e-05 -2.9514572424371561e-05 0.50066969490838709 -0.4997737465767082 0.49977788526349748 -0.49977806795220764
