2 0 0 0 0 0 0 0 0 0 0
-2 0 0 0 0 0 0 0 0 0 0
0 2 0 0 0 0 0 0 0 0 0
0 -2 0 0 0 0 0 0 0 0 0
0 0 2 0 0 0 0 0 0 0 0
0 0 -2 0 0 0 0 0 0 0 0
0 0 0 2 0 0 0 0 0 0 0
0 0 0 -2 0 0 0 0 0 0 0
0 0 0 0 2 0 0 0 0 0 0
0 0 0 0 -2 0 0 0 0 0 0
0 0 0 0 0 2 0 0 0 0 0
0 0 0 0 0 -2 0 0 0 0 0
0 0 0 0 0 0 2 0 0 0 0
0 0 0 0 0 0 -2 0 0 0 0
0 0 0 0 0 0 0 2 0 0 0
0 0 0 0 0 0 0 -2 0 0 0
1 1 1 1 0 0 0 0 0 0 0
1 1 1 -1 0 0 0 0 0 0 0
1 1 -1 1 0 0 0 0 0 0 0
1 1 -1 -1 0 0 0 0 0 0 0
1 -1 1 1 0 0 0 0 0 0 0
1 -1 1 -1 0 0 0 0 0 0 0
1 -1 -1 1 0 0 0 0 0 0 0
1 -1 -1 -1 0 0 0 0 0 0 0
-1 1 1 1 0 0 0 0 0 0 0
-1 1 1 -1 0 0 0 0 0 0 0
-1 1 -1 1 0 0 0 0 0 0 0
-1 1 -1 -1 0 0 0 0 0 0 0
-1 -1 1 1 0 0 0 0 0 0 0
-1 -1 1 -1 0 0 0 0 0 0 0
-1 -1 -1 1 0 0 0 0 0 0 0
-1 -1 -1 -1 0 0 0 0 0 0 0
1 1 0 0 1 1 0 0 0 0 0
1 1 0 0 1 -1 0 0 0 0 0
1 1 0 0 -1 1 0 0 0 0 0
1 1 0 0 -1 -1 0 0 0 0 0
1 -1 0 0 1 1 0 0 0 0 0
1 -1 0 0 1 -1 0 0 0 0 0
1 -1 0 0 -1 1 0 0 0 0 0
1 -1 0 0 -1 -1 0 0 0 0 0
-1 1 0 0 1 1 0 0 0 0 0
-1 1 0 0 1 -1 0 0 0 0 0
-1 1 0 0 -1 1 0 0 0 0 0
-1 1 0 0 -1 -1 0 0 0 0 0
-1 -1 0 0 1 1 0 0 0 0 0
-1 -1 0 0 1 -1 0 0 0 0 0
-1 -1 0 0 -1 1 0 0 0 0 0
-1 -1 0 0 -1 -1 0 0 0 0 0
1 1 0 0 0 0 1 1 0 0 0
1 1 0 0 0 0 1 -1 0 0 0
1 1 0 0 0 0 -1 1 0 0 0
1 1 0 0 0 0 -1 -1 0 0 0
1 -1 0 0 0 0 1 1 0 0 0
1 -1 0 0 0 0 1 -1 0 0 0
1 -1 0 0 0 0 -1 1 0 0 0
1 -1 0 0 0 0 -1 -1 0 0 0
-1 1 0 0 0 0 1 1 0 0 0
-1 1 0 0 0 0 1 -1 0 0 0
-1 1 0 0 0 0 -1 1 0 0 0
-1 1 0 0 0 0 -1 -1 0 0 0
-1 -1 0 0 0 0 1 1 0 0 0
-1 -1 0 0 0 0 1 -1 0 0 0
-1 -1 0 0 0 0 -1 1 0 0 0
-1 -1 0 0 0 0 -1 -1 0 0 0
0 0 1 1 1 1 0 0 0 0 0
0 0 1 1 1 -1 0 0 0 0 0
0 0 1 1 -1 1 0 0 0 0 0
0 0 1 1 -1 -1 0 0 0 0 0
0 0 1 -1 1 1 0 0 0 0 0
0 0 1 -1 1 -1 0 0 0 0 0
0 0 1 -1 -1 1 0 0 0 0 0
0 0 1 -1 -1 -1 0 0 0 0 0
0 0 -1 1 1 1 0 0 0 0 0
0 0 -1 1 1 -1 0 0 0 0 0
0 0 -1 1 -1 1 0 0 0 0 0
0 0 -1 1 -1 -1 0 0 0 0 0
0 0 -1 -1 1 1 0 0 0 0 0
0 0 -1 -1 1 -1 0 0 0 0 0
0 0 -1 -1 -1 1 0 0 0 0 0
0 0 -1 -1 -1 -1 0 0 0 0 0
0 0 1 1 0 0 1 1 0 0 0
0 0 1 1 0 0 1 -1 0 0 0
0 0 1 1 0 0 -1 1 0 0 0
0 0 1 1 0 0 -1 -1 0 0 0
0 0 1 -1 0 0 1 1 0 0 0
0 0 1 -1 0 0 1 -1 0 0 0
0 0 1 -1 0 0 -1 1 0 0 0
0 0 1 -1 0 0 -1 -1 0 0 0
0 0 -1 1 0 0 1 1 0 0 0
0 0 -1 1 0 0 1 -1 0 0 0
0 0 -1 1 0 0 -1 1 0 0 0
0 0 -1 1 0 0 -1 -1 0 0 0
0 0 -1 -1 0 0 1 1 0 0 0
0 0 -1 -1 0 0 1 -1 0 0 0
0 0 -1 -1 0 0 -1 1 0 0 0
0 0 -1 -1 0 0 -1 -1 0 0 0
0 0 0 0 1 1 1 1 0 0 0
0 0 0 0 1 1 1 -1 0 0 0
0 0 0 0 1 1 -1 1 0 0 0
0 0 0 0 1 1 -1 -1 0 0 0
0 0 0 0 1 -1 1 1 0 0 0
0 0 0 0 1 -1 1 -1 0 0 0
0 0 0 0 1 -1 -1 1 0 0 0
0 0 0 0 1 -1 -1 -1 0 0 0
0 0 0 0 -1 1 1 1 0 0 0
0 0 0 0 -1 1 1 -1 0 0 0
0 0 0 0 -1 1 -1 1 0 0 0
0 0 0 0 -1 1 -1 -1 0 0 0
0 0 0 0 -1 -1 1 1 0 0 0
0 0 0 0 -1 -1 1 -1 0 0 0
0 0 0 0 -1 -1 -1 1 0 0 0
0 0 0 0 -1 -1 -1 -1 0 0 0
1 0 1 0 1 0 0 0 1 0 0
1 0 1 0 1 0 0 0 -1 0 0
1 0 1 0 -1 0 0 0 1 0 0
1 0 1 0 -1 0 0 0 -1 0 0
1 0 -1 0 1 0 0 0 1 0 0
1 0 -1 0 1 0 0 0 -1 0 0
1 0 -1 0 -1 0 0 0 1 0 0
1 0 -1 0 -1 0 0 0 -1 0 0
-1 0 1 0 1 0 0 0 1 0 0
-1 0 1 0 1 0 0 0 -1 0 0
-1 0 1 0 -1 0 0 0 1 0 0
-1 0 1 0 -1 0 0 0 -1 0 0
-1 0 -1 0 1 0 0 0 1 0 0
-1 0 -1 0 1 0 0 0 -1 0 0
-1 0 -1 0 -1 0 0 0 1 0 0
-1 0 -1 0 -1 0 0 0 -1 0 0
1 0 0 1 0 0 1 0 1 0 0
1 0 0 1 0 0 1 0 -1 0 0
1 0 0 1 0 0 -1 0 1 0 0
1 0 0 1 0 0 -1 0 -1 0 0
1 0 0 -1 0 0 1 0 1 0 0
1 0 0 -1 0 0 1 0 -1 0 0
1 0 0 -1 0 0 -1 0 1 0 0
1 0 0 -1 0 0 -1 0 -1 0 0
-1 0 0 1 0 0 1 0 1 0 0
-1 0 0 1 0 0 1 0 -1 0 0
-1 0 0 1 0 0 -1 0 1 0 0
-1 0 0 1 0 0 -1 0 -1 0 0
-1 0 0 -1 0 0 1 0 1 0 0
-1 0 0 -1 0 0 1 0 -1 0 0
-1 0 0 -1 0 0 -1 0 1 0 0
-1 0 0 -1 0 0 -1 0 -1 0 0
1 0 0 0 0 1 0 1 1 0 0
1 0 0 0 0 1 0 1 -1 0 0
1 0 0 0 0 1 0 -1 1 0 0
1 0 0 0 0 1 0 -1 -1 0 0
1 0 0 0 0 -1 0 1 1 0 0
1 0 0 0 0 -1 0 1 -1 0 0
1 0 0 0 0 -1 0 -1 1 0 0
1 0 0 0 0 -1 0 -1 -1 0 0
-1 0 0 0 0 1 0 1 1 0 0
-1 0 0 0 0 1 0 1 -1 0 0
-1 0 0 0 0 1 0 -1 1 0 0
-1 0 0 0 0 1 0 -1 -1 0 0
-1 0 0 0 0 -1 0 1 1 0 0
-1 0 0 0 0 -1 0 1 -1 0 0
-1 0 0 0 0 -1 0 -1 1 0 0
-1 0 0 0 0 -1 0 -1 -1 0 0
0 1 1 0 0 0 0 1 1 0 0
0 1 1 0 0 0 0 1 -1 0 0
0 1 1 0 0 0 0 -1 1 0 0
0 1 1 0 0 0 0 -1 -1 0 0
0 1 -1 0 0 0 0 1 1 0 0
0 1 -1 0 0 0 0 1 -1 0 0
0 1 -1 0 0 0 0 -1 1 0 0
0 1 -1 0 0 0 0 -1 -1 0 0
0 -1 1 0 0 0 0 1 1 0 0
0 -1 1 0 0 0 0 1 -1 0 0
0 -1 1 0 0 0 0 -1 1 0 0
0 -1 1 0 0 0 0 -1 -1 0 0
0 -1 -1 0 0 0 0 1 1 0 0
0 -1 -1 0 0 0 0 1 -1 0 0
0 -1 -1 0 0 0 0 -1 1 0 0
0 -1 -1 0 0 0 0 -1 -1 0 0
0 1 0 1 0 1 0 0 1 0 0
0 1 0 1 0 1 0 0 -1 0 0
0 1 0 1 0 -1 0 0 1 0 0
0 1 0 1 0 -1 0 0 -1 0 0
0 1 0 -1 0 1 0 0 1 0 0
0 1 0 -1 0 1 0 0 -1 0 0
0 1 0 -1 0 -1 0 0 1 0 0
0 1 0 -1 0 -1 0 0 -1 0 0
0 -1 0 1 0 1 0 0 1 0 0
0 -1 0 1 0 1 0 0 -1 0 0
0 -1 0 1 0 -1 0 0 1 0 0
0 -1 0 1 0 -1 0 0 -1 0 0
0 -1 0 -1 0 1 0 0 1 0 0
0 -1 0 -1 0 1 0 0 -1 0 0
0 -1 0 -1 0 -1 0 0 1 0 0
0 -1 0 -1 0 -1 0 0 -1 0 0
0 1 0 0 1 0 1 0 1 0 0
0 1 0 0 1 0 1 0 -1 0 0
0 1 0 0 1 0 -1 0 1 0 0
0 1 0 0 1 0 -1 0 -1 0 0
0 1 0 0 -1 0 1 0 1 0 0
0 1 0 0 -1 0 1 0 -1 0 0
0 1 0 0 -1 0 -1 0 1 0 0
0 1 0 0 -1 0 -1 0 -1 0 0
0 -1 0 0 1 0 1 0 1 0 0
0 -1 0 0 1 0 1 0 -1 0 0
0 -1 0 0 1 0 -1 0 1 0 0
0 -1 0 0 1 0 -1 0 -1 0 0
0 -1 0 0 -1 0 1 0 1 0 0
0 -1 0 0 -1 0 1 0 -1 0 0
0 -1 0 0 -1 0 -1 0 1 0 0
0 -1 0 0 -1 0 -1 0 -1 0 0
0 0 1 0 0 1 1 0 1 0 0
0 0 1 0 0 1 1 0 -1 0 0
0 0 1 0 0 1 -1 0 1 0 0
0 0 1 0 0 1 -1 0 -1 0 0
0 0 1 0 0 -1 1 0 1 0 0
0 0 1 0 0 -1 1 0 -1 0 0
0 0 1 0 0 -1 -1 0 1 0 0
0 0 1 0 0 -1 -1 0 -1 0 0
0 0 -1 0 0 1 1 0 1 0 0
0 0 -1 0 0 1 1 0 -1 0 0
0 0 -1 0 0 1 -1 0 1 0 0
0 0 -1 0 0 1 -1 0 -1 0 0
0 0 -1 0 0 -1 1 0 1 0 0
0 0 -1 0 0 -1 1 0 -1 0 0
0 0 -1 0 0 -1 -1 0 1 0 0
0 0 -1 0 0 -1 -1 0 -1 0 0
0 0 0 1 1 0 0 1 1 0 0
0 0 0 1 1 0 0 1 -1 0 0
0 0 0 1 1 0 0 -1 1 0 0
0 0 0 1 1 0 0 -1 -1 0 0
0 0 0 1 -1 0 0 1 1 0 0
0 0 0 1 -1 0 0 1 -1 0 0
0 0 0 1 -1 0 0 -1 1 0 0
0 0 0 1 -1 0 0 -1 -1 0 0
0 0 0 -1 1 0 0 1 1 0 0
0 0 0 -1 1 0 0 1 -1 0 0
0 0 0 -1 1 0 0 -1 1 0 0
0 0 0 -1 1 0 0 -1 -1 0 0
0 0 0 -1 -1 0 0 1 1 0 0
0 0 0 -1 -1 0 0 1 -1 0 0
0 0 0 -1 -1 0 0 -1 1 0 0
0 0 0 -1 -1 0 0 -1 -1 0 0
1 0 1 0 0 1 0 0 0 1 0
1 0 1 0 0 1 0 0 0 -1 0
1 0 1 0 0 -1 0 0 0 1 0
1 0 1 0 0 -1 0 0 0 -1 0
1 0 -1 0 0 1 0 0 0 1 0
1 0 -1 0 0 1 0 0 0 -1 0
1 0 -1 0 0 -1 0 0 0 1 0
1 0 -1 0 0 -1 0 0 0 -1 0
-1 0 1 0 0 1 0 0 0 1 0
-1 0 1 0 0 1 0 0 0 -1 0
-1 0 1 0 0 -1 0 0 0 1 0
-1 0 1 0 0 -1 0 0 0 -1 0
-1 0 -1 0 0 1 0 0 0 1 0
-1 0 -1 0 0 1 0 0 0 -1 0
-1 0 -1 0 0 -1 0 0 0 1 0
-1 0 -1 0 0 -1 0 0 0 -1 0
1 0 0 1 0 0 0 1 0 1 0
1 0 0 1 0 0 0 1 0 -1 0
1 0 0 1 0 0 0 -1 0 1 0
1 0 0 1 0 0 0 -1 0 -1 0
1 0 0 -1 0 0 0 1 0 1 0
1 0 0 -1 0 0 0 1 0 -1 0
1 0 0 -1 0 0 0 -1 0 1 0
1 0 0 -1 0 0 0 -1 0 -1 0
-1 0 0 1 0 0 0 1 0 1 0
-1 0 0 1 0 0 0 1 0 -1 0
-1 0 0 1 0 0 0 -1 0 1 0
-1 0 0 1 0 0 0 -1 0 -1 0
-1 0 0 -1 0 0 0 1 0 1 0
-1 0 0 -1 0 0 0 1 0 -1 0
-1 0 0 -1 0 0 0 -1 0 1 0
-1 0 0 -1 0 0 0 -1 0 -1 0
1 0 0 0 1 0 1 0 0 1 0
1 0 0 0 1 0 1 0 0 -1 0
1 0 0 0 1 0 -1 0 0 1 0
1 0 0 0 1 0 -1 0 0 -1 0
1 0 0 0 -1 0 1 0 0 1 0
1 0 0 0 -1 0 1 0 0 -1 0
1 0 0 0 -1 0 -1 0 0 1 0
1 0 0 0 -1 0 -1 0 0 -1 0
-1 0 0 0 1 0 1 0 0 1 0
-1 0 0 0 1 0 1 0 0 -1 0
-1 0 0 0 1 0 -1 0 0 1 0
-1 0 0 0 1 0 -1 0 0 -1 0
-1 0 0 0 -1 0 1 0 0 1 0
-1 0 0 0 -1 0 1 0 0 -1 0
-1 0 0 0 -1 0 -1 0 0 1 0
-1 0 0 0 -1 0 -1 0 0 -1 0
0 1 1 0 0 0 1 0 0 1 0
0 1 1 0 0 0 1 0 0 -1 0
0 1 1 0 0 0 -1 0 0 1 0
0 1 1 0 0 0 -1 0 0 -1 0
0 1 -1 0 0 0 1 0 0 1 0
0 1 -1 0 0 0 1 0 0 -1 0
0 1 -1 0 0 0 -1 0 0 1 0
0 1 -1 0 0 0 -1 0 0 -1 0
0 -1 1 0 0 0 1 0 0 1 0
0 -1 1 0 0 0 1 0 0 -1 0
0 -1 1 0 0 0 -1 0 0 1 0
0 -1 1 0 0 0 -1 0 0 -1 0
0 -1 -1 0 0 0 1 0 0 1 0
0 -1 -1 0 0 0 1 0 0 -1 0
0 -1 -1 0 0 0 -1 0 0 1 0
0 -1 -1 0 0 0 -1 0 0 -1 0
0 1 0 1 1 0 0 0 0 1 0
0 1 0 1 1 0 0 0 0 -1 0
0 1 0 1 -1 0 0 0 0 1 0
0 1 0 1 -1 0 0 0 0 -1 0
0 1 0 -1 1 0 0 0 0 1 0
0 1 0 -1 1 0 0 0 0 -1 0
0 1 0 -1 -1 0 0 0 0 1 0
0 1 0 -1 -1 0 0 0 0 -1 0
0 -1 0 1 1 0 0 0 0 1 0
0 -1 0 1 1 0 0 0 0 -1 0
0 -1 0 1 -1 0 0 0 0 1 0
0 -1 0 1 -1 0 0 0 0 -1 0
0 -1 0 -1 1 0 0 0 0 1 0
0 -1 0 -1 1 0 0 0 0 -1 0
0 -1 0 -1 -1 0 0 0 0 1 0
0 -1 0 -1 -1 0 0 0 0 -1 0
0 1 0 0 0 1 0 1 0 1 0
0 1 0 0 0 1 0 1 0 -1 0
0 1 0 0 0 1 0 -1 0 1 0
0 1 0 0 0 1 0 -1 0 -1 0
0 1 0 0 0 -1 0 1 0 1 0
0 1 0 0 0 -1 0 1 0 -1 0
0 1 0 0 0 -1 0 -1 0 1 0
0 1 0 0 0 -1 0 -1 0 -1 0
0 -1 0 0 0 1 0 1 0 1 0
0 -1 0 0 0 1 0 1 0 -1 0
0 -1 0 0 0 1 0 -1 0 1 0
0 -1 0 0 0 1 0 -1 0 -1 0
0 -1 0 0 0 -1 0 1 0 1 0
0 -1 0 0 0 -1 0 1 0 -1 0
0 -1 0 0 0 -1 0 -1 0 1 0
0 -1 0 0 0 -1 0 -1 0 -1 0
0 0 1 0 1 0 0 1 0 1 0
0 0 1 0 1 0 0 1 0 -1 0
0 0 1 0 1 0 0 -1 0 1 0
0 0 1 0 1 0 0 -1 0 -1 0
0 0 1 0 -1 0 0 1 0 1 0
0 0 1 0 -1 0 0 1 0 -1 0
0 0 1 0 -1 0 0 -1 0 1 0
0 0 1 0 -1 0 0 -1 0 -1 0
0 0 -1 0 1 0 0 1 0 1 0
0 0 -1 0 1 0 0 1 0 -1 0
0 0 -1 0 1 0 0 -1 0 1 0
0 0 -1 0 1 0 0 -1 0 -1 0
0 0 -1 0 -1 0 0 1 0 1 0
0 0 -1 0 -1 0 0 1 0 -1 0
0 0 -1 0 -1 0 0 -1 0 1 0
0 0 -1 0 -1 0 0 -1 0 -1 0
0 0 0 1 0 1 1 0 0 1 0
0 0 0 1 0 1 1 0 0 -1 0
0 0 0 1 0 1 -1 0 0 1 0
0 0 0 1 0 1 -1 0 0 -1 0
0 0 0 1 0 -1 1 0 0 1 0
0 0 0 1 0 -1 1 0 0 -1 0
0 0 0 1 0 -1 -1 0 0 1 0
0 0 0 1 0 -1 -1 0 0 -1 0
0 0 0 -1 0 1 1 0 0 1 0
0 0 0 -1 0 1 1 0 0 -1 0
0 0 0 -1 0 1 -1 0 0 1 0
0 0 0 -1 0 1 -1 0 0 -1 0
0 0 0 -1 0 -1 1 0 0 1 0
0 0 0 -1 0 -1 1 0 0 -1 0
0 0 0 -1 0 -1 -1 0 0 1 0
0 0 0 -1 0 -1 -1 0 0 -1 0
1 0 1 0 0 0 1 0 0 0 1
1 0 1 0 0 0 1 0 0 0 -1
1 0 1 0 0 0 -1 0 0 0 1
1 0 1 0 0 0 -1 0 0 0 -1
1 0 -1 0 0 0 1 0 0 0 1
1 0 -1 0 0 0 1 0 0 0 -1
1 0 -1 0 0 0 -1 0 0 0 1
1 0 -1 0 0 0 -1 0 0 0 -1
-1 0 1 0 0 0 1 0 0 0 1
-1 0 1 0 0 0 1 0 0 0 -1
-1 0 1 0 0 0 -1 0 0 0 1
-1 0 1 0 0 0 -1 0 0 0 -1
-1 0 -1 0 0 0 1 0 0 0 1
-1 0 -1 0 0 0 1 0 0 0 -1
-1 0 -1 0 0 0 -1 0 0 0 1
-1 0 -1 0 0 0 -1 0 0 0 -1
1 0 0 1 0 1 0 0 0 0 1
1 0 0 1 0 1 0 0 0 0 -1
1 0 0 1 0 -1 0 0 0 0 1
1 0 0 1 0 -1 0 0 0 0 -1
1 0 0 -1 0 1 0 0 0 0 1
1 0 0 -1 0 1 0 0 0 0 -1
1 0 0 -1 0 -1 0 0 0 0 1
1 0 0 -1 0 -1 0 0 0 0 -1
-1 0 0 1 0 1 0 0 0 0 1
-1 0 0 1 0 1 0 0 0 0 -1
-1 0 0 1 0 -1 0 0 0 0 1
-1 0 0 1 0 -1 0 0 0 0 -1
-1 0 0 -1 0 1 0 0 0 0 1
-1 0 0 -1 0 1 0 0 0 0 -1
-1 0 0 -1 0 -1 0 0 0 0 1
-1 0 0 -1 0 -1 0 0 0 0 -1
1 0 0 0 1 0 0 1 0 0 1
1 0 0 0 1 0 0 1 0 0 -1
1 0 0 0 1 0 0 -1 0 0 1
1 0 0 0 1 0 0 -1 0 0 -1
1 0 0 0 -1 0 0 1 0 0 1
1 0 0 0 -1 0 0 1 0 0 -1
1 0 0 0 -1 0 0 -1 0 0 1
1 0 0 0 -1 0 0 -1 0 0 -1
-1 0 0 0 1 0 0 1 0 0 1
-1 0 0 0 1 0 0 1 0 0 -1
-1 0 0 0 1 0 0 -1 0 0 1
-1 0 0 0 1 0 0 -1 0 0 -1
-1 0 0 0 -1 0 0 1 0 0 1
-1 0 0 0 -1 0 0 1 0 0 -1
-1 0 0 0 -1 0 0 -1 0 0 1
-1 0 0 0 -1 0 0 -1 0 0 -1
0 1 1 0 1 0 0 0 0 0 1
0 1 1 0 1 0 0 0 0 0 -1
0 1 1 0 -1 0 0 0 0 0 1
0 1 1 0 -1 0 0 0 0 0 -1
0 1 -1 0 1 0 0 0 0 0 1
0 1 -1 0 1 0 0 0 0 0 -1
0 1 -1 0 -1 0 0 0 0 0 1
0 1 -1 0 -1 0 0 0 0 0 -1
0 -1 1 0 1 0 0 0 0 0 1
0 -1 1 0 1 0 0 0 0 0 -1
0 -1 1 0 -1 0 0 0 0 0 1
0 -1 1 0 -1 0 0 0 0 0 -1
0 -1 -1 0 1 0 0 0 0 0 1
0 -1 -1 0 1 0 0 0 0 0 -1
0 -1 -1 0 -1 0 0 0 0 0 1
0 -1 -1 0 -1 0 0 0 0 0 -1
0 1 0 1 0 0 0 1 0 0 1
0 1 0 1 0 0 0 1 0 0 -1
0 1 0 1 0 0 0 -1 0 0 1
0 1 0 1 0 0 0 -1 0 0 -1
0 1 0 -1 0 0 0 1 0 0 1
0 1 0 -1 0 0 0 1 0 0 -1
0 1 0 -1 0 0 0 -1 0 0 1
0 1 0 -1 0 0 0 -1 0 0 -1
0 -1 0 1 0 0 0 1 0 0 1
0 -1 0 1 0 0 0 1 0 0 -1
0 -1 0 1 0 0 0 -1 0 0 1
0 -1 0 1 0 0 0 -1 0 0 -1
0 -1 0 -1 0 0 0 1 0 0 1
0 -1 0 -1 0 0 0 1 0 0 -1
0 -1 0 -1 0 0 0 -1 0 0 1
0 -1 0 -1 0 0 0 -1 0 0 -1
0 1 0 0 0 1 1 0 0 0 1
0 1 0 0 0 1 1 0 0 0 -1
0 1 0 0 0 1 -1 0 0 0 1
0 1 0 0 0 1 -1 0 0 0 -1
0 1 0 0 0 -1 1 0 0 0 1
0 1 0 0 0 -1 1 0 0 0 -1
0 1 0 0 0 -1 -1 0 0 0 1
0 1 0 0 0 -1 -1 0 0 0 -1
0 -1 0 0 0 1 1 0 0 0 1
0 -1 0 0 0 1 1 0 0 0 -1
0 -1 0 0 0 1 -1 0 0 0 1
0 -1 0 0 0 1 -1 0 0 0 -1
0 -1 0 0 0 -1 1 0 0 0 1
0 -1 0 0 0 -1 1 0 0 0 -1
0 -1 0 0 0 -1 -1 0 0 0 1
0 -1 0 0 0 -1 -1 0 0 0 -1
0 0 1 0 0 1 0 1 0 0 1
0 0 1 0 0 1 0 1 0 0 -1
0 0 1 0 0 1 0 -1 0 0 1
0 0 1 0 0 1 0 -1 0 0 -1
0 0 1 0 0 -1 0 1 0 0 1
0 0 1 0 0 -1 0 1 0 0 -1
0 0 1 0 0 -1 0 -1 0 0 1
0 0 1 0 0 -1 0 -1 0 0 -1
0 0 -1 0 0 1 0 1 0 0 1
0 0 -1 0 0 1 0 1 0 0 -1
0 0 -1 0 0 1 0 -1 0 0 1
0 0 -1 0 0 1 0 -1 0 0 -1
0 0 -1 0 0 -1 0 1 0 0 1
0 0 -1 0 0 -1 0 1 0 0 -1
0 0 -1 0 0 -1 0 -1 0 0 1
0 0 -1 0 0 -1 0 -1 0 0 -1
0 0 0 1 1 0 1 0 0 0 1
0 0 0 1 1 0 1 0 0 0 -1
0 0 0 1 1 0 -1 0 0 0 1
0 0 0 1 1 0 -1 0 0 0 -1
0 0 0 1 -1 0 1 0 0 0 1
0 0 0 1 -1 0 1 0 0 0 -1
0 0 0 1 -1 0 -1 0 0 0 1
0 0 0 1 -1 0 -1 0 0 0 -1
0 0 0 -1 1 0 1 0 0 0 1
0 0 0 -1 1 0 1 0 0 0 -1
0 0 0 -1 1 0 -1 0 0 0 1
0 0 0 -1 1 0 -1 0 0 0 -1
0 0 0 -1 -1 0 1 0 0 0 1
0 0 0 -1 -1 0 1 0 0 0 -1
0 0 0 -1 -1 0 -1 0 0 0 1
0 0 0 -1 -1 0 -1 0 0 0 -1
0 0 0 0 -1 -1 0 0 -1 0 1
0 0 -1 -1 0 0 0 0 -1 1 0
0 0 0 0 0 0 0 0 0 0 -2
-1 -1 0 0 0 0 0 0 -0.70710678118654757 0.70710678118654757 -1
0 0 0 0 1 -1 0 0 -0.70710678118654757 -0.70710678118654757 1
0 0 -1 -1 0 0 0 0 1 -1 0
0 0 0 0 0 0 -1 -1 -0.70710678118654757 -1 -0.70710678118654757
0 0 0 0 0 0 0 0 0 -2 0
0 0 0 0 0 0 -1 1 0.70710678118654757 -0.70710678118654757 1
-1 1 0 0 0 0 0 0 -1 0 -1
0 0 0 0 0 0 1 -1 0.70710678118654757 1 0.70710678118654757
0 0 0 0 -1 1 0 0 -1 -1 0
0 0 0 0 0 0 -1 -1 0.70710678118654757 1 0.70710678118654757
0 0 0 0 1 1 0 0 0 1 -1
0 0 -1 -1 0 0 0 0 0.70710678118654757 0.70710678118654757 1
1 -1 0 0 0 0 0 0 -0.70710678118654757 -1 -0.70710678118654757
0 0 0 0 0 0 1 1 -0.70710678118654757 -0.70710678118654757 -1
0 0 0 0 0 0 -1 -1 -0.70710678118654757 1 -0.70710678118654757
-1 -1 0 0 0 0 0 0 -0.70710678118654757 0.70710678118654757 1
-1 -1 0 0 0 0 0 0 0.70710678118654757 -0.70710678118654757 -1
0 0 0 0 0 0 -1 1 -1 -1 0
1 1 0 0 0 0 0 0 -1 0.70710678118654757 -0.70710678118654757
0 0 0 0 1 -1 0 0 1 -1 0
0 0 0 0 0 0 1 1 -0.70710678118654757 -0.70710678118654757 1
0 0 0 0 1 -1 0 0 -1 1 0
1 -1 0 0 0 0 0 0 0.70710678118654757 1 0.70710678118654757
0 0 0 0 -1 -1 0 0 -0.70710678118654757 1 -0.70710678118654757
0 0 0 0 0 0 -1 -1 -1 0 1
0 0 0 0 0 0 0 0 0 2 0
0 0 0 0 0 0 1 -1 -0.70710678118654757 -1 -0.70710678118654757
0 0 1 1 0 0 0 0 -0.70710678118654757 -0.70710678118654757 1
0 0 0 0 -1 1 0 0 -0.70710678118654757 0.70710678118654757 -1
0 0 0 0 0 0 -1 -1 0.70710678118654757 -1 0.70710678118654757
0 0 0 0 -1 -1 0 0 -0.70710678118654757 -1 -0.70710678118654757
1 1 0 0 0 0 0 0 0 -1 -1
0 0 -1 1 0 0 0 0 -0.70710678118654757 0.70710678118654757 -1
1 -1 0 0 0 0 0 0 1 0 -1
0 0 0 0 -1 1 0 0 -0.70710678118654757 0.70710678118654757 1
0 0 0 0 0 0 1 1 0.70710678118654757 0.70710678118654757 -1
0 0 0 0 -1 -1 0 0 0.70710678118654757 -1 0.70710678118654757
0 0 0 0 1 1 0 0 1 0.70710678118654757 0.70710678118654757
0 0 0 0 0 0 1 -1 1 0 -1
0 0 0 0 1 -1 0 0 0.70710678118654757 0.70710678118654757 1
0 0 -1 1 0 0 0 0 -0.70710678118654757 0.70710678118654757 1
0 0 0 0 -1 1 0 0 0.70710678118654757 -0.70710678118654757 1
-1 1 0 0 0 0 0 0 0.70710678118654757 1 -0.70710678118654757
0 0 1 -1 0 0 0 0 -0.70710678118654757 0.70710678118654757 1
-1 1 0 0 0 0 0 0 -0.70710678118654757 -1 0.70710678118654757
0 0 -1 -1 0 0 0 0 0.70710678118654757 0.70710678118654757 -1
0 0 0 0 0 0 1 1 -1 1 0
0 0 0 0 1 1 0 0 -1 0.70710678118654757 0.70710678118654757
0 0 -1 -1 0 0 0 0 -0.70710678118654757 -0.70710678118654757 1
0 0 0 0 0 0 0 0 0 0 2
0 0 1 -1 0 0 0 0 1 1 0
-1 -1 0 0 0 0 0 0 -1 -1 0
0 0 -1 1 0 0 0 0 0.70710678118654757 -0.70710678118654757 1
0 0 -1 1 0 0 0 0 -1 -1 0
0 0 0 0 1 1 0 0 0 -1 1
0 0 0 0 0 0 0 0 -2 0 0
0 0 0 0 0 0 -1 1 1 1 0
1 1 0 0 0 0 0 0 1 -0.70710678118654757 0.70710678118654757
-1 1 0 0 0 0 0 0 1 0 1
0 0 -1 1 0 0 0 0 0.70710678118654757 -0.70710678118654757 -1
0 0 0 0 0 0 1 -1 -0.70710678118654757 1 -0.70710678118654757
0 0 0 0 0 0 -1 1 -0.70710678118654757 0.70710678118654757 -1
0 0 0 0 -1 1 0 0 1 1 0
0 0 0 0 0 0 1 1 1 -1 0
1 1 0 0 0 0 0 0 -1 -0.70710678118654757 0.70710678118654757
1 -1 0 0 0 0 0 0 -0.70710678118654757 1 -0.70710678118654757
1 -1 0 0 0 0 0 0 -1 0 1
0 0 0 0 1 1 0 0 1 -0.70710678118654757 -0.70710678118654757
0 0 0 0 -1 1 0 0 0.70710678118654757 -0.70710678118654757 -1
0 0 0 0 -1 -1 0 0 0.70710678118654757 1 0.70710678118654757
-1 1 0 0 0 0 0 0 -0.70710678118654757 1 0.70710678118654757
0 0 0 0 1 -1 0 0 -0.70710678118654757 -0.70710678118654757 -1
0 0 -1 -1 0 0 0 0 -0.70710678118654757 -0.70710678118654757 -1
0 0 0 0 0 0 1 -1 -1 0 1
0 0 0 0 0 0 1 1 0.70710678118654757 0.70710678118654757 1
0 0 -1 1 0 0 0 0 1 1 0
-1 1 0 0 0 0 0 0 0.70710678118654757 -1 -0.70710678118654757
0 0 0 0 0 0 -1 -1 1 0 -1
0 0 0 0 0 0 0 0 2 0 0
0 0 1 -1 0 0 0 0 0.70710678118654757 -0.70710678118654757 1
1 1 0 0 0 0 0 0 1 0.70710678118654757 -0.70710678118654757
0 0 1 1 0 0 0 0 -0.70710678118654757 -0.70710678118654757 -1
0 0 0 0 1 1 0 0 -1 -0.70710678118654757 -0.70710678118654757
0 0 0 0 0 0 1 -1 0.70710678118654757 -1 0.70710678118654757
0 0 0 0 0 0 -1 1 0.70710678118654757 -0.70710678118654757 -1
0 0 1 -1 0 0 0 0 0.70710678118654757 -0.70710678118654757 -1
1 1 0 0 0 0 0 0 0 1 1
0 0 1 -1 0 0 0 0 -1 -1 0
0 0 1 -1 0 0 0 0 -0.70710678118654757 0.70710678118654757 -1
0 0 0 0 0 0 -1 1 -0.70710678118654757 0.70710678118654757 1
1 -1 0 0 0 0 0 0 0.70710678118654757 -1 0.70710678118654757
0 0 0 0 -1 -1 0 0 1 0 -1
-1 -1 0 0 0 0 0 0 1 1 0
0 0 0 0 1 -1 0 0 0.70710678118654757 0.70710678118654757 -1
-1 -1 0 0 0 0 0 0 0.70710678118654757 -0.70710678118654757 1
0 0 1 1 0 0 0 0 1 -1 0
0 0 1 1 0 0 0 0 -1 1 0
0 0 1 1 0 0 0 0 0.70710678118654757 0.70710678118654757 -1
0 0 1 1 0 0 0 0 0.70710678118654757 0.70710678118654757 1
